-1 -2020 8136 10988 916 170 379 0
-1 -1896 9048 10192 1155 386 735 0
-1 -1524 9652 10280 -108 425 902 0
-1 -1632 8624 10488 -425 390 1039 0
-1 -1792 8524 10724 -13 -129 1036 0
-1 -1712 8816 10608 178 -356 1136 0
-1 -1420 8660 10640 170 -248 1085 0
-1 -1448 8500 10740 531 -231 1197 0
-1 -1316 8792 10460 541 -472 1089 0
-1 -1192 8712 10588 261 -226 1367 0
-1 -824 8936 10608 81 -95 1321 0
-1 -972 8696 10820 80 -59 1193 0
-1 -1044 8824 10472 564 -396 845 0
-1 -956 9104 10380 819 -623 879 0
-1 -748 9648 10524 330 -504 965 0
-1 -1380 9708 10976 -1307 -536 1277 0
-1 -1860 9040 10628 -1781 -776 1228 0
-1 -1860 8740 9904 -1239 -148 1298 0
-1 -1100 8896 10124 -1081 -307 1421 0
-1 1400 8692 9812 -1312 886 1534 0
-1 3060 7552 11480 -1970 1324 341 0
-1 2156 6000 13452 -3835 715 129 0
-1 1796 4844 11108 1097 1205 -389 0
-1 164 8476 11616 3909 2445 160 0
-1 -616 8116 11444 252 3060 1359 0
-1 -1608 6784 11000 2428 2938 540 0
-1 -1700 8308 10836 4291 2721 -198 0
-1 -1548 8448 10352 5527 3677 -431 0
-1 -1552 8844 10224 4539 3213 -1347 0
-1 -2400 9716 9784 6515 2808 -2586 0
-1 -2692 9784 8996 7864 2990 -3744 0
-1 -3616 11516 8164 8807 3677 -4450 0
-1 -4324 11868 7100 6711 5990 -4093 0
-1 -5176 14536 5580 5009 8845 -2284 1
-1 -6884 11332 6980 331 11129 -1724 1
-1 -8284 10660 8092 4699 9250 -1982 1
-1 -8684 11208 5572 4871 8298 -3100 1
-1 -9824 13268 2128 6607 7620 -2197 1
-1 -9728 11820 1632 1411 7995 -4907 1
-1 -10568 11360 1500 5315 4277 -5295 1
-1 -10920 9552 -60 5191 3335 -6142 1
-1 -11544 10312 32 7677 2240 -6963 1
-1 -11372 9388 -172 5614 1125 -7421 1
-1 -13132 7880 -1888 7027 56 -8914 1
-1 -13604 8060 -2596 11328 -849 -8878 1
-1 -14184 8172 -2304 5704 718 -9572 1
-1 -16960 7836 -3388 4390 1168 -8905 1
-1 -15208 7328 -2332 4380 -222 -5405 1
-1 -14684 6164 -1912 -527 -2734 -3418 1
-1 -13552 4568 -2232 772 -5668 -1063 1
-1 -13492 4812 -2448 2526 -7690 1452 1
-1 -13376 4952 -2428 1323 -7385 2374 1
-1 -12868 3872 -1352 735 -7095 3761 1
-1 -11124 3348 -1596 1579 -5600 2022 1
-1 -9780 4428 -1140 5138 -2155 -2275 1
-1 -10688 5432 472 4825 946 -7068 1
-1 -13236 4700 -360 7824 2298 -9666 1
-1 -15964 6768 -336 14086 1276 -8883 1
-1 -16208 7176 208 13351 392 -4406 1
-1 -15712 6916 716 8221 150 2424 1
-1 -15428 6020 404 3452 -272 5904 1
-1 -13528 5256 -100 4471 -483 5774 1
-1 -14296 6688 -572 35 1543 3271 1
-1 -15448 4824 -1592 -6964 2397 1075 1
-1 -14148 3508 -1784 -3547 1412 -367 1
-1 -15672 5956 -2336 470 151 -528 1
-1 -15360 6064 -2168 -138 -485 -1845 1
-1 -14812 5672 -2296 -78 -1057 -1676 1
-1 -15256 5548 -2012 18 -1766 -1455 1
-1 -14372 5252 -2068 1752 -2741 -672 1
-1 -13928 5728 -1968 2840 -3245 -238 1
-1 -14104 5660 -2112 3683 -3365 -1137 1
-1 -13188 5804 -2384 4813 -2520 -1194 1
-1 -13828 6700 -1908 2098 -319 -892 1
-1 -13188 6032 -1260 -31 1138 211 1
-1 -13232 5656 -864 -873 1932 996 1
-1 -15160 4848 384 455 1903 537 1
-1 -15464 4324 2840 7642 -465 921 1
-1 -14720 5388 2084 7614 -1893 741 1
-1 -13732 7892 -588 -2431 -30 -250 1
-1 -13776 5920 -1188 -6812 725 -367 1
-1 -14472 5136 -1012 -7412 389 191 1
-1 -15052 3592 -560 -5569 181 434 1
-1 -14972 3468 -68 -2894 40 105 1
-1 -14716 3908 -80 -1109 132 237 1
-1 -14640 4476 -220 676 -280 -107 1
-1 -14036 5000 -364 1196 -536 -365 1
-1 -14352 4588 -628 1132 -563 -129 1
-1 -14324 4212 -456 2415 -663 292 1
-1 -14288 4436 -164 4371 -542 124 1
-1 -14296 5412 212 4905 -122 -300 1
-1 -14384 6028 132 3063 324 -527 1
-1 -14388 6008 20 687 571 -430 1
-1 -14480 5496 268 -1168 461 -132 1
-1 -14404 5176 -368 -1716 -3 193 1
-1 -14672 4520 -748 -1229 191 276 1
-1 -14492 4612 -208 253 303 -64 1
-1 -14312 5264 -248 -498 485 -259 1
-1 -14484 5240 -352 -978 408 -282 1
-1 -14484 5136 -688 -1365 239 22 1