-1 -1420 4896 12256 -80 322 149 0
-1 -1324 5116 12380 -238 311 2 0
-1 -1644 5028 12156 -175 299 -172 0
-1 -1616 4824 12404 -116 5 -183 0
-1 -1580 4740 12416 241 -156 -180 0
-1 -1488 4984 12544 270 -173 -53 0
-1 -1312 4832 12436 260 -98 105 0
-1 -1392 4688 12540 543 -188 221 0
-1 -1500 5036 12396 415 -119 257 0
-1 -1420 5000 12608 471 -127 168 0
-1 -1340 5076 12572 232 -8 114 0
-1 -1304 4932 12592 333 38 151 0
-1 -1344 5024 12380 81 168 249 0
-1 -1384 4996 12472 310 36 253 0
-1 -1356 4928 12408 90 132 210 0
-1 -1436 4736 12308 367 57 232 0
-1 -1380 4900 12568 329 -5 170 0
-1 -1436 5088 12352 327 22 245 0
-1 -1408 4896 12540 274 117 174 0
-1 -1388 5028 12448 339 75 406 0
-1 -1488 5004 12356 306 103 340 0
-1 -1468 5168 12340 446 159 412 0
-1 -1412 5276 12332 582 188 725 0
-1 -1324 5136 12468 952 120 853 0
-1 -1004 4892 11936 963 399 852 0
-1 -1060 4772 12508 1624 334 513 0
-1 -972 4852 12192 2788 -56 734 0
-1 -1292 5072 11712 3055 -272 942 0
-1 -1472 5748 12336 3528 -1030 1128 0
-1 -1156 6352 11516 4891 -1415 1754 0
-1 -668 6964 11464 5037 -1039 2516 0
-1 100 6780 10588 5709 269 2849 0
-1 416 7940 10280 8009 1796 2366 0
-1 40 8972 11472 7715 4028 1553 0
-1 -196 11608 11268 6246 9172 1407 1
-1 -2992 13100 13244 2830 13023 2461 1
-1 -2484 6840 9680 -1693 18019 682 1
-1 -6908 10364 14764 5752 11369 -2890 1
-1 -5488 13012 4676 2063 12126 -5347 1
-1 -5960 12340 6496 4677 10528 -5233 1
-1 -7284 13032 5732 5167 9985 -5172 1
-1 -9080 9720 4196 -2573 12584 -4742 1
-1 -11220 7248 2772 2085 13830 -5071 1
-1 -12016 7596 1920 4763 13782 -6422 1
-1 -14336 9240 64 3644 13014 -8580 1
-1 -15348 7940 -676 2927 10078 -9768 1
-1 -16072 5504 -2440 7583 4846 -7194 1
-1 -14080 10260 -4500 7420 -2703 -5360 1
-1 -12600 6368 -4168 506 -4631 -1614 1
-1 -11920 6064 -4400 -915 -4663 644 1
-1 -11588 5732 -3912 5 -4006 826 1
-1 -10920 5772 -2732 1252 -3787 -611 1
-1 -12112 5732 -2084 2339 -3638 -2824 1
-1 -13900 8332 -1964 8602 -3683 -3653 1
-1 -14400 7496 -1432 8347 -2490 -3939 1
-1 -14952 8120 -1120 3815 -1147 -2060 1
-1 -14372 6268 -1088 552 -1006 224 1
-1 -14680 5996 -884 -750 -544 594 1
-1 -14044 5760 -428 -160 424 -407 1
-1 -12444 4780 -212 1909 590 -363 1
-1 -12292 5608 64 1705 1396 -1420 1
-1 -14212 3488 1104 2643 2908 -697 1
-1 -15012 6920 -52 358 1329 -2372 1
-1 -15140 5560 -1068 -4909 434 -1097 1
-1 -15796 4772 -524 -8760 1084 576 1
-1 -15216 1012 1188 -930 202 1735 1
-1 -12112 4500 68 935 368 1453 1
-1 -14904 6628 -1648 -7957 1586 227 1
-1 -14924 4312 -1376 -3011 918 302 1
-1 -13592 4472 -1948 2327 -1399 2641 1
-1 -13836 5880 -2100 2489 -2454 3382 1
-1 -13948 5856 -2372 3118 -2021 2804 1
-1 -14348 6668 -2108 2481 -188 1573 1
-1 -14224 6392 -1836 540 1490 1455 1
-1 -14848 5764 -1552 1314 1886 1667 1
-1 -14552 6132 -700 4424 1380 1682 1
-1 -14468 6748 -524 4387 213 314 1
-1 -13988 8012 -1324 1251 -465 -718 1
-1 -14276 6848 -1748 -2026 -373 -1137 1
-1 -14236 6408 -1816 -1105 -161 -905 1
-1 -13900 6628 -2152 -91 -38 -354 1
-1 -13980 6504 -1968 -216 175 -215 1
-1 -14080 6448 -1976 -100 434 -59 1
-1 -14204 6060 -1672 -535 594 13 1
-1 -14324 5788 -1316 -346 430 -137 1
-1 -14348 5780 -1488 -157 31 -460 1
-1 -14376 5760 -1296 -83 -427 -299 1
-1 -14176 5872 -1540 402 -581 -38 1
-1 -13888 6084 -1612 61 -275 -184 1
-1 -14160 6124 -1504 -145 10 -169 1
-1 -14232 6032 -1528 -366 68 23 1
-1 -14232 6000 -1224 -185 -17 122 1
-1 -14088 5980 -1500 -293 -29 169 1
-1 -14204 5968 -1336 -432 74 159 1
-1 -14304 5960 -1432 -339 26 203 1
-1 -14252 5880 -1616 -258 5 250 1
-1 -14380 5820 -1424 -307 12 363 1
-1 -14264 5728 -1664 434 -96 280 1
-1 -14136 5948 -1192 420 127 118 1
-1 -14148 6088 -1276 193 167 44 1