-1 -1240 9632 12212 1550 101 2506 0
-1 -3568 6820 12312 -2228 286 2990 0
-1 1672 5380 12468 -3394 927 4469 0
-1 -1420 4668 11932 -1043 332 3189 0
-1 -80 4796 13092 -3622 897 2109 0
-1 -1152 2320 12496 -3160 93 1170 0
-1 -104 3856 12764 -302 -516 -646 0
-1 -344 4780 13196 136 -815 -100 0
-1 -248 4456 12836 558 -588 7 0
-1 -532 3296 12756 -1359 -1089 -699 0
-1 -1836 4208 13120 -1121 -1228 -2898 0
-1 -2568 4964 13848 -3900 -2729 -3007 0
-1 -2060 1916 13096 -7506 2008 -5967 0
-1 -1980 84 10132 -3875 7228 -6275 1
-1 -348 1896 13336 1786 9014 -6679 1
-1 -420 5856 12296 13465 5008 -6540 1
-1 2400 9240 11088 3843 4373 -2468 1
-1 -1708 776 13336 -4493 3069 -1125 1
-1 -4632 3020 13004 5578 3485 -1003 1
-1 -4752 152 13088 4000 4125 -366 1
-1 -4772 7380 11672 1972 4525 -198 1
-1 -5324 3432 11900 1650 4182 220 1
-1 -3984 5248 11744 1498 3776 259 1
-1 -8076 5076 10568 566 4416 -1767 1
-1 -7248 4900 10304 1590 4437 -2222 1
-1 -6936 4452 10320 2518 5271 -2282 1
-1 -7324 4748 10144 2780 6515 -1980 1
-1 -8392 4692 9460 4281 8673 -1501 1
-1 -9404 5080 8484 3781 11027 -1672 1
-1 -10292 5888 7048 4185 11575 -2900 1
-1 -11496 5456 5780 4314 12449 -4233 1
-1 -12860 3744 4416 4231 13702 -5338 1
-1 -13400 5124 2776 3583 13923 -4130 1
-1 -14284 5080 8 2539 13148 -4269 1
-1 -15656 4444 -1484 82 11322 -6422 1
-1 -27248 5496 -3296 70 12111 -5535 1
-1 -7828 4144 -904 677 10159 -4821 1
-1 -17568 1604 -5424 1785 9565 -5048 1
-1 -13476 708 -4532 2771 9620 -7629 1
-1 -13712 1188 -5272 3019 10985 -8235 1
-1 -17904 2896 -5596 197 9876 -7070 1
-1 -20336 -128 -6464 -1690 5546 -4196 1
-1 -15120 -5100 -9420 1537 46 -2364 1
-1 -13888 -3868 -8460 1753 -2354 -2087 1
-1 -13316 -2320 -8248 7137 -3876 -1513 1
-1 -14448 -3772 -9060 6358 -3113 -2097 1
-1 -11464 -344 -7940 11792 -4041 -930 1
-1 -13148 -5508 -7616 12853 -1547 111 1
-1 -13636 -4304 -6672 8218 -1854 -1022 1
-1 -14248 -4520 -6244 2915 -877 -2174 1
-1 -16028 -3788 -5208 -4737 -719 -1342 1
-1 -14932 -4008 -4084 -1243 -3008 -930 1
-1 -14424 -6356 -5504 -148 -2082 -1421 1
-1 -15040 -5944 -5192 860 -2038 -744 1
-1 -12636 -2616 -3344 -1618 176 -2415 1
-1 -14692 -5600 -1904 -4741 208 -1638 1
-1 -14952 -5712 -3628 4305 -850 -1738 1
-1 -16228 -5572 -2984 9530 -2698 -535 1
-1 -13532 -4648 -6600 15351 -7071 6359 1
-1 -14340 -1756 -3132 14752 -6101 8249 1
-1 -14796 -1628 -1404 9909 -4216 9475 1
-1 -14380 -2276 -1040 8639 -2239 9778 1
-1 -14900 1044 -84 6295 703 8732 1
-1 -15900 -1220 -784 8069 2265 8968 1
-1 -17472 516 408 -143 2960 7372 1
-1 -16836 -1084 1828 -11397 2755 6953 1
-1 -15900 -4484 -1228 -10381 -2381 2135 1
-1 -14932 700 -628 236 -2048 2267 1
-1 -13636 3088 -2060 1543 -169 625 1
-1 -14448 3992 -1736 -1064 1713 -1671 1
-1 -16252 5272 -1328 3871 1138 -1525 1
-1 -16392 5700 -2024 789 157 62 1
-1 -16080 4408 -2228 -2206 -968 2550 1
-1 -13448 -88 -1716 3980 -889 -369 1
-1 -15316 3028 -1760 7676 -5 -3858 1
-1 -15908 2216 -556 5739 -271 -477 1
-1 -15008 3464 -1168 828 -235 3667 1
-1 -14556 3232 -140 -624 -246 2082 1
-1 -13976 2788 -116 3360 -1141 -251 1
-1 -15140 3712 -412 1877 -769 -576 1
-1 -15600 2596 -348 1410 -779 -240 1
-1 -15172 2852 -388 2291 -1115 71 1
-1 -14600 3024 -420 1124 -873 -5 1
-1 -14748 3080 -432 249 -403 52 1
-1 -14888 2788 -372 425 -475 258 1
-1 -15036 2708 -548 1667 -450 329 1
-1 -14324 3264 112 1894 -95 265 1
-1 -15224 3388 184 -913 821 100 1
-1 -15084 3088 56 -330 173 219 1
-1 -15064 3956 -432 -2144 84 767 1
-1 -14852 2736 -1148 -3075 284 583 1
-1 -14960 2632 -1096 -807 143 377 1
-1 -15272 2824 -1024 1240 -240 368 1
-1 -14952 3276 -556 2400 -397 315 1
-1 -14908 3756 -456 1592 -178 244 1
-1 -14944 3804 -444 748 -77 43 1
-1 -15040 3648 -296 277 -112 138 1
-1 -14844 3364 -364 538 -169 58 1
-1 -14776 3524 -464 614 -161 163 1
-1 -14896 3564 -464 700 -101 230 1