-1 -644 7680 11396 2935 -1217 -39 0
-1 -1708 8424 11260 1677 -823 607 0
-1 -2328 7940 11052 1219 -171 952 0
-1 -2000 7636 11812 932 -94 1230 0
-1 -1160 6976 11552 892 -613 604 0
-1 -796 7372 11472 638 -466 266 0
-1 -1012 7908 11356 736 -226 239 0
-1 -856 7320 11240 405 25 -43 0
-1 -864 8136 11240 1311 -180 -238 0
-1 -684 8516 10848 860 110 129 0
-1 -956 7736 11236 167 316 314 0
-1 -1160 7840 11264 472 84 44 0
-1 -1900 6776 11576 876 -973 -1152 0
-1 -1380 7552 10976 2438 -1976 -2770 0
-1 -708 8812 10848 1862 -1454 -2307 0
-1 -768 8720 11140 447 -146 -660 0
-1 -768 8380 10808 184 619 278 0
-1 -1008 8396 10960 68 796 397 0
-1 -1560 9000 11036 -227 780 235 0
-1 -2544 9828 12004 -2341 1909 1206 1
-1 -4208 8388 10276 -6824 3274 3704 1
-1 -4828 5428 11264 -2929 5297 4487 1
-1 -2948 6336 10480 -1049 7425 4001 1
-1 -2692 7328 11576 1493 9242 4416 1
-1 -2964 5520 10024 2055 12879 4803 1
-1 -3320 5604 9760 6375 15735 6026 1
-1 -2872 5588 11464 3579 15443 5660 1
-1 -3768 6868 11568 2022 13748 4815 1
-1 -3960 8500 8496 -820 12204 6714 1
-1 -6296 11504 5836 998 10878 8389 1
-1 -9008 16040 4084 4793 9819 8740 1
-1 -8804 14772 5908 -1908 12120 7619 1
-1 -10304 11880 7420 3113 7435 6730 1
-1 -10736 12172 5500 4227 6644 2581 1
-1 -9308 13752 3976 4448 5927 1639 1
-1 -6896 13352 -536 4975 6601 630 1
-1 -10152 13208 2460 2390 8883 1089 1
-1 -9344 12648 2468 3491 5943 -776 1
-1 -8356 12264 -188 4479 4234 -2123 1
-1 -10528 11468 716 4627 2707 -3503 1
-1 -10120 11088 -900 7382 692 -5599 1
-1 -10228 11944 -1544 7670 -880 -6570 1
-1 -9240 11000 -3356 7818 -2137 -7576 1
-1 -10280 12624 -3568 8143 -3303 -7983 1
-1 -10308 12912 -3160 752 -3215 -6212 1
-1 -11576 7996 -4596 3370 -4155 -4825 1
-1 -12188 7672 -1312 5028 -5730 -3517 1
-1 -11856 5636 -2760 5298 -6293 -4348 1
-1 -13168 7360 -1648 5406 -7802 -4461 1
-1 -12640 5872 -4272 504 -9288 -4600 1
-1 -13540 3576 -3160 4522 -7534 -4825 1
-1 -12628 6840 -1128 10678 -6437 -3236 1
-1 -13616 6440 -1280 2405 -3991 -421 1
-1 -13596 5932 -2052 2414 -2743 -36 1
-1 -13224 6148 -2384 3227 -1373 -2262 1
-1 -13184 6452 -2072 4816 695 -4819 1
-1 -14320 7360 -2052 5129 2751 -6831 1
-1 -14924 7400 -1532 3008 3753 -7186 1
-1 -14680 6820 -1836 2101 2873 -5196 1
-1 -15064 6736 -1936 3061 961 -2783 1
-1 -13840 6580 -1316 2713 -701 -1068 1
-1 -15448 6480 -2100 3347 -1999 -569 1
-1 -15968 7004 -2812 6223 -3618 103 1
-1 -11904 6220 -1604 4322 -2431 2556 1
-1 -12168 6912 -1716 -2646 142 3583 1
-1 -14368 5616 -2196 -4831 1012 2574 1
-1 -15128 3976 -1384 -4131 -373 1005 1
-1 -16680 -2084 -304 -723 -3783 -3352 1
-1 -15504 1144 -36 13818 -6930 -1669 1
-1 -16140 6128 -944 15179 -5776 -41 1
-1 -15024 6652 -1452 7486 -2072 -144 1
-1 -13272 5948 -4 1160 546 -620 1
-1 -12900 5020 408 1772 937 308 1
-1 -14824 6600 464 -1839 1847 -212 1
-1 -13792 4892 172 -6869 1810 -1455 1
-1 -14232 4104 -1400 -8891 2320 -853 1
-1 -14864 2056 -1704 -2140 182 -140 1
-1 -14132 4504 -856 5328 -1043 578 1
-1 -13880 6480 -208 5017 -866 1599 1
-1 -13188 5984 -220 -176 -120 2167 1
-1 -14868 4064 764 -2996 770 1198 1
-1 -15544 4372 124 -1296 -31 1218 1
-1 -15468 5924 -780 -244 -284 728 1
-1 -14216 6144 -888 671 -314 681 1
-1 -13768 6396 -428 2133 -530 973 1
-1 -14068 5484 80 -1201 620 152 1
-1 -14788 3972 -720 -2778 1263 -803 1
-1 -14964 4108 -716 -1439 884 -976 1
-1 -14520 5116 -1164 -120 218 -90 1
-1 -14396 6148 -1216 703 -307 519 1
-1 -14204 5908 -788 1213 -307 408 1
-1 -14508 4568 -208 1008 -378 -316 1
-1 -14572 4712 -248 1689 -753 -111 1
-1 -14760 5136 -604 1267 -786 71 1
-1 -14088 5468 -744 1532 -752 60 1
-1 -13876 5528 -688 2119 -571 127 1
-1 -13916 5900 -64 2420 -400 125 1
-1 -14020 6416 116 2687 -572 201 1
-1 -13924 6260 -120 -18 -47 555 1
-1 -14488 5424 -100 -564 287 225 1