-1 -1580 8248 10484 1230 1595 -1131 0
-1 -2532 9280 12048 1707 295 -1366 0
-1 -3528 12292 11460 2930 -2203 -417 1
-1 -1864 8464 9000 634 -1053 1193 1
-1 -2064 8032 9896 911 -308 80 1
-1 -464 10384 10976 1715 -1518 1748 1
-1 -564 8744 9780 1563 -647 1332 1
-1 -1408 10216 10412 1201 424 922 1
-1 -1784 10228 9884 612 935 882 1
-1 -2528 9924 9220 391 499 470 1
-1 -2252 10436 9552 305 -733 35 1
-1 -1704 9904 9444 616 -1980 -426 1
-1 -856 10104 10076 464 -2087 -848 1
-1 -580 9620 9972 422 -1464 -515 1
-1 -652 9620 10080 936 -397 278 1
-1 -1196 10252 9824 1156 22 837 1
-1 -1236 10584 9544 1262 -215 915 1
-1 -976 10420 9332 640 -821 1145 1
-1 -2168 11912 10060 -321 -2524 1577 1
-1 -2300 16376 9324 -6892 -2355 3363 1
-1 -1204 10472 6548 1138 165 3235 1
-1 -1676 9916 10192 -173 2691 2043 1
-1 336 9040 9936 -1281 5158 1584 1
-1 -528 6980 10600 478 5672 -2124 1
-1 2732 7584 12228 -388 5015 -3476 1
-1 2860 6980 11108 1744 4518 -1524 1
-1 732 5048 6384 6830 6560 -1256 1
-1 -2944 14368 12060 6021 6391 286 1
-1 -4552 10608 9276 4384 7579 877 1
-1 -3984 11172 7628 5297 7384 995 1
-1 -4528 11576 5964 7614 7552 203 1
-1 -5644 13000 6424 3181 10054 469 1
-1 -6280 13672 6420 2324 11280 -38 1
-1 -7076 14068 7540 3866 10643 481 1
-1 -10480 12064 4804 3886 8948 -1071 1
-1 -7272 15064 3068 6425 6429 -1777 1
-1 -8904 14184 1984 5099 4450 -1107 1
-1 -9320 14280 236 6569 2581 -1747 1
-1 -8528 13592 376 6123 2048 -2319 1
-1 -9100 13496 204 3028 2496 -2617 1
-1 -9600 12484 -464 1840 2174 -3521 1
-1 -9520 10676 -792 346 3470 -5331 1
-1 -9564 11220 -772 4281 901 -6552 1
-1 -11540 11412 -1468 4239 -668 -7293 1
-1 -10236 9276 -2828 11616 -5780 -4555 1
-1 -11396 9128 -2756 6301 -2198 -4405 1
-1 -11668 10780 -4296 5672 -1183 -2998 1
-1 -10020 11440 -3228 -2007 711 -3682 1
-1 -11656 8392 -4364 -3824 -895 -5170 1
-1 -12412 7388 -2300 214 -3039 -5922 1
-1 -13088 7500 -1248 -521 -3665 -6223 1
-1 -14224 7204 -1868 102 -5626 -2375 1
-1 -13860 7132 -1996 -2768 -4006 875 1
-1 -13724 6716 -2248 -2021 -3543 1731 1
-1 -12668 6732 -1812 -217 -2822 1041 1
-1 -12680 6528 -1756 1375 -1523 362 1
-1 -12920 7056 -828 1608 97 -299 1
-1 -14000 6776 1084 3279 -1520 -122 1
-1 -13536 6940 3104 7268 -4297 1087 1
-1 -12812 6628 1440 6998 -5166 1462 1
-1 -12224 7244 -188 5864 -3168 -393 1
-1 -11816 5760 192 4188 -178 -5681 1
-1 -14228 8120 -816 2689 948 -5645 1
-1 -13828 6896 -2108 524 2264 -2826 1
-1 -13232 7440 -1380 136 2598 -232 1
-1 -14660 8068 -2468 1574 3212 -184 1
-1 -13572 8212 -1868 818 3721 -1108 1
-1 -13680 9084 -1560 -3342 5732 -2179 1
-1 -14324 8240 -1984 -8106 6145 -3557 1
-1 -14052 8204 -2476 -6181 3174 -3487 1
-1 -14544 8068 -2068 -11805 2172 -1981 1
-1 -14184 6048 -2296 -5084 -912 102 1
-1 -14036 6760 -2156 1365 -4070 1416 1
-1 -13896 6892 -2728 5812 -5527 2142 1
-1 -12452 6988 -2736 8798 -5783 3504 1
-1 -12804 7976 -2884 5879 -2618 4535 1
-1 -17428 4148 -324 -4312 276 -783 1
-1 -16496 1300 1412 9317 -3247 -1896 1
-1 -13992 7648 488 9709 -2500 -1034 1
-1 -12920 7580 -1604 2241 -436 -1811 1
-1 -12812 7932 -1888 562 159 -2024 1
-1 -13752 7112 -1296 556 397 -1721 1
-1 -15680 5192 -72 2514 -820 -2026 1
-1 -13316 6052 -788 2435 -1496 -496 1
-1 -13504 6316 -1664 870 -293 489 1
-1 -13792 6588 -976 1229 68 495 1
-1 -13856 6844 -392 554 309 250 1
-1 -13832 6360 -332 -6 -146 759 1
-1 -13988 5624 -940 -1246 379 409 1
-1 -14604 6432 -1284 -989 824 -544 1
-1 -14384 7032 -692 -1397 511 -130 1
-1 -14412 6160 -1124 -1766 -317 507 1
-1 -14452 5784 -1852 -1687 -726 399 1
-1 -14280 5380 -1772 484 -880 363 1
-1 -14592 6136 -980 2065 -663 104 1
-1 -13828 6488 -480 171 -12 -88 1
-1 -13560 6064 -380 70 -281 117 1
-1 -13620 6416 -1168 1796 -989 297 1
-1 -13236 6860 -952 1789 -529 221 1
-1 -13776 6292 -748 971 49 -58 1