-1 8536 3508 9372 1613 4204 16163 1
-1 8244 4748 9784 1472 4102 15994 1
-1 9428 -360 7876 5622 9743 15159 1
-1 8340 -1136 8728 13883 13604 9098 1
-1 7912 -400 9460 16231 15826 1774 1
-1 1688 13896 18744 23721 2924 -2073 1
-1 5276 13276 7816 2330 -655 57 1
-1 5116 9732 9676 -5288 -115 807 1
-1 5496 6092 10832 488 -145 -118 1
-1 5532 7708 10004 2132 260 -342 1
-1 5220 8900 10716 604 115 249 1
-1 5320 8512 10196 169 -212 57 1
-1 5364 8232 9960 -9 -61 122 1
-1 5392 8468 10364 404 59 14 1
-1 5408 8552 10604 247 109 95 1
-1 5312 8260 10428 98 -4 55 1
-1 5396 8512 10316 141 -25 -6 1
-1 5356 8312 10524 94 98 51 1
-1 5260 8372 10444 171 145 -30 1
-1 5460 8492 10132 -185 72 80 1
-1 5244 8272 10588 -369 116 -11 1
-1 5284 8348 10612 48 88 -28 1
-1 5360 8264 10428 86 95 -36 1
-1 5380 8260 10492 156 81 8 1
-1 5220 8312 10420 161 146 -40 1
-1 5244 8248 10568 202 112 -42 1
-1 5208 8388 10708 131 129 -79 1
-1 5136 8228 10612 243 166 28 1
-1 5148 8184 10516 124 100 35 1
-1 5188 8300 10640 225 64 26 1
-1 5068 8188 10608 177 73 54 1
-1 5080 8228 10748 204 58 46 1
-1 5144 8232 10632 210 73 34 1
-1 5204 8228 10588 238 123 16 1
-1 5032 8284 10548 203 106 38 1
-1 5072 8272 10444 247 51 41 1
-1 5052 8248 10572 243 71 53 1
-1 5044 8220 10752 221 69 30 1
-1 5052 8312 10688 269 56 68 1
-1 5092 8268 10512 166 66 51 1
-1 5052 8232 10588 158 81 44 1
-1 5004 8236 10900 254 58 17 1
-1 5044 8048 10736 190 71 63 1
-1 4996 8232 10648 327 37 41 1
-1 4880 8188 10636 236 12 92 1
-1 4916 8184 10444 231 41 100 1
-1 5036 8220 10568 240 41 66 1
-1 4920 8100 10708 225 13 80 1
-1 4924 8164 10728 327 25 60 1
-1 4836 8396 10612 347 32 59 1
-1 5012 8304 10528 228 34 94 1
-1 4932 8268 10496 255 29 112 1
-1 4920 8304 10724 300 35 62 1
-1 5016 8276 10452 233 18 76 1
-1 4912 8272 10660 189 -6 20 1
-1 4916 8280 10792 212 59 37 1
-1 4872 8300 10616 284 5 111 1
-1 5008 8248 10716 287 -69 88 1
-1 4960 8284 10576 275 -52 109 1
-1 4976 8344 10532 270 -38 111 1
-1 4948 8340 10640 231 20 94 1
-1 4992 8216 10684 237 18 54 1
-1 4932 8212 10572 252 -16 109 1
-1 5016 8212 10620 255 -22 65 1
-1 4948 8248 10756 268 -1 84 1
-1 4916 8168 10624 267 9 67 1
-1 4856 8320 10600 262 6 81 1
-1 4860 8212 10748 225 -39 80 1
-1 4932 8356 10580 38 -280 138 1
-1 4468 8904 11608 -564 -843 23 1
-1 5352 7432 10928 -2962 -1465 470 1
-1 4160 7564 12832 -1222 -3291 -571 1
-1 4228 6528 14820 -5420 -7821 -1099 1
-1 4288 4636 14028 -1842 -10960 -2544 1
-1 5720 4680 12340 -1223 -14952 -6386 1
-1 6544 6336 9692 -13173 -20079 -12816 1
-1 8400 3680 7856 -20737 -18857 -19442 1
-1 8596 3452 5868 -21638 -15163 -26156 1
-1 9056 408 7628 -12445 -5352 -28114 1
-1 4208 9404 8024 -2501 -1238 -26135 1
-1 6352 7188 6408 -4349 4592 -23434 1
-1 3712 10968 5660 2393 9521 -23304 1
-1 -1300 12352 9224 5228 11994 -20293 1
-1 -3028 16644 11780 12528 9923 -15467 1
-1 -5904 22696 15176 7596 5714 701 1
-1 -1420 12616 7388 -2423 662 2275 1
-1 -1028 9128 7596 -9965 748 1498 1
-1 596 7784 10488 -2935 1308 114 1
-1 -1088 10664 8488 -1843 2897 -1036 1
-1 -1636 8972 9764 -2456 1553 -350 1
-1 -1084 8784 10104 -2106 2797 -620 1
-1 -1132 8836 10224 -2705 3650 -1165 1
-1 -4932 7464 10512 118 1518 -425 1
-1 -5216 11088 7928 602 -2247 1943 1
-1 -1588 8836 9612 -9136 -2638 346 1
-1 -964 11148 10496 -10722 -494 -3037 1
-1 -4656 7516 20108 -26621 -11400 -930 1
-1 1512 3696 13048 -27542 -9830 752 1
-1 -16268 32767 32767 32767 -32768 32767 1
-1 6352 1180 13580 -448 3168 4632 1
-1 1736 -640 11012 5533 122 2477 1
-1 -572 640 11624 8566 -440 4018 1
-1 4676 2248 14332 4996 87 2993 1
-1 4488 1444 9932 5512 -1014 3451 1
-1 1144 5288 7060 14747 -3292 983 1
-1 1052 12436 11672 11015 1975 -2649 1
-1 676 12972 13264 -12640 5372 -2594 1
-1 -3432 1576 16664 -5530 4037 703 1
-1 -260 3552 14448 267 219 2603 1
-1 -1640 160 13320 6768 1521 1742 1
-1 3268 6440 10360 9200 2024 -200 1
-1 -528 7056 14224 7036 6034 -1350 1
-1 -124 8028 9868 8199 7614 -656 1
-1 -1648 9200 9936 6180 8608 -3653 1
-1 -2348 6896 10804 2415 9163 -4142 1
-1 -3260 5920 9704 4297 9524 -5868 1
-1 -5356 7408 10220 4259 9980 -9135 1
-1 -6676 7332 9096 5494 10790 -10623 1
-1 -7768 5624 7684 7226 12833 -9820 1
-1 -8804 9304 6708 7159 13766 -6976 1
-1 -12824 6448 3684 3157 17084 -6252 1
-1 -14000 7112 1220 7528 15089 -3655 1
-1 -13644 7712 1052 2909 16059 -4209 1
-1 -15588 6452 -4760 7304 15095 -4240 1
-1 -15620 4428 -4020 8547 15146 1593 1
-1 -15788 7500 -4224 9045 12769 2072 1
-1 -15072 6708 -8056 2438 14404 -4903 1
-1 -14448 6344 -8848 1405 12510 -4890 1
-1 -12968 4188 -8968 -1331 15305 -5306 1
-1 -16092 9656 -3308 -2053 13901 -7598 1
-1 -18216 7272 -14780 -2641 1228 -5509 1
-1 -15532 1008 -11312 12381 -6780 3468 1
-1 -16024 16 -14184 20065 -7602 8926 1
-1 -12528 -2068 -13080 32132 -16769 13059 1
-1 -12620 3312 -9956 28679 -19389 15596 1
-1 -14224 3068 -7076 14155 -14702 12657 1
-1 -14428 3476 -6612 7753 -12079 10927 1
-1 -15908 3664 -7932 8938 -12356 13899 1
-1 -13196 6136 -7776 6185 -12166 12891 1
-1 -11648 6164 -5896 -117 -9416 9608 1
-1 -11348 5696 -4420 -1859 -6741 6174 1
-1 -11280 7504 -3248 -7745 -3928 1165 1
-1 -11764 5332 -3212 -12837 1003 -2642 1
-1 -13600 4212 -1820 -3354 982 -3221 1
-1 -13200 4912 -636 2684 2239 -4579 1
-1 -16156 2688 48 19591 -2645 -2961 1
-1 -14600 8400 -3820 27200 -8596 -887 1
-1 -10204 10304 -1132 14628 -10820 -2658 1
-1 -13376 9104 -3300 7550 -54 -4027 1
-1 -13144 8036 -3896 2751 497 -4869 1
-1 -13044 7992 -3548 2887 -80 -3368 1
-1 -13060 8380 -4400 2124 3 -1892 1
-1 -14656 9152 -4428 2427 389 -1475 1
-1 -12992 8504 -4076 1591 49 -529 1
-1 -12600 8684 -3448 325 208 589 1
-1 -13700 7944 -4256 450 -687 1354 1
-1 -14608 7932 -4948 3567 -2967 2830 1
-1 -14648 8488 -5232 6559 -3051 4985 1
-1 -11688 8128 -3724 4958 -1118 7012 1
-1 -12628 8540 -2156 -3515 4948 3601 1
-1 -18964 -1584 3992 -3457 5065 1067 1
-1 -13332 9540 -1212 1909 -2959 -965 1
-1 -13340 8064 -3204 -4368 1439 -4359 1
-1 -13408 7468 -3580 -971 309 -3676 1
-1 -13540 8364 -3764 1521 -94 -2658 1
-1 -13240 8548 -3996 983 354 -2114 1
-1 -13120 8728 -3876 -276 1417 -1213 1
-1 -13312 8516 -3892 -1572 2134 -173 1
-1 -13388 8260 -3744 -1962 2263 966 1
-1 -13572 8084 -3876 -1986 1908 2148 1
-1 -13096 8212 -4036 -2480 1553 3277 1
-1 -12604 9420 -3700 -9647 3535 2871 1
-1 -15872 2248 -2024 -10835 3473 1417 1
-1 -13464 6468 -3432 -2380 -725 1046 1
-1 -13800 6932 -4060 -276 714 -123 1
-1 -12912 8412 -4468 3089 -924 -453 1
-1 -13060 12648 36 2006 563 -2165 1
-1 -12004 10300 -2804 -6938 685 6 1
-1 -14320 7604 -3952 -3532 -495 5033 1
-1 -13212 7320 -3664 -1284 -2388 5494 1
-1 -13064 7348 -2800 -758 -878 3388 1
-1 -13332 7688 -2372 -3000 1368 361 1
-1 -14232 6772 -2896 224 1658 -1384 1
-1 -13476 8632 -2320 3062 -118 -1940 1
-1 -12412 8620 -3004 1338 598 -1947 1
-1 -12540 8832 -3056 1603 635 -1547 1
-1 -13192 8652 -2856 1799 915 -1496 1
-1 -13352 9200 -2860 927 1166 -1604 1
-1 -13392 8480 -3012 705 656 -1148 1
-1 -13256 8388 -3072 1129 -335 -362 1
-1 -13312 8264 -3424 1375 -641 419 1
-1 -12936 8292 -3712 982 -461 184 1
-1 -13000 8324 -3380 579 -21 -101 1
-1 -13260 8088 -3620 925 18 -107 1
-1 -13468 8536 -3380 573 101 -18 1
-1 -13536 8268 -3496 114 67 365 1
-1 -13452 8004 -3200 -17 -2 702 1
-1 -13404 8076 -3428 42 -20 727 1
-1 -13300 7764 -3436 70 -86 501 1
-1 -13268 7780 -3360 373 -103 424 1
-1 -13208 7856 -3600 683 -118 178 1
-1 -13432 8132 -3156 722 118 -101 1
-1 -13380 8236 -3096 514 62 -222 1
-1 -13564 8144 -3272 253 -45 55 1
-1 -13312 8156 -3424 -42 -142 63 1
-1 -13168 8052 -3580 398 -339 201 1
-1 -13252 8220 -3524 400 -101 58 1
-1 -13248 8084 -3496 521 -55 145 1
-1 -13000 7944 -3344 784 48 88 1
-1 -13252 8204 -3236 594 268 -25 1
-1 -13500 8356 -3076 622 158 -137 1
-1 -13256 8312 -3340 586 -92 138 1
-1 -13412 8464 -3260 131 -67 282 1
-1 -13288 8264 -3640 -29 -186 376 1
-1 -13204 8120 -3604 89 -169 350 1
-1 -13336 8116 -3824 251 -178 262 1
-1 -13140 8036 -3680 241 -157 429 1
-1 -13364 8020 -3788 433 12 182 1
-1 -13264 8068 -3580 567 93 51 1
-1 -13280 8160 -3580 596 173 -155 1
-1 -13524 8260 -3484 383 255 -284 1
-1 -13268 8292 -3308 465 21 -176 1
-1 -13316 8356 -3372 179 -51 -64 1
-1 -13264 8232 -3560 135 -146 87 1
-1 -13392 8204 -3624 220 -216 156 1
-1 -13160 8164 -3644 189 -147 303 1
-1 -13308 8052 -3660 51 50 294 1
-1 -13344 8108 -3712 282 41 216 1
-1 -13328 8148 -3540 385 60 151 1
-1 -13296 8108 -3544 274 144 153 1
-1 -13180 8044 -3600 222 114 40 1
-1 -13320 8168 -3444 137 104 20 1
-1 -13340 8028 -3760 252 -50 -60 1
-1 -13276 8284 -3528 195 -42 -1 1
-1 -13224 8272 -3452 101 45 -1 1
-1 -13284 8284 -3484 142 6 -12 1
-1 -13276 8312 -3460 148 -102 123 1
-1 -13120 8256 -3556 97 -139 248 1
-1 -13264 8112 -3672 120 -27 171 1
-1 -13364 8164 -3644 255 42 179 1
-1 -13196 8068 -3620 325 10 211 1
-1 -13352 8036 -3560 363 52 113 1
-1 -13236 8084 -3604 546 -14 45 1
-1 -13284 8136 -3576 502 -6 109 1
-1 -13184 8156 -3520 445 25 122 1
-1 -13296 8232 -3488 407 34 171 1
-1 -13324 8336 -3420 358 11 161 1
-1 -13272 8180 -3696 243 21 102 1
-1 -13168 8284 -3588 223 -50 250 1
-1 -13304 8176 -3616 87 79 73 1