-1 1668 7220 11924 244 -13 109 1
-1 1700 7112 11752 245 -23 90 1
-1 1732 7212 11888 258 -14 95 1
-1 1652 7164 11788 248 -15 81 1
-1 1724 7176 11668 258 15 103 1
-1 1592 7232 11916 252 6 120 1
-1 1564 7240 11804 221 7 66 1
-1 1608 7172 11724 198 -31 102 1
-1 1676 7296 11756 220 -26 78 1
-1 1624 7148 11804 244 -6 135 1
-1 1704 7172 11752 199 -14 86 1
-1 1664 7184 11696 225 -2 89 1
-1 1636 7180 11808 251 -11 86 1
-1 1616 7116 11768 226 -22 96 1
-1 1516 7108 11632 239 -10 59 1
-1 1684 7160 11824 257 -12 73 1
-1 1664 7224 11948 214 -25 94 1
-1 1688 7180 11732 237 3 104 1
-1 1660 7220 11716 251 -4 102 1
-1 1624 7224 11656 255 0 42 1
-1 1644 7296 11688 236 -41 100 1
-1 1656 7132 11992 207 -30 96 1
-1 1628 7228 11732 109 -98 129 1
-1 1556 7240 11284 -266 -139 230 1
-1 1600 7088 11656 -379 -68 36 1
-1 2136 7256 12024 -205 110 -296 1
-1 1752 7316 11740 -82 -12 -156 1
-1 1476 7804 11520 -388 444 -732 1
-1 480 7124 12512 642 1881 -854 1
-1 -1344 7648 14848 5829 1248 -590 1
-1 2928 7816 17824 6476 -1600 6471 1
-1 1704 6824 16236 5334 -408 10846 1
-1 116 7068 16272 8277 -3446 13713 1
-1 2644 9600 12720 29227 -10524 23072 1
-1 696 8888 12540 25861 -11277 20693 1
-1 5720 6980 5428 32767 -8940 22334 1
-1 12848 -2700 -1500 2277 -22300 11485 1
-1 11988 4104 -4272 6801 -18840 1817 1
-1 13360 3980 -8824 -3164 -19729 -12925 1
-1 9132 11980 -8920 -9588 -15834 -27514 1
-1 10064 15388 -9732 -15661 -19949 -31144 1
-1 4768 14580 2444 -31393 -6500 -17427 1
-1 3464 -10940 -88 -32768 8290 13410 1
-1 -2640 20096 9584 -13654 15389 -9460 1
-1 300 18136 11604 -3536 7139 -425 1
-1 -436 11996 8884 239 3120 1391 1
-1 1812 16364 5524 14276 2913 9531 1
-1 3108 28312 -1816 32767 5796 14686 1
-1 -1196 32767 -5212 32767 -19282 -4934 1
-1 -6176 23928 -15492 12254 32767 28282 1
-1 -1348 -9148 -6048 -32768 22241 20788 1
-1 -7424 -2076 9868 -32768 19525 32767 1
-1 -1212 -24912 26564 -12825 10329 32180 1
-1 5968 -608 20480 32109 -1912 482 1
-1 7228 8832 6152 24210 -2251 -7508 1
-1 12192 7136 3732 3392 -2092 -9719 1
-1 11676 10792 5428 794 -407 -3400 1
-1 13096 11560 4996 -10260 -3107 -24437 1
-1 15088 4692 7740 8458 -1731 -14768 1
-1 1312 16008 11848 -5581 -1617 -5718 1
-1 5584 11060 7248 -3238 -191 909 1
-1 4656 7616 7036 -2409 867 3508 1
-1 4560 5992 6512 567 -1333 7018 1
-1 5168 9380 9460 8975 -5526 3324 1
-1 13564 11860 1920 -555 -5743 -1359 1
-1 9052 19988 6212 4653 -2868 -3834 1
-1 12340 5248 1504 -14871 1278 -13795 1
-1 4424 11156 10248 -8042 -2144 7550 1
-1 6304 8528 10956 -4841 -4461 5111 1
-1 9648 4312 9396 627 483 3877 1
-1 12044 7068 5924 2058 185 -660 1
-1 9664 8920 6948 4236 2894 -2639 1
-1 6964 10672 9740 1063 1572 -3460 1
-1 6888 10872 10880 2080 -232 -994 1
-1 3876 17040 9244 7360 -1269 3258 1
-1 9320 9516 6160 -3104 -2627 3158 1
-1 9140 6868 7456 -2960 -3301 695 1
-1 10496 8368 5552 157 -1240 -1798 1
-1 9236 11572 6452 -208 -1060 -1823 1
-1 8864 9700 6896 -4981 1687 -704 1
-1 7228 9476 10812 3835 1303 -578 1
-1 9476 9392 5700 -3358 233 -1405 1
-1 9216 5836 8064 -3578 2080 -4921 1
-1 7436 7752 8544 -9605 1929 -7355 1
-1 6348 9668 9876 -8101 3701 -5714 1
-1 4272 10844 6544 -6776 4635 -3304 1
-1 1156 10836 21960 -6671 540 813 1
-1 5868 7492 5884 2420 4357 813 1
-1 4280 4576 15776 -3290 479 574 1
-1 4584 6156 10716 2063 -1023 -245 1
-1 4532 8036 11944 2021 -25 1624 1
-1 4560 5184 10364 3599 -2362 -950 1
-1 5196 7624 11912 3352 -2516 -1625 1
-1 5036 9680 10376 2190 -1542 -1097 1
-1 7516 10168 11120 1876 -1174 1958 1
-1 6036 8708 12120 4743 -2289 616 1
-1 7696 6052 10624 2475 -1324 -44 1
-1 7564 11192 6800 1559 386 -464 1
-1 7448 10356 10976 28 2482 -2481 1
-1 3596 6336 9132 1425 777 -1951 1
-1 5164 13848 7028 392 336 226 1
-1 4168 8928 10448 -866 -1293 724 1
-1 8700 9384 13268 597 -522 871 1
-1 7528 10220 10884 4619 -483 -477 1
-1 8880 7232 10024 1141 -275 -3736 1
-1 6980 10540 10820 -4429 2179 -9911 1
-1 1664 6980 15164 -6761 3823 -21473 1
-1 -8284 6828 8380 -11395 1888 -17612 1
-1 -13692 560 1396 -16823 16452 -12070 1
-1 -10800 15484 8792 21739 24100 -25407 1
-1 -5508 15552 5168 -10471 26959 -14071 1
-1 -17860 8404 28688 -710 18470 15898 1
-1 148 3764 7852 -23643 24141 -5230 1
-1 -4048 6056 18560 -7903 -132 -1237 1
-1 -12496 3260 2684 -9443 -2234 -397 1
-1 -14260 5840 12140 -5927 -2049 1943 1
-1 -8764 2736 5468 -4844 -3722 3119 1
-1 -9904 1848 8656 369 -7522 -846 1
-1 -9524 1860 7828 -1737 926 1611 1
-1 -10592 2004 11220 -1679 3763 2673 1
-1 -11204 3920 8752 -499 5083 1785 1
-1 -11172 2900 8948 593 3965 -1467 1
-1 -12680 2904 9456 39 3128 -3479 1
-1 -11484 1760 7420 644 2152 -4319 1
-1 -11196 940 7576 -784 3037 -6216 1
-1 -12652 860 6980 87 2332 -6488 1
-1 -12448 536 7724 478 2661 -7387 1
-1 -13244 -2288 6328 1964 3139 -7116 1
-1 -14512 -924 7724 4159 3526 -7786 1
-1 -13912 -1804 7068 5116 3395 -7265 1
-1 -12488 232 7536 6137 3384 -6670 1
-1 -13568 -2144 7644 8387 3401 -4130 1
-1 -12636 -2692 9236 9344 2443 -848 1
-1 -8632 484 9808 12534 488 824 1
-1 -10548 988 10184 24678 -6985 1922 1
-1 -10080 -1540 8772 23450 -4314 -5912 1
-1 -16896 -1932 3860 9657 414 -1761 1
-1 -11808 364 940 561 4711 -3115 1
-1 -15512 424 4392 -5870 9956 -1944 1
-1 -11024 1932 3636 -1940 9767 -503 1
-1 -10452 -600 932 -2631 11098 -3517 1
-1 -18556 -1004 2784 -5236 13769 -2118 1
-1 -17680 -1324 128 -697 14305 206 1
-1 -15760 760 -2360 -538 13496 -829 1
-1 -17312 -792 -3864 2385 12968 -2447 1
-1 -16776 -1064 -5232 4002 11611 -2406 1
-1 -16056 -2372 -7200 4055 12686 -2784 1
-1 -19924 -3012 -8092 7289 12249 -2549 1
-1 -21000 -3492 -10360 17055 10226 -2679 1
-1 -17556 -8176 -11412 6359 32767 -3150 1
-1 -18064 1348 -8396 13886 1384 30708 1
-1 -22716 3168 -5472 17317 -18157 21438 1
-1 9404 11304 -2996 -7339 27512 30525 1
-1 -11052 -2032 -8996 11809 -4237 7939 1
-1 -8772 1380 -12228 -883 -3652 4152 1
-1 -12224 528 -11508 -2819 -7310 3551 1
-1 -10960 1292 -10792 -2332 -10914 4019 1
-1 -13912 3340 -6764 2367 -7265 3450 1
-1 -10820 3428 -9628 -2598 -8383 3461 1
-1 -16636 1336 -7312 -7229 -4118 3155 1
-1 -13468 4380 -7032 -5832 -6758 2487 1
-1 -12896 1724 -3884 -1712 -2776 5343 1
-1 -12708 3016 -2868 3953 -4178 4798 1
-1 -15692 4180 -3112 10682 -4775 4860 1
-1 -17492 7296 -4476 9375 -3694 2667 1
-1 -15132 7572 -2196 6036 -5153 2744 1
-1 -12208 5568 -3928 4659 -6317 5131 1
-1 -10256 5276 -3820 2577 -4593 1558 1
-1 -10624 7512 -3612 4217 -3998 -987 1
-1 -13400 7108 -4624 5062 -344 -3968 1
-1 -15200 9136 -5544 8102 3050 -6487 1
-1 -14344 8652 -5296 11031 3046 -4981 1
-1 -13264 8380 -4960 11544 2227 -1303 1
-1 -13028 8564 -5652 9454 80 767 1
-1 -14016 7784 -5772 5634 -1937 1980 1
-1 -14972 8424 -6356 4014 -3054 1479 1
-1 -14516 9136 -7932 5813 -2571 2692 1
-1 -11584 8504 -3508 3968 -646 4049 1
-1 -12280 5472 -2284 549 3658 4210 1
-1 -14864 5104 -4376 5512 812 1991 1
-1 -13316 8688 -5604 2288 -2344 -120 1
-1 -12876 9960 -5272 426 -1565 -1568 1
-1 -13132 8184 -6276 -3358 1592 -2236 1
-1 -12884 7284 -6036 -2377 1061 865 1
-1 -13256 7512 -6720 602 -160 894 1
-1 -13596 7728 -6240 639 -212 1568 1
-1 -13904 7700 -5756 -355 606 1003 1
-1 -14036 7012 -5732 -182 283 650 1
-1 -13908 7060 -5876 138 -765 227 1
-1 -13556 7312 -6284 1108 -1288 -100 1
-1 -13280 7556 -6080 2438 -1535 -213 1
-1 -13060 7756 -6172 2695 -1430 -104 1
-1 -13140 7880 -6036 2696 -1144 70 1
-1 -12680 7788 -6404 1921 -1035 554 1
-1 -12592 7592 -5332 1587 583 897 1
-1 -13300 7404 -5568 1529 1863 623 1
-1 -13832 7172 -5796 991 1273 949 1
-1 -13816 7524 -5456 2997 -158 1218 1
-1 -13372 7920 -5700 2892 -1057 1192 1
-1 -13272 8188 -5760 647 -256 71 1
-1 -13108 8212 -5896 -715 152 -878 1
-1 -13224 7720 -6388 -1504 491 -783 1
-1 -13276 8152 -8572 -768 111 -300 1
-1 -12436 7008 -8248 -604 -744 1321 1
-1 -12816 7664 -4880 5914 796 2174 1
-1 -14900 6228 -5112 7616 1485 662 1
-1 -13108 9784 -5932 2833 -2335 -227 1
-1 -12592 8692 -7092 -3982 1378 -1567 1
-1 -12880 7856 -7372 -1848 235 -806 1
-1 -12724 7972 -7016 -1110 462 374 1
-1 -12976 7692 -6748 104 403 356 1
-1 -13244 7484 -6616 -298 305 -94 1
-1 -13264 7768 -6768 -997 246 -487 1
-1 -13132 7728 -6932 -1495 446 -428 1
-1 -13184 7636 -6896 -634 408 -52 1
-1 -13176 7620 -6848 108 232 72 1
-1 -13092 7392 -6808 -193 88 -137 1
-1 -13300 7556 -6596 426 -86 -60 1
-1 -13088 7820 -6668 700 -221 19 1
-1 -13056 7816 -6632 -205 34 20 1
-1 -13120 7724 -6892 -358 139 300 1
-1 -13096 7608 -6892 195 38 223 1
-1 -13072 7508 -6712 565 -143 180 1
-1 -13132 7620 -6620 428 -346 224 1
-1 -13192 7956 -6692 496 -229 106 1
-1 -13192 7676 -6960 168 -21 246 1
-1 -13068 7648 -6676 -86 -69 358 1
-1 -13364 7700 -6704 350 -87 182 1
-1 -13124 7656 -6680 642 -57 94 1
-1 -13172 7808 -6624 854 -225 48 1
-1 -13180 7872 -6776 583 -238 179 1
-1 -13124 7840 -6664 396 -84 221 1
-1 -13140 7852 -6732 189 140 147 1
-1 -12936 7880 -6804 107 7 45 1
-1 -13108 7864 -6892 53 96 -42 1
-1 -13140 7876 -6788 -304 202 103 1
-1 -13152 7668 -7096 -92 182 58 1
-1 -12988 7364 -6732 111 106 251 1
-1 -13116 7692 -6908 1358 -312 146 1
-1 -13184 7968 -6640 926 -192 60 1
-1 -12960 7932 -6840 501 -295 252 1
-1 -12780 7868 -6576 -52 93 104 1
-1 -13044 7904 -6500 228 109 -88 1
-1 -13220 7880 -6764 45 -51 37 1
-1 -13196 7988 -6628 -81 -43 114 1
-1 -13104 7676 -6768 -623 67 104 1
-1 -13120 7580 -6948 -830 212 118 1
-1 -12956 7572 -7028 -288 210 55 1
-1 -13240 7552 -6988 665 50 74 1
-1 -13224 7540 -6748 1306 -139 136 1