-1 2904 13984 5976 8620 -1755 7594 1
-1 4420 13716 7300 7612 -712 13124 1
-1 2508 16396 7428 1246 -1991 12996 1
-1 4160 12836 7492 -881 -686 19952 1
-1 8560 7432 3368 -5283 4395 19836 1
-1 7712 4100 4708 5340 11415 15596 1
-1 7148 8028 4512 6343 17928 8815 1
-1 8160 6052 5420 -5654 13965 5135 1
-1 5556 4836 11868 -6991 10710 2066 1
-1 7496 1176 18748 2316 -4444 957 1
-1 9340 4508 7536 1889 1413 -1330 1
-1 6764 11088 7928 10166 4010 -845 1
-1 6488 10488 8752 2847 1864 -98 1
-1 6136 9276 10400 1853 603 -75 1
-1 6656 8308 10376 1985 580 -643 1
-1 6180 9124 9764 -1113 77 -270 1
-1 6192 8948 9724 -1834 73 44 1
-1 6292 8624 10180 745 -201 -52 1
-1 7480 8028 9568 2173 -191 -321 1
-1 5048 9916 10856 3690 -436 41 1
-1 6204 9908 10188 475 -3721 148 1
-1 7624 8276 9844 -3149 -5589 -1560 1
-1 8020 7152 8336 -772 -3549 -4086 1
-1 7500 8700 7676 2270 -2133 -5300 1
-1 6928 9512 8844 1420 -3503 -5785 1
-1 6256 11488 7592 -2308 -4512 -5685 1
-1 7716 10296 7208 -4506 -647 -4041 1
-1 6152 12804 5916 588 3220 -2226 1
-1 6772 10072 6964 -4469 3977 8 1
-1 -1040 -5596 11440 21836 5173 -6584 1
-1 2556 12636 9456 17149 1753 -4125 1
-1 6212 13668 6616 3535 2885 -580 1
-1 3224 12440 8052 -5821 -475 1000 1
-1 4216 11508 7816 -1277 -265 132 1
-1 4160 11916 7676 13 -130 225 1
-1 4312 11904 8220 -386 1045 -89 1
-1 3052 11444 10924 -3760 2062 -1140 1
-1 1116 8492 11124 -10832 1573 -5001 1
-1 -984 4816 15616 -16725 -3161 -7303 1
-1 5212 2880 11484 -10838 -2972 -735 1
-1 11852 7744 6780 -23895 -6773 -11317 1
-1 6336 -2864 18472 9415 -4294 -17431 1
-1 6552 7560 8836 6506 -4551 -12127 1
-1 5624 8260 12600 12532 -3492 -10122 1
-1 3572 9480 10096 2455 -7611 -4084 1
-1 6516 3608 11536 -11627 -4996 -7132 1
-1 6200 4304 8052 -3173 1638 -7948 1
-1 3316 14256 3680 -16531 4728 -5556 1
-1 -1820 12208 18496 11399 4531 -808 1
-1 4984 2080 7464 -1240 3887 -1455 1
-1 396 5324 15524 560 3672 -978 1
-1 2608 6632 11388 -3575 2036 -899 1
-1 1048 3652 15372 -3054 1920 -636 1
-1 284 5496 12964 68 209 -1897 1
-1 1412 3900 11552 -2839 -664 -1497 1
-1 1928 2492 14396 -1152 -754 -1870 1
-1 2936 2196 12808 -1504 606 -135 1
-1 352 3400 14100 -156 -511 1100 1
-1 1212 2868 13744 1023 -1760 1516 1
-1 1720 2972 13452 1284 -1921 1378 1
-1 912 2880 12216 2791 -3035 2539 1
-1 2600 3416 11896 -481 -3062 3124 1
-1 2680 4456 13580 489 -2947 2176 1
-1 5144 3688 12748 2389 -1709 2638 1
-1 4308 2164 13120 1283 -469 1415 1
-1 3968 3248 13476 4804 432 371 1
-1 2920 6232 13068 2947 481 258 1
-1 3428 3152 11992 2702 137 1016 1
-1 3716 4580 13220 3278 968 355 1
-1 2472 8140 11820 2301 -274 932 1
-1 3084 4436 12620 1142 -397 586 1
-1 3892 6216 12768 655 -1158 745 1
-1 3912 5836 12196 135 -599 288 1
-1 3548 5060 11416 -855 -675 316 1
-1 4152 5032 12556 -297 -701 439 1
-1 4288 4336 12280 77 -791 894 1
-1 3336 5036 12808 972 -236 116 1
-1 2608 5376 12208 1004 -2153 1477 1
-1 6116 4896 11148 -726 45 796 1
-1 3420 5936 12844 4270 -2131 942 1
-1 5120 5156 13708 2228 -1649 384 1
-1 6528 6064 12588 2533 -1036 47 1
-1 5120 6972 11720 3021 -858 -479 1
-1 4224 1696 15204 6022 -3432 -2484 1
-1 5720 9820 9272 14052 -3896 -2502 1
-1 5192 11912 8780 4731 -1956 -3576 1
-1 4780 12512 4876 -659 2356 -2352 1
-1 3628 9568 11524 -6108 1734 817 1
-1 5416 9456 13804 -4449 2651 110 1
-1 4156 4340 12552 -5638 -757 1422 1
-1 4992 5824 11580 738 -1889 -502 1
-1 4124 8112 10392 2242 -2399 -30 1
-1 5440 4916 10584 1595 -1065 -339 1
-1 4344 10436 10480 1003 -3597 623 1
-1 5332 9204 8136 -243 -1724 913 1
-1 6900 6504 13268 -3664 -1237 1697 1
-1 6356 7332 10520 -7332 -152 2211 1
-1 8668 8296 9836 -4655 2148 809 1
-1 9268 3120 10424 -7104 4028 -1717 1
-1 7596 4384 10856 -6552 7346 -4639 1
-1 4552 7068 12884 66 8732 -9178 1
-1 1424 5780 14668 -1078 11815 -13457 1
-1 -1752 5836 14896 -7933 11405 -10190 1
-1 -1244 2976 15468 -61 11738 -14437 1
-1 -1864 2852 15680 10587 5515 -16942 1
-1 -11636 6412 14188 24065 -2545 -15083 1
-1 -3332 2520 7568 10993 -4095 -14993 1
-1 -864 4520 3628 1741 1685 -21336 1
-1 -4696 13232 3636 -15111 8712 -215 1
-1 -3272 3408 11896 -3378 15944 -7926 1
-1 -7608 3888 8764 4468 13694 -7601 1
-1 -11636 1040 8740 -656 15361 -10417 1
-1 -13756 5844 6988 -806 15646 -7162 1
-1 -15928 2940 3072 -1171 16206 -5325 1
-1 -13680 1692 3488 -644 15754 -4556 1
-1 -16412 2924 3104 -347 15584 -3622 1
-1 -17384 232 -1572 960 16019 -2899 1
-1 -17500 16 -2644 3603 15385 -3742 1
-1 -17812 -500 -4612 4393 16006 -4233 1
-1 -19396 -592 -6208 7057 15763 -4166 1
-1 -19132 452 -9904 14501 11751 -2329 1
-1 -20472 -1492 -3816 7756 7038 -3226 1
-1 -13196 4120 -4232 11042 -1861 12764 1
-1 -18104 800 -3180 11862 -3264 14196 1
-1 -15884 -672 -9056 27320 -3143 8080 1
-1 -14704 -5204 -10188 7539 -5320 6393 1
-1 -14984 356 -8548 15707 -11857 6678 1
-1 -13284 -2516 -8916 9740 -8938 9785 1
-1 -14604 2408 -3908 14297 -10846 11018 1
-1 -13180 1428 -4652 8719 -8953 7846 1
-1 -12852 2972 -4988 484 -5687 5941 1
-1 -12648 1980 -5252 -5116 -4631 3564 1
-1 -13628 4852 -2408 -9011 -5313 2625 1
-1 -16232 3500 -1492 -5192 -292 3667 1
-1 -14420 6184 -1704 3723 1990 2921 1
-1 -12092 4600 -2660 6841 1047 4632 1
-1 -13164 5900 -3416 13181 -1980 3444 1
-1 -12808 7184 -5608 3615 2286 -2812 1
-1 -14760 8136 -5324 5385 3432 -2075 1
-1 -12300 9944 -5500 3460 4503 -2740 1
-1 -14664 7920 -5088 2346 4515 -635 1
-1 -14100 7668 -3824 9145 -629 1730 1
-1 -13416 8600 -5064 6314 -3232 2246 1
-1 -13144 6588 -4992 -1545 -5372 3084 1
-1 -14104 7024 -5644 2532 -6931 3083 1
-1 -16656 8840 -7356 6917 -4230 2456 1
-1 -12244 8436 -252 5507 3017 -461 1
-1 -13500 4184 -4380 1482 1952 -1020 1
-1 -14840 6144 -5704 1897 -1881 1413 1
-1 -12212 8160 -4772 2002 -701 44 1
-1 -13204 7260 -4556 260 456 -227 1
-1 -13388 7792 -5356 809 1022 -255 1
-1 -14000 7912 -5004 884 1149 -242 1
-1 -14120 6960 -5080 297 306 622 1
-1 -13920 7716 -4788 1929 -1016 1338 1
-1 -13504 7820 -4936 671 -303 1133 1
-1 -13200 7696 -4944 -1251 147 308 1
-1 -13448 7724 -4896 39 -86 201 1
-1 -13420 7624 -5484 -56 -292 -118 1
-1 -13632 8080 -4956 671 -431 176 1
-1 -13404 7800 -5244 749 -275 731 1
-1 -13104 7564 -5092 443 -223 1219 1
-1 -13084 7540 -4880 1384 100 1874 1
-1 -13440 7668 -4716 912 1011 813 1
-1 -13360 7764 -4796 1685 202 779 1
-1 -13588 8228 -4776 1447 -61 395 1
-1 -13520 8212 -4792 947 19 196 1
-1 -13628 8148 -5032 -593 150 -325 1
-1 -13464 7756 -5288 -884 -155 96 1
-1 -13260 8016 -5172 -320 -187 -128 1
-1 -13188 7984 -5536 -206 -146 -172 1
-1 -13304 7968 -5516 484 -114 -312 1
-1 -13492 8156 -5464 90 -63 -213 1
-1 -13164 7900 -5620 -402 176 -152 1
-1 -13176 7976 -5432 -259 255 -14 1
-1 -13232 7932 -5484 -109 642 -193 1
-1 -13348 8096 -5416 101 256 -27 1
-1 -13168 7820 -5384 -217 181 298 1
-1 -13148 7980 -4988 202 255 262 1
-1 -13600 7740 -5312 33 220 413 1
-1 -13372 7764 -5016 -151 213 423 1
-1 -13476 7568 -5016 -102 161 242 1
-1 -13416 7804 -5308 357 20 84 1
-1 -13112 7936 -5228 454 -76 -163 1
-1 -13232 8152 -4976 177 88 -227 1
-1 -13352 8076 -5324 171 149 -107 1
-1 -13288 8108 -5168 120 211 7 1
-1 -13312 8072 -5184 -474 201 62 1
-1 -13296 8004 -5072 -456 232 167 1
-1 -13320 7984 -5284 -182 160 61 1
-1 -13308 7900 -5228 -381 214 76 1
-1 -13312 7780 -5316 -94 99 7 1
-1 -13344 7948 -5260 -53 108 -189 1
-1 -13192 7800 -5376 -255 18 -43 1
-1 -13112 7936 -5312 -68 200 -183 1
-1 -13360 8016 -5416 -76 162 -152 1
-1 -13360 7920 -5320 224 126 -12 1
-1 -13336 8004 -5388 547 -43 -32 1
-1 -13432 7772 -5180 346 -168 70 1
-1 -13296 7896 -5288 498 -182 -91 1
-1 -13212 7744 -5144 175 -99 -35 1
-1 -13252 7664 -5256 186 -239 77 1
-1 -13248 7788 -5192 467 -171 241 1
-1 -13220 7932 -5168 733 -142 211 1
-1 -13164 7956 -5172 532 -12 154 1
-1 -13480 7992 -5048 262 63 230 1
-1 -13456 8052 -5060 11 210 213 1
-1 -13572 7924 -4960 -53 89 293 1
-1 -13296 7716 -5220 -485 112 228 1
-1 -13400 7660 -5244 97 119 -80 1
-1 -13316 7760 -5224 38 96 -42 1
-1 -13140 7728 -5232 331 -9 -154 1
-1 -13436 7872 -5152 300 61 -125 1
-1 -13068 7912 -5424 203 117 -65 1
-1 -13124 8020 -5116 268 267 -59 1
-1 -13424 8016 -5168 519 67 -49 1
-1 -13284 7964 -5224 94 154 89 1
-1 -13336 7908 -5240 -152 59 272 1
-1 -13388 7844 -5080 -36 152 283 1
-1 -13212 7828 -5356 29 68 200 1
-1 -13364 7932 -5124 167 115 197 1
-1 -13340 7816 -5280 527 -80 65 1
-1 -13304 8016 -5236 366 -6 46 1
-1 -13228 7956 -5456 149 32 130 1
-1 -13316 7948 -5108 -119 158 33 1
-1 -13268 7956 -5560 42 47 29 1
-1 -13424 7964 -5252 434 20 93 1
-1 -13236 7836 -5540 87 -131 137 1
-1 -13356 7808 -5132 319 -65 30 1
-1 -13256 7936 -5304 274 95 80 1
-1 -13144 7948 -5244 535 -32 122 1
-1 -13368 7960 -5184 41 39 110 1
-1 -13336 8004 -5236 181 -39 146 1
-1 -13300 7904 -5108 -25 113 125 1
-1 -13356 7860 -5276 54 105 65 1
-1 -13212 7864 -5380 48 20 124 1
-1 -13564 7704 -5404 206 35 -27 1
-1 -13564 7904 -5144 204 -48 -34 1
-1 -13388 7808 -5192 554 -131 -125 1
-1 -13224 7820 -5348 486 -221 -99 1
-1 -13204 7748 -5188 191 -71 -68 1
-1 -13268 7716 -5144 28 -40 -52 1
-1 -13192 7932 -5280 55 -35 39 1
-1 -13220 8044 -5420 239 -98 100 1
-1 -13360 7812 -5344 287 -72 243 1
-1 -13276 7956 -5400 186 -12 295 1
-1 -13432 7828 -5340 267 104 213 1
-1 -13456 7744 -5212 325 43 156 1
-1 -13352 7728 -5324 -34 145 67 1
-1 -13460 7848 -5216 23 141 16 1