-1 2640 1004 13392 645 -149 161 0
-1 3388 2240 13272 451 -162 214 0
-1 3292 1688 13336 315 -45 97 0
-1 3312 1880 12928 798 -102 233 0
-1 3324 1916 13116 116 116 228 0
-1 3300 1564 13176 173 94 219 0
-1 3176 2164 13236 395 51 277 0
-1 3120 1896 13392 200 -7 220 0
-1 3288 1908 13128 22 11 230 0
-1 3032 1380 13156 200 -42 152 0
-1 3196 1840 13324 556 20 228 0
-1 3304 1960 13264 379 -37 180 0
-1 3360 1908 13248 130 26 150 0
-1 3216 1892 13436 203 23 111 0
-1 3120 1764 13248 285 -36 104 0
-1 3156 1936 13132 251 3 130 0
-1 3248 1780 13356 212 8 87 0
-1 3200 1788 13444 257 8 117 0
-1 3284 1716 13272 240 -32 49 0
-1 2396 3220 13772 35 -751 547 0
-1 1580 5804 15436 -1597 -4323 4460 1
-1 1648 4580 16612 -882 -8600 9891 1
-1 3848 2408 16700 1293 -10758 13314 1
-1 7012 -3608 16496 9305 -12811 10889 1
-1 6164 -2688 13556 14845 -12960 8846 1
-1 7828 -2552 10172 15898 -17531 7207 1
-1 8952 -1716 7620 9293 -16537 2406 1
-1 12384 -1488 2808 5218 -12868 -4720 1
-1 12720 2592 1672 6355 -11391 -10277 1
-1 14188 6200 1980 3567 -7448 -16802 1
-1 14208 5280 516 -7208 -5151 -20694 1
-1 11352 3388 2920 -4575 583 -25703 1
-1 1512 14804 6472 12498 -2103 -24025 1
-1 4956 13572 940 -827 -57 -23107 1
-1 4492 14196 -2016 -12078 8216 12782 1
-1 4860 23832 2140 3278 4008 -10372 1
-1 1112 16496 10908 -10350 3870 -3356 1
-1 1536 10488 8544 -1398 1817 -411 1
-1 1188 12720 5664 -5443 1132 1013 1
-1 1716 14992 9080 3336 -1180 8088 1
-1 7196 12008 4952 10745 -2615 8875 1
-1 2144 14680 5260 7072 -3761 1448 1
-1 4516 15348 3284 4211 -2134 1953 1
-1 5016 17544 3612 2655 728 10351 1
-1 6272 14680 5396 -6074 3270 15269 1
-1 7720 9292 5224 -7570 1505 13258 1
-1 9156 3820 6032 -3510 1571 6911 1
-1 14028 -29156 14348 17368 36 -775 1
-1 2176 18292 3352 1166 -8921 -8052 1
-1 11636 12384 424 -23414 -765 -8113 1
-1 5176 6592 3588 -1379 136 -6368 1
-1 7700 18440 7948 1684 -2124 -4706 1
-1 6256 4464 9028 -32768 -7210 -4391 1
-1 7204 6980 3468 459 -2200 -865 1
-1 8512 5976 948 -375 7256 -6236 1
-1 3784 19312 14020 -13004 4013 -3935 1
-1 5752 6468 14712 -7513 -2653 2532 1
-1 6396 4992 11784 3125 -4966 4648 1
-1 9844 6712 7392 1080 -2121 2302 1
-1 6284 8724 9336 -1433 757 -865 1
-1 6636 7144 12368 -1553 2529 -1401 1
-1 8220 8312 6504 -1236 2323 -819 1
-1 6380 5796 11592 -1869 2457 -531 1
-1 7024 7620 11040 -910 1868 -126 1
-1 7260 5936 11308 -837 1460 -775 1
-1 6144 8852 9080 -671 730 325 1
-1 5656 3716 9704 -1705 2945 -814 1
-1 9688 5732 8944 -2809 7676 -2999 1
-1 1852 9676 18024 1072 6610 -3178 1
-1 3308 7248 13012 580 4610 -3185 1
-1 -1124 9676 17256 4423 6 -171 1
-1 -11980 7204 14656 1808 -741 7066 1
-1 -6524 9852 15584 -4379 -1942 8141 1
-1 -776 2960 3624 -12581 -4798 -1258 1
-1 9920 7960 9264 -11064 -4393 -3372 1
-1 32767 11512 2320 -6258 -8593 1978 1
-1 12540 -4388 4488 -7964 2746 2878 1
-1 -3736 7860 25848 14700 2906 3722 1
-1 8656 -516 12440 3955 255 486 1
-1 5720 6380 10612 1211 4732 -1744 1
-1 1976 4508 16084 1000 2007 -1289 1
-1 5256 4536 12356 1791 3051 -857 1
-1 2960 5668 14104 -157 2362 -2437 1
-1 4028 4792 11844 1744 1260 -1930 1
-1 3268 4700 12976 1764 2733 -1405 1
-1 2484 6252 11712 160 1248 -1719 1
-1 1724 6112 8744 -2121 -486 -2485 1
-1 2172 4996 19520 -8364 -3904 -4128 1
-1 1712 520 14308 -2875 -943 -3350 1
-1 3220 3964 13380 -2063 -1007 -2523 1
-1 3124 2188 11196 435 -26 -1856 1
-1 1524 6632 15392 -1835 967 -1774 1
-1 6096 -672 10708 1220 1705 74 1
-1 1548 4484 11400 699 330 1360 1
-1 1696 2760 13788 1361 -968 1159 1
-1 2940 2960 15200 43 -1085 966 1
-1 4172 2972 11908 -408 -1177 2028 1
-1 2128 3028 12588 1733 -1395 1637 1
-1 3140 2792 13792 937 -801 2117 1
-1 6284 3372 11680 1082 -81 3346 1
-1 4672 3412 8712 1465 3147 772 1
-1 2964 2868 12564 -2303 8008 -3918 1
-1 1556 4028 11888 -1922 13426 -7399 1
-1 -1908 3016 15856 -4604 13910 -7301 1
-1 -3608 2236 16744 -1730 12591 -9108 1
-1 -2136 -192 13404 2863 14202 -8966 1
-1 -4792 2780 12356 6703 12092 -8149 1
-1 -7232 2892 10768 1833 10854 -7512 1
-1 -6820 1632 8564 5566 7008 -5497 1
-1 -8776 -184 10196 5720 6762 -3653 1
-1 -15292 2208 11824 9424 6583 -22 1
-1 -6632 -648 7344 5170 1798 -4102 1
-1 -5984 764 8904 11047 2459 -6377 1
-1 -7900 5112 7848 5486 4349 -2889 1
-1 -8692 5504 6140 2218 8629 -3772 1
-1 -11832 2084 9276 63 10535 -1685 1
-1 -12200 4820 1576 2497 12030 -1841 1
-1 -14292 2796 -3364 -3824 17662 -1096 1
-1 -12876 1524 2480 -1880 12424 -1459 1
-1 -15092 4048 2936 -3204 13466 -2124 1
-1 -10672 1680 -4824 514 10527 -4629 1
-1 -18860 92 2168 1367 10042 -7084 1
-1 -20236 2684 -2904 2789 8301 -5168 1
-1 -18956 -660 -4784 2278 6831 -3712 1
-1 -17872 -372 -5120 4232 1550 -4837 1
-1 -15284 -1572 -2824 6781 108 -4944 1
-1 -16236 -844 -4168 7895 -950 -3944 1
-1 -13284 -2400 -3880 6227 -185 -2245 1
-1 -11768 -2992 -2628 2941 -186 -1168 1
-1 -12556 -772 -4676 -527 329 267 1
-1 -15360 -4380 -3468 -2903 -730 4891 1
-1 -17656 -456 -3256 -3048 432 4924 1
-1 -13968 -2624 -3136 -2547 2821 2051 1
-1 -15556 -1580 -4044 -2369 3793 2561 1
-1 -15452 -3268 -2808 52 4928 2475 1
-1 -14176 1172 -7260 5469 6673 493 1
-1 -19388 708 -6528 4483 6725 817 1
-1 -17984 600 -6852 3971 7439 -1472 1
-1 -19424 -884 -8944 4913 7090 -2079 1
-1 -17848 -1536 -9084 6021 6309 -2794 1
-1 -17228 -2872 -7492 7533 5452 -1359 1
-1 -17668 -4436 -3092 -1815 425 1878 1
-1 -15356 2740 -2164 3359 -7586 10674 1
-1 -13640 2168 -8952 9259 -7380 26413 1
-1 -23024 -1916 -19560 13987 -30144 7713 1
-1 -13788 72 -8128 -592 -6976 7947 1
-1 -13724 920 -4284 9415 -8790 10757 1
-1 -17300 2132 -5260 11533 -12194 7523 1
-1 -12432 3608 -5192 16614 -18973 7281 1
-1 -12164 5876 -3004 14857 -15203 5541 1
-1 -11096 5044 -3244 11570 -9478 2551 1
-1 -10756 6004 -2496 13209 -6642 1338 1
-1 -11288 6684 -2220 13367 -2132 -398 1
-1 -12548 8052 -2500 10235 925 -1043 1
-1 -13960 8588 -1376 6465 3041 170 1
-1 -15752 7788 -28 2860 2380 2694 1
-1 -13684 4796 2656 4577 -3344 2667 1
-1 -11776 9124 -1124 -3534 -662 -551 1
-1 -12820 7480 -3468 -8000 2084 -3787 1
-1 -13636 7008 -4220 -3748 286 -3616 1
-1 -13356 7704 -4072 2072 -1384 -2316 1
-1 -13084 8236 -3768 4381 -1852 -546 1
-1 -12456 8352 -4304 3571 -1033 577 1
-1 -13484 8736 -3740 1198 564 377 1
-1 -14460 8512 -3948 2079 699 -813 1
-1 -14432 8544 -2360 4047 -1688 -197 1
-1 -15116 8408 -2496 3278 -1924 615 1
-1 -15888 7960 -3012 3169 -4447 1757 1
-1 -13056 7792 -2044 1657 -4385 886 1
-1 -9588 6372 692 -3439 -1779 -764 1
-1 -10516 5116 -808 -2726 -2432 -2273 1
-1 -12520 5652 -3712 5551 -5523 -1231 1
-1 -11136 6916 -5152 11971 -8614 2843 1
-1 -13616 9656 -4228 18934 -4959 4323 1
-1 -14476 12408 -2380 9148 2494 168 1
-1 -13360 8120 -1524 905 5887 -185 1
-1 -15608 7376 1752 8195 2431 2709 1
-1 -13508 11176 -1872 9654 -4840 -167 1
-1 -12496 11292 -3152 -7153 94 -2907 1
-1 -12976 7156 -3620 -9271 1995 -2450 1
-1 -12792 7592 -3744 433 1509 31 1
-1 -12616 8708 -4264 -2359 605 539 1
-1 -12804 8084 -3780 -154 1588 390 1
-1 -13132 8172 -3916 912 793 927 1
-1 -13460 8548 -3536 2257 631 603 1
-1 -13620 8276 -3412 2185 235 425 1
-1 -13656 8248 -3316 2808 -332 511 1
-1 -13248 8664 -3488 2191 -1135 588 1
-1 -12860 8728 -3488 1106 -515 43 1
-1 -12916 8436 -3828 738 -179 -84 1
-1 -12884 8420 -3936 1286 -625 142 1
-1 -12992 8696 -3812 1669 -583 122 1
-1 -12928 8648 -3796 1433 -185 -267 1
-1 -13180 8872 -3420 1917 -159 -467 1
-1 -12872 9092 -3676 691 48 -354 1
-1 -13128 8920 -3592 -238 188 -122 1
-1 -13060 8632 -3844 -1384 516 -76 1
-1 -13100 8304 -4148 -1477 389 299 1
-1 -12960 8292 -4164 -1425 668 417 1
-1 -12968 8220 -4060 -813 701 324 1
-1 -13160 8348 -4084 -148 464 126 1
-1 -13136 8588 -4040 233 283 45 1
-1 -13240 8504 -3968 153 196 170 1
-1 -13228 8516 -3892 57 177 234 1
-1 -13312 8464 -4048 231 187 198 1
-1 -13220 8300 -4000 345 -32 330 1
-1 -13084 8268 -4004 215 71 292 1
-1 -13104 8248 -3924 52 242 128 1
-1 -13148 8240 -3820 193 383 -143 1
-1 -13128 8352 -3964 165 417 -340 1
-1 -13036 8524 -3868 84 293 -199 1
-1 -13012 8564 -3904 -132 414 -190 1
-1 -13080 8432 -3996 -176 214 -5 1
-1 -13200 8592 -3876 -158 102 45 1
-1 -13260 8492 -4084 -146 -119 240 1
-1 -13112 8208 -3948 -80 -266 363 1
-1 -13152 8196 -4360 -1 -213 361 1
-1 -13028 8144 -4160 180 -244 263 1
-1 -12892 8024 -4156 324 28 33 1
-1 -12812 8684 -4512 165 557 -174 1
-1 -12912 8900 -4232 -2681 2390 -172 1
-1 -13360 7980 -4212 -1966 2154 595 1
-1 -13288 7756 -3968 697 -1 889 1
-1 -13120 8616 -3440 2542 -1107 347 1
-1 -13136 8952 -3792 962 -607 -336 1
-1 -13212 8644 -4124 -83 -216 -208 1
-1 -13280 8192 -4224 -95 -215 157 1
-1 -13068 8272 -4208 233 -239 5 1
-1 -13100 8420 -4168 403 -76 -358 1
-1 -13148 8484 -4220 525 -281 -209 1
-1 -12844 8376 -4368 314 -112 5 1
-1 -12936 8504 -4212 169 233 -215 1
-1 -12988 8432 -4236 329 191 -142 1
-1 -13240 8584 -3904 473 83 55 1
-1 -13040 8632 -3988 90 184 232 1
-1 -13136 8456 -3992 -45 -42 387 1
-1 -13356 8496 -4204 68 -138 395 1
-1 -13124 8356 -4180 -206 -111 429 1
-1 -13280 8068 -4232 -207 24 230 1
-1 -13208 8164 -4196 419 -351 163 1
-1 -13160 8316 -4192 778 -323 66 1
-1 -12984 8300 -4252 788 -107 -65 1
-1 -13064 8528 -4160 686 87 -166 1
-1 -13120 8452 -4056 751 83 -119 1
-1 -13100 8580 -3984 567 123 -88 1
-1 -12996 8616 -3968 405 23 144 1
-1 -13316 8592 -3868 -30 78 115 1
-1 -13244 8160 -4140 -385 210 65 1
-1 -13268 8232 -4064 -116 10 107 1
-1 -13296 8300 -4140 -110 -53 162 1