-1 4256 6660 11620 118 7 103 1
-1 4208 6600 11664 126 19 77 1
-1 4256 6660 11756 219 -2 106 1
-1 4304 6760 11760 209 15 118 1
-1 4240 6688 11760 206 -3 127 1
-1 4248 6640 11736 235 -1 122 1
-1 4220 6740 11788 134 -12 124 1
-1 4288 6536 11848 272 -18 124 1
-1 4228 6680 11576 247 7 108 1
-1 4200 6600 11788 188 33 130 1
-1 4296 6580 11784 246 -34 118 1
-1 4212 6656 11636 250 5 124 1
-1 4248 6640 11692 276 -3 74 1
-1 4304 6612 11856 226 9 133 1
-1 4236 6660 11788 174 -1 74 1
-1 4232 6640 11740 270 -34 131 1
-1 4156 6652 11784 192 3 108 1
-1 4092 6648 11732 168 22 111 1
-1 4296 6692 11784 227 -15 105 1
-1 4188 6560 11568 220 14 97 1
-1 4196 6600 11740 255 -20 94 1
-1 4188 6696 11868 209 1 98 1
-1 4224 6660 11924 189 17 87 1
-1 4204 6672 11728 237 -37 99 1
-1 4200 6584 11604 224 -2 125 1
-1 4324 6492 11836 231 10 98 1
-1 4208 6720 11848 214 7 150 1
-1 4224 6544 11952 300 4 111 1
-1 4140 6572 11896 262 -6 144 1
-1 4248 6612 11828 270 -6 96 1
-1 4192 6592 11584 302 12 142 1
-1 4316 6712 11688 300 -8 149 1
-1 4240 6636 11804 276 -2 144 1
-1 4268 6684 11632 277 10 133 1
-1 4188 6612 11692 179 63 184 1
-1 4252 6764 11668 321 91 150 1
-1 4372 6900 12184 -32 519 95 1
-1 4192 6128 14424 3329 279 414 1
-1 2048 8408 18244 3135 -2076 -1865 1
-1 2328 6376 14568 3783 -5418 750 1
-1 2820 4516 13724 -17553 -4952 -3421 1
-1 2932 -2240 10716 -12447 -4683 -6787 1
-1 2648 -1656 7728 3051 -4839 -7568 1
-1 4320 3008 4904 6091 -1164 -15884 1
-1 508 8796 4948 20147 2844 -14767 1
-1 3076 13168 7620 7312 3912 -14956 1
-1 4860 18504 7204 2503 4398 -10586 1
-1 2400 19320 7032 7233 5240 -8666 1
-1 -2532 19412 8816 12844 7410 2569 1
-1 -2100 14920 11916 -88 5839 6942 1
-1 -2748 9808 13452 530 254 8913 1
-1 192 9208 5556 9155 1504 8715 1
-1 1264 20408 9020 21276 -3147 13592 1
-1 1756 20292 3172 10807 762 20983 1
-1 2940 15600 3692 -7476 1291 22013 1
-1 5420 5880 3424 -7909 1786 19453 1
-1 7940 2820 5912 -5172 -1587 10443 1
-1 10692 7764 2072 -29229 -5143 -857 1
-1 9356 1856 3620 -14693 1507 53 1
-1 6140 6612 6392 -16625 -20 -3579 1
-1 14144 996 7256 -8171 9182 -2041 1
-1 7572 7392 15032 -6889 5598 -1986 1
-1 6976 3632 14872 4764 8933 2448 1
-1 7080 3812 10200 11832 9972 1240 1
-1 3320 8484 13332 7641 6825 -2090 1
-1 3768 3996 16620 3325 5115 -2105 1
-1 4276 12744 12224 7933 1278 38 1
-1 3780 6560 11096 -3822 1875 493 1
-1 4072 6108 11128 6611 -418 1287 1
-1 4424 10100 10124 4170 1009 -53 1
-1 3348 8244 10740 4083 816 1395 1
-1 3312 9620 10476 3054 507 267 1
-1 3948 8492 10180 2053 -83 -161 1
-1 3540 9668 9936 2251 -169 -907 1
-1 4140 8308 8776 -156 -10 -1193 1
-1 2508 9956 10724 3099 -425 -1328 1
-1 2560 11024 9524 2240 -1724 -155 1
-1 3556 9428 9456 2722 -2635 1230 1
-1 4764 11080 11028 2647 -2036 868 1
-1 3484 10332 9240 247 -2911 555 1
-1 4280 11836 6912 -1956 -4450 -378 1
-1 6280 7464 9548 -2702 -4986 -605 1
-1 6532 7100 10400 1433 -3329 -510 1
-1 6004 11700 8580 6559 -3839 -1059 1
-1 6616 9256 9648 3712 -4302 1155 1
-1 7600 12104 8452 7843 -2989 -9 1
-1 7836 11348 5444 569 -1334 580 1
-1 5800 13184 7376 435 -621 489 1
-1 6904 10404 7420 1032 -1042 774 1
-1 7332 11192 8212 714 -1005 1142 1
-1 7876 11256 6044 1008 -770 1408 1
-1 6656 12136 4504 2943 1506 569 1
-1 8336 13300 6428 248 2827 1916 1
-1 7336 17128 5200 -6368 1456 -126 1
-1 11484 7072 9500 -2653 9669 -3406 1
-1 8212 9472 6028 -9906 9150 -9250 1
-1 1640 8632 9604 -8593 12297 -15473 1
-1 1512 5352 6992 -13217 17005 -16950 1
-1 -6224 9172 9132 -10003 21822 -14120 1
-1 -7152 3496 15384 -5700 21544 -12403 1
-1 -5572 4324 7760 -4082 15710 -9275 1
-1 -11812 3596 9836 -1053 11368 -7798 1
-1 -11260 4636 8260 1717 8990 -6942 1
-1 -12144 3444 6784 6093 7519 -5001 1
-1 -13852 3648 6136 5467 7071 -5614 1
-1 -16560 5352 2996 8108 9463 -4307 1
-1 -23848 4504 4100 19690 9070 8633 1
-1 -15288 1788 -384 15543 9456 201 1
-1 -18960 2660 -2040 22998 5251 -12431 1
-1 -7256 1900 -1052 1531 17530 -9354 1
-1 -10640 -848 4460 -3663 13121 -11223 1
-1 -10292 7920 9720 1378 576 -7338 1
-1 -14056 -3088 -2952 -11506 798 -3192 1
-1 -22948 72 -2296 -5529 -3801 -3962 1
-1 -14664 2180 -2908 -2044 -3122 1942 1
-1 -6952 6952 -7364 -4101 2821 3084 1
-1 -18056 -3032 -2324 -5476 382 -86 1
-1 -17812 -724 -2788 -489 180 1474 1
-1 -14704 1124 -516 532 452 869 1
-1 -17552 1956 -1288 -3131 -750 -246 1
-1 -18416 560 -788 -1858 -3151 -540 1
-1 -18164 1396 -2040 -3553 -6734 1485 1
-1 -16408 596 -568 -1501 -8500 -1042 1
-1 -15788 156 2080 3099 -8318 -2151 1
-1 -10920 164 1820 5232 -5146 -3835 1
-1 -14404 1004 2288 681 -3021 -4263 1
-1 -14400 -676 2492 -1830 -619 -2273 1
-1 -13904 -968 20 -1376 -2647 821 1
-1 -13936 -172 3076 -1356 -1117 -529 1
-1 -15732 -2436 5540 862 -390 113 1
-1 -17832 -688 2744 1193 -185 190 1
-1 -15392 -632 2724 1519 35 3 1
-1 -12316 -1448 1952 3272 118 -236 1
-1 -14180 72 2840 1411 232 -139 1
-1 -13304 -396 1704 210 87 -1251 1
-1 -13740 -1752 1876 379 -600 -77 1
-1 -14688 -932 3752 -205 -5 224 1
-1 -15672 -1468 3992 246 221 826 1
-1 -16880 -716 3856 659 -34 1084 1
-1 -14224 -460 2856 978 840 464 1
-1 -12968 -904 2848 1353 2127 354 1
-1 -14356 -640 2416 1308 3166 786 1
-1 -13640 -96 2596 1547 3415 1634 1
-1 -14296 -1320 1116 1521 3419 1557 1
-1 -12900 20 1928 3346 5018 765 1
-1 -16280 -520 -120 4508 5926 362 1
-1 -15940 -576 664 4655 6413 903 1
-1 -15784 812 -1512 4540 7288 1508 1
-1 -16444 168 -2184 4225 8473 1847 1
-1 -16236 1112 -2824 1680 10827 1235 1
-1 -14912 1172 -4244 3571 11416 1243 1
-1 -14320 1920 -5736 -1262 14130 977 1
-1 -17636 900 -7872 2081 12298 318 1
-1 -21372 1504 -10792 873 10531 345 1
-1 -23860 5288 -12288 -893 8879 4263 1
-1 -13148 2224 -8676 -5014 4486 9066 1
-1 -20084 -940 -1412 6724 674 2264 1
-1 -9588 2976 -444 11826 6905 6748 1
-1 -16576 2860 -10132 12670 -6814 3385 1
-1 -13816 -2280 -10272 10852 -10157 6045 1
-1 -14660 3552 -11436 8333 -9676 12551 1
-1 -12772 1692 -8552 10022 -13779 3305 1
-1 -11644 572 -5444 13700 -18748 -734 1
-1 -13728 952 -5676 20472 -15141 2329 1
-1 -14488 2568 -6640 17820 -14189 4308 1
-1 -12100 828 -8092 10368 -15447 4251 1
-1 -11092 4504 -4484 8199 -8109 5605 1
-1 -14016 536 -2196 5530 -4012 5766 1
-1 -15436 2280 2784 14781 -2832 5764 1
-1 -14824 6196 -72 5491 -1504 836 1
-1 -14172 6072 -1404 -3008 417 -924 1
-1 -14700 5812 -1020 1208 1861 298 1
-1 -13664 6368 -1876 3178 -156 1301 1
-1 -14284 6880 -2904 5316 59 1897 1
-1 -13860 8340 -2852 3117 -21 1469 1
-1 -14528 7924 -3268 -1177 1915 645 1
-1 -15024 7120 -3948 -4363 2121 -429 1
-1 -15272 6424 -4784 -4041 1913 -1035 1
-1 -14500 6040 -4656 1804 -717 209 1
-1 -13248 7228 -5476 5167 -228 623 1
-1 -12344 6920 -4300 4613 1008 453 1
-1 -11264 7284 -3324 1435 2233 -964 1
-1 -15648 5676 -3388 8911 -1040 -626 1
-1 -16436 9084 -3836 17441 -4402 1563 1
-1 -13348 9216 -2796 11055 -5134 -173 1
-1 -13432 8628 -1868 3540 476 737 1
-1 -13180 7456 -3216 -4734 1126 226 1
-1 -13520 7180 -3808 -3562 1195 -241 1
-1 -13904 7916 -4412 -2610 248 -205 1
-1 -13464 7364 -4308 -4006 -155 936 1
-1 -14668 6020 -4220 -4073 389 141 1
-1 -14784 4544 -4620 -2421 -670 -174 1
-1 -14212 4788 -4108 3716 -2123 1174 1
-1 -13884 6784 -3776 7176 -2479 453 1
-1 -13692 7760 -3052 8408 -2543 -147 1
-1 -13604 8700 -2832 5903 -1931 -463 1
-1 -13552 8132 -2624 1360 -555 -292 1
-1 -13564 7564 -2736 -705 55 232 1
-1 -13464 7552 -3148 -2406 430 226 1
-1 -13396 7024 -3508 -3005 645 523 1
-1 -13760 6484 -3912 -2026 765 477 1
-1 -13996 6856 -3416 -29 515 255 1
-1 -13512 6808 -3432 371 635 217 1
-1 -13588 7028 -3452 192 753 154 1
-1 -14012 7308 -3496 255 669 522 1
-1 -13832 6868 -4036 -191 778 647 1
-1 -14064 7108 -3032 330 968 0 1
-1 -13528 7248 -3556 -22 194 356 1
-1 -14112 7432 -4380 243 356 177 1
-1 -13344 7320 -3284 -250 463 435 1
-1 -13748 6612 -4388 174 -178 506 1
-1 -13844 7312 -4380 583 -625 992 1
-1 -14156 7412 -4540 1210 -405 945 1
-1 -13320 7348 -3904 1085 -139 616 1
-1 -13232 7652 -3844 1224 353 291 1
-1 -14224 7952 -4516 49 510 -69 1
-1 -13920 7156 -4552 155 -346 905 1
-1 -13644 7020 -4796 1546 -501 1141 1
-1 -13864 7096 -4272 3379 -1012 863 1
-1 -13488 8696 -3772 6910 -2102 1979 1
-1 -13712 7972 -4024 3604 -1758 1349 1
-1 -13148 8436 -3764 2891 -1192 811 1
-1 -13008 8316 -3748 1512 -855 338 1
-1 -13076 8748 -3912 1004 -793 469 1
-1 -13340 8520 -3876 -394 -215 126 1
-1 -13396 7984 -4112 -449 -66 -81 1
-1 -13452 7964 -4104 173 -15 -120 1
-1 -13324 8048 -4076 555 -212 -74 1
-1 -13428 8112 -4120 757 -329 -85 1
-1 -13248 8112 -4264 888 -349 59 1
-1 -13432 8036 -4208 860 -7 21 1
-1 -13088 7820 -4036 726 189 -16 1
-1 -13572 8136 -3872 559 386 -336 1
-1 -13188 8136 -3948 402 -7 -111 1
-1 -13328 8200 -3944 517 92 79 1
-1 -13036 8176 -4060 -68 345 -81 1
-1 -13392 8304 -3916 -392 589 -159 1
-1 -13380 8092 -4232 -1138 622 -60 1
-1 -13200 7916 -4272 -1737 653 -10 1
-1 -13372 7692 -4320 -1327 535 84 1
-1 -13648 7772 -4476 -896 420 -26 1
-1 -13348 7604 -4444 -462 290 8 1
-1 -13568 7784 -4376 234 233 -24 1
-1 -13236 7764 -4356 741 -63 155 1
-1 -13428 8064 -4088 767 5 91 1
-1 -13308 8064 -4076 371 16 76 1
-1 -13288 8044 -4232 251 -2 134 1
-1 -13488 8204 -4144 45 274 99 1
-1 -13552 8040 -4144 -493 109 130 1
-1 -13372 7748 -4616 -1050 34 57 1