-1 0 0 1 2051 1 1928641016 1
-1 0 0 1 2051 1 1928641016 1
-1 4016 7036 11924 -249 -282 -459 1
-1 4016 7036 11924 -249 -282 -459 1
-1 2608 7424 11020 -765 1564 517 1
-1 2608 7424 11020 -765 1564 517 1
-1 2420 6460 13628 -163 -519 -110 1
-1 2420 6460 13628 -163 -519 -110 1
-1 2656 6028 14168 1341 156 556 1
-1 2656 6028 14168 1341 156 556 1
-1 2900 6828 13236 985 -2028 260 1
-1 2900 6828 13236 985 -2028 260 1
-1 4248 6636 14264 1269 -24 -26 1
-1 4248 6636 14264 1269 -24 -26 1
-1 2664 7256 11460 238 2657 725 1
-1 2664 7256 11460 238 2657 725 1
-1 3972 8100 12704 209 164 1516 1
-1 3972 8100 12704 209 164 1516 1
-1 3872 7572 14672 626 497 -715 1
-1 3872 7572 14672 626 497 -715 1
-1 4224 7568 13396 -153 1430 229 1
-1 4224 7568 13396 -153 1430 229 1
-1 2316 6900 13700 1045 881 -59 1
-1 2316 6900 13700 1045 881 -59 1
-1 3356 7300 12344 472 126 -983 1
-1 3356 7300 12344 472 126 -983 1
-1 2012 7024 13024 572 -221 202 1
-1 2012 7024 13024 572 -221 202 1
-1 1516 7100 12616 -39 -965 -96 1
-1 1516 7100 12616 -39 -965 -96 1
-1 3744 6716 13172 -44 -1537 -214 1
-1 3744 6716 13172 -44 -1537 -214 1
-1 3620 6776 13272 574 -567 -462 1
-1 3620 6776 13272 574 -567 -462 1
-1 3860 7368 12364 313 1755 377 1
-1 3860 7368 12364 313 1755 377 1
-1 2552 7516 13204 347 -352 582 1
-1 2552 7516 13204 347 -352 582 1
-1 4220 7352 13076 225 -242 -719 1
-1 4220 7352 13076 225 -242 -719 1
-1 2644 7512 12444 38 1945 509 1
-1 2644 7512 12444 38 1945 509 1
-1 2564 6916 12704 -241 436 -364 1
-1 2564 6916 12704 -241 436 -364 1
-1 2500 6532 13956 594 540 374 1
-1 2500 6532 13956 594 540 374 1
-1 1968 6644 13772 1031 -53 -116 1
-1 1968 6644 13772 1031 -53 -116 1
-1 2744 6836 12804 345 665 1049 1
-1 2744 6836 12804 345 665 1049 1
-1 2956 7808 11864 392 -180 642 1
-1 2956 7808 11864 392 -180 642 1
-1 2700 6816 12976 -352 994 469 1
-1 2700 6816 12976 -352 994 469 1
-1 3684 6484 13572 219 -535 -724 1
-1 3684 6484 13572 219 -535 -724 1
-1 2128 7304 12832 50 2087 559 1
-1 2128 7304 12832 50 2087 559 1
-1 2640 7148 13752 541 -495 156 1
-1 2640 7148 13752 541 -495 156 1
-1 4176 7572 12444 804 373 979 1
-1 4176 7572 12444 804 373 979 1
-1 2560 7204 13196 207 -685 -147 1
-1 2560 7204 13196 207 -685 -147 1
-1 2552 6652 13508 302 203 -428 1
-1 2552 6652 13508 302 203 -428 1
-1 1896 6856 12876 -333 333 -220 1
-1 1896 6856 12876 -333 333 -220 1
-1 2504 7116 11932 -671 986 460 1
-1 2504 7116 11932 -671 986 460 1
-1 2268 6628 12560 -464 1483 245 1
-1 2268 6628 12560 -464 1483 245 1
-1 2372 6524 12900 -794 755 380 1
-1 2372 6524 12900 -794 755 380 1
-1 2424 7000 12648 -794 1471 551 1
-1 2424 7000 12648 -794 1471 551 1
-1 2420 6356 13692 -42 883 -264 1
-1 2420 6356 13692 -42 883 -264 1
-1 2056 6444 13932 -244 1720 633 1
-1 2056 6444 13932 -244 1720 633 1
-1 1996 5748 14360 371 89 -386 1
-1 1996 5748 14360 371 89 -386 1
-1 2028 6240 13320 112 1645 291 1
-1 2028 6240 13320 112 1645 291 1
-1 1684 6080 13764 447 50 73 1
-1 1684 6080 13764 447 50 73 1
-1 1720 6188 13308 17 1300 162 1
-1 1720 6188 13308 17 1300 162 1
-1 1196 6816 12152 -354 548 500 1
-1 1196 6816 12152 -354 548 500 1
-1 3052 5924 15448 -172 -656 -921 1
-1 3052 5924 15448 -172 -656 -921 1
-1 684 6184 13492 -532 1641 485 1
-1 684 6184 13492 -532 1641 485 1
-1 852 5984 12780 -581 51 -185 1
-1 852 5984 12780 -581 51 -185 1
-1 1980 5724 13208 -742 546 570 1
-1 1980 5724 13208 -742 546 570 1
-1 1364 5216 14140 682 -1404 -524 1
-1 1364 5216 14140 682 -1404 -524 1
-1 1972 5552 14400 289 1273 422 1
-1 1972 5552 14400 289 1273 422 1
-1 888 5496 13256 1275 -1390 -769 1
-1 888 5496 13256 1275 -1390 -769 1
-1 416 6376 12832 4 1883 -368 1
-1 416 6376 12832 4 1883 -368 1
-1 1776 5820 13640 -285 440 -105 1
-1 1776 5820 13640 -285 440 -105 1
-1 1036 6408 14080 -817 1764 62 1
-1 1036 6408 14080 -817 1764 62 1
-1 936 4976 15536 -246 -1192 -484 1
-1 936 4976 15536 -246 -1192 -484 1
-1 556 5720 12752 -765 1139 781 1
-1 556 5720 12752 -765 1139 781 1
-1 548 5480 13372 -120 -341 -411 1
-1 548 5480 13372 -120 -341 -411 1
-1 1756 5500 13572 -738 1141 597 1
-1 1756 5500 13572 -738 1141 597 1
-1 196 5088 13988 163 -1729 -303 1
-1 196 5088 13988 163 -1729 -303 1
-1 2436 4868 14248 -157 1156 168 1
-1 2436 4868 14248 -157 1156 168 1
-1 524 5124 12888 -26 210 -56 1
-1 524 5124 12888 -26 210 -56 1
-1 540 5012 13560 417 -534 191 1
-1 540 5012 13560 417 -534 191 1
-1 1880 5572 13284 -230 493 -632 1
-1 1880 5572 13284 -230 493 -632 1
-1 448 4800 15372 492 1177 246 1
-1 448 4800 15372 492 1177 246 1
-1 420 4844 14300 178 986 -77 1
-1 420 4844 14300 178 986 -77 1
-1 1196 4848 13432 -21 510 3 1
-1 1196 4848 13432 -21 510 3 1
-1 -76 4732 14148 -174 1682 -89 1
-1 -76 4732 14148 -174 1682 -89 1
-1 1088 4716 13700 -82 191 -365 1
-1 1088 4716 13700 -82 191 -365 1
-1 -2052 4644 14136 310 2563 355 1
-1 -2052 4644 14136 310 2563 355 1
-1 -720 4908 14628 -551 236 416 1
-1 -720 4908 14628 -551 236 416 1
-1 -48 4876 13960 -219 432 756 1
-1 -48 4876 13960 -219 432 756 1
-1 -12 4568 13948 -143 -1146 -795 1
-1 -12 4568 13948 -143 -1146 -795 1
-1 212 4384 14004 -227 33 98 1
-1 212 4384 14004 -227 33 98 1
-1 144 4848 12804 -1475 1922 -292 1
-1 144 4848 12804 -1475 1922 -292 1
-1 -244 4056 15016 -468 495 -535 1
-1 -244 4056 15016 -468 495 -535 1
-1 -1156 4316 14328 -1019 377 -146 1
-1 -1156 4316 14328 -1019 377 -146 1
-1 -100 3956 14908 -456 377 6 1
-1 -100 3956 14908 -456 377 6 1
-1 -848 3504 14840 -99 712 -1079 1
-1 -848 3504 14840 -99 712 -1079 1
-1 -580 4116 12964 -1084 -99 11 1
-1 -580 4116 12964 -1084 -99 11 1
-1 76 3820 13808 -956 340 -1434 1
-1 76 3820 13808 -956 340 -1434 1
-1 -1552 3800 14212 -1241 798 -452 1
-1 -1552 3800 14212 -1241 798 -452 1
-1 -796 3068 14892 -420 -803 -1297 1
-1 -796 3068 14892 -420 -803 -1297 1
-1 -884 3188 13788 -1490 1082 -244 1
-1 -884 3188 13788 -1490 1082 -244 1
-1 -1132 3172 14400 -178 -207 -700 1
-1 -1132 3172 14400 -178 -207 -700 1
-1 -572 2648 14512 -1501 1105 187 1
-1 -572 2648 14512 -1501 1105 187 1
-1 -1476 2852 14912 -139 178 -300 1
-1 -1476 2852 14912 -139 178 -300 1
-1 -524 2300 14260 -857 717 208 1
-1 -524 2300 14260 -857 717 208 1
-1 -1128 2328 14528 -531 1080 -509 1
-1 -1128 2328 14528 -531 1080 -509 1
-1 -1596 2332 13912 132 340 -355 1
-1 -1596 2332 13912 132 340 -355 1
-1 -1008 2604 13692 -366 525 -689 1
-1 -1008 2604 13692 -366 525 -689 1
-1 -1180 2240 14772 -726 1185 -551 1
-1 -1180 2240 14772 -726 1185 -551 1
-1 -1036 2572 14572 -446 200 -1026 1
-1 -1036 2572 14572 -446 200 -1026 1
-1 -2292 2236 14904 -328 438 -416 1
-1 -2292 2236 14904 -328 438 -416 1
-1 -1404 1424 14672 -14 -838 -439 1
-1 -1404 1424 14672 -14 -838 -439 1
-1 -644 2264 13348 -283 393 -130 1
-1 -644 2264 13348 -283 393 -130 1
-1 -1720 1740 14876 -535 643 -958 1
-1 -1720 1740 14876 -535 643 -958 1
-1 -2356 1660 14412 0 -571 118 1
-1 -2356 1660 14412 0 -571 118 1
-1 -900 1676 14200 316 -112 -860 1
-1 -900 1676 14200 316 -112 -860 1
-1 -2548 1820 14740 60 754 -562 1
-1 -2548 1820 14740 60 754 -562 1
-1 -2120 1680 14964 87 283 -638 1
-1 -2120 1680 14964 87 283 -638 1
-1 -1868 1340 15076 661 -72 -388 1
-1 -1868 1340 15076 661 -72 -388 1
-1 -2056 1628 14712 773 -231 -188 1
-1 -2056 1628 14712 773 -231 -188 1
-1 -1796 1412 14616 880 -355 -634 1
-1 -1796 1412 14616 880 -355 -634 1
-1 -2652 1592 14776 1639 105 -57 1
-1 -2652 1592 14776 1639 105 -57 1
-1 -1216 892 15428 1606 -1659 -31 1
-1 -1216 892 15428 1606 -1659 -31 1
-1 -1104 1408 14928 2749 -731 -796 1
-1 -1104 1408 14928 2749 -731 -796 1
-1 -2504 936 14668 2631 -1822 -619 1
-1 -2504 936 14668 2631 -1822 -619 1
-1 -1012 1760 14484 2206 -2239 -1057 1
-1 -1012 1760 14484 2206 -2239 -1057 1
-1 -1376 984 16056 2845 -2356 -1158 1
-1 -1376 984 16056 2845 -2356 -1158 1
-1 -832 1952 14448 3294 -2776 -998 1
-1 -832 1952 14448 3294 -2776 -998 1
-1 -896 2260 13432 2056 -2081 -922 1
-1 -896 2260 13432 2056 -2081 -922 1
-1 120 2176 15128 3398 239 -337 1
-1 120 2176 15128 3398 239 -337 1
-1 -712 2132 15212 3586 1061 -124 1
-1 -712 2132 15212 3586 1061 -124 1
-1 -1140 2776 13280 4038 975 1378 1
-1 -1140 2776 13280 4038 975 1378 1
-1 -892 3924 14308 4036 941 1201 1
-1 -892 3924 14308 4036 941 1201 1
-1 592 4588 13928 2648 -788 -178 1
-1 592 4588 13928 2648 -788 -178 1
-1 668 5620 13904 3005 779 -1370 1
-1 668 5620 13904 3005 779 -1370 1
-1 352 6144 13508 3342 -1765 -2975 1
-1 352 6144 13508 3342 -1765 -2975 1
-1 128 6752 12392 2314 -2275 -2830 1
-1 128 6752 12392 2314 -2275 -2830 1
-1 -80 5956 14940 2814 -2629 -4711 1
-1 -80 5956 14940 2814 -2629 -4711 1
-1 -236 6948 12944 2809 -2217 -4213 1
-1 -236 6948 12944 2809 -2217 -4213 1
-1 -436 6456 13100 2642 -822 -4606 1
-1 -436 6456 13100 2642 -822 -4606 1
-1 324 7652 10732 1894 -2728 -4389 1
-1 324 7652 10732 1894 -2728 -4389 1
-1 -300 6456 13644 2218 -772 -2932 1
-1 -300 6456 13644 2218 -772 -2932 1
-1 292 7440 11332 1095 -1354 -3534 1
-1 292 7440 11332 1095 -1354 -3534 1
-1 600 6024 13280 1230 1860 -1800 1
-1 600 6024 13280 1230 1860 -1800 1
-1 -1448 6624 12756 1395 -1558 -5013 1
-1 -1448 6624 12756 1395 -1558 -5013 1
-1 -760 7932 12768 974 980 -3443 1
-1 -760 7932 12768 974 980 -3443 1
-1 -1076 8872 11640 -58 -2051 -5821 1
-1 -1076 8872 11640 -58 -2051 -5821 1
-1 -2692 7456 15936 842 2284 -3339 1
-1 -2692 7456 15936 842 2284 -3339 1
-1 -2860 9380 11292 1168 270 -4127 1
-1 -2860 9380 11292 1168 270 -4127 1
-1 -2300 8920 13476 -1120 -3545 -4262 1
-1 -2300 8920 13476 -1120 -3545 -4262 1
-1 -2964 9240 12384 426 -1622 -3840 1
-1 -2964 9240 12384 426 -1622 -3840 1
-1 -1400 8596 12592 -2349 -5600 -3182 1
-1 -1400 8596 12592 -2349 -5600 -3182 1
-1 -1212 7232 15112 88 -2654 -3522 1
-1 -1212 7232 15112 88 -2654 -3522 1
-1 -880 7912 14392 -212 -3205 -3574 1
-1 -880 7912 14392 -212 -3205 -3574 1
-1 -184 8088 14464 -2089 -5471 -4174 1
-1 -184 8088 14464 -2089 -5471 -4174 1
-1 1104 6904 15608 -443 -3733 -4910 1
-1 1104 6904 15608 -443 -3733 -4910 1
-1 -1664 6472 14040 -990 -417 -709 1
-1 -1664 6472 14040 -990 -417 -709 1
-1 2364 3388 15560 -793 -10111 -4455 1
-1 2364 3388 15560 -793 -10111 -4455 1
-1 -852 3072 13168 4824 2639 -2865 1
-1 -852 3072 13168 4824 2639 -2865 1
-1 -456 4408 12232 3631 -627 -3549 1
-1 -456 4408 12232 3631 -627 -3549 1
-1 560 3348 12988 1688 -1797 -4859 1
-1 560 3348 12988 1688 -1797 -4859 1
-1 -3452 3928 13008 3515 -713 -5161 1
-1 -3452 3928 13008 3515 -713 -5161 1
-1 -836 4480 13276 552 -5026 -5782 1
-1 -836 4480 13276 552 -5026 -5782 1
-1 1624 4376 16196 5836 -681 -5357 1
-1 1624 4376 16196 5836 -681 -5357 1
-1 340 7332 11260 5961 -585 -6381 1
-1 340 7332 11260 5961 -585 -6381 1
-1 2216 7804 13092 5401 -2059 -6124 1
-1 2216 7804 13092 5401 -2059 -6124 1
-1 1096 8448 11800 5587 4474 -5983 1
-1 1096 8448 11800 5587 4474 -5983 1
-1 -2416 9000 9868 2526 575 -6495 1
-1 -2416 9000 9868 2526 575 -6495 1
-1 -300 8300 14148 91 -338 -6309 1
-1 -300 8300 14148 91 -338 -6309 1
-1 -3188 7908 12720 1146 -623 -4756 1
-1 -3188 7908 12720 1146 -623 -4756 1
-1 -1908 7364 14336 1019 -464 -4112 1
-1 -1908 7364 14336 1019 -464 -4112 1
-1 -2672 6796 13760 2141 -3411 -2663 1
-1 -2672 6796 13760 2141 -3411 -2663 1
-1 -936 7348 13520 1312 -401 -1297 1
-1 -936 7348 13520 1312 -401 -1297 1
-1 -1640 8360 12388 1957 -2413 -731 1
-1 -1640 8360 12388 1957 -2413 -731 1
-1 -940 8484 11712 1559 -368 615 1
-1 -940 8484 11712 1559 -368 615 1
-1 1408 8084 11672 1774 -295 -146 1
-1 1408 8084 11672 1774 -295 -146 1
-1 -1816 9280 9472 2167 3768 3002 1
-1 -1816 9280 9472 2167 3768 3002 1
-1 260 8784 12216 563 -531 2336 1
-1 260 8784 12216 563 -531 2336 1
-1 -756 7724 9836 1821 2292 2159 1
-1 -756 7724 9836 1821 2292 2159 1
-1 -2436 7428 9952 3084 1944 -503 1
-1 -2436 7428 9952 3084 1944 -503 1
-1 -3408 9852 7356 2358 3846 -1964 1
-1 -3408 9852 7356 2358 3846 -1964 1
-1 -6388 8132 10340 1210 2417 -2587 1
-1 -6388 8132 10340 1210 2417 -2587 1
-1 -5960 9340 12040 839 -5275 -2971 1
-1 -5960 9340 12040 839 -5275 -2971 1
-1 -3896 10388 9684 2541 -940 -695 1
-1 -3896 10388 9684 2541 -940 -695 1
-1 -5144 11280 7012 1286 -1911 -1019 1
-1 -5144 11280 7012 1286 -1911 -1019 1
-1 -6024 10416 8980 1735 2210 -897 1
-1 -6024 10416 8980 1735 2210 -897 1
-1 -5600 10644 10220 1004 4050 1001 1
-1 -5600 10644 10220 1004 4050 1001 1
-1 -3648 8260 12496 2086 -938 72 1
-1 -3648 8260 12496 2086 -938 72 1
-1 -4252 9928 9704 988 2558 -95 1
-1 -4252 9928 9704 988 2558 -95 1
-1 -2880 7476 13700 1140 -1691 -166 1
-1 -2880 7476 13700 1140 -1691 -166 1
-1 -3052 8348 11388 2419 -576 -635 1
-1 -3052 8348 11388 2419 -576 -635 1
-1 -3252 9380 11388 2351 -377 -1070 1
-1 -3252 9380 11388 2351 -377 -1070 1
-1 -3928 11096 9592 2018 -105 -1463 1
-1 -3928 11096 9592 2018 -105 -1463 1
-1 -4776 11408 9404 2174 -199 -1262 1
-1 -4776 11408 9404 2174 -199 -1262 1
-1 -5472 11348 7268 1190 37 -1070 1
-1 -5472 11348 7268 1190 37 -1070 1
-1 -4068 11956 6356 -118 -1686 -763 1
-1 -4068 11956 6356 -118 -1686 -763 1
-1 -2976 12220 8308 -977 -1583 -477 1
-1 -2976 12220 8308 -977 -1583 -477 1
-1 -3212 10804 8412 -425 77 -61 1
-1 -3212 10804 8412 -425 77 -61 1
-1 -2524 11384 6288 -985 1190 1062 1
-1 -2524 11384 6288 -985 1190 1062 1
-1 -2220 11980 9484 -1300 2844 1646 1
-1 -2220 11980 9484 -1300 2844 1646 1
-1 -5064 13164 9624 -2217 4803 2598 1
-1 -5064 13164 9624 -2217 4803 2598 1
-1 -5232 12100 9276 -1922 4651 5004 1
-1 -5232 12100 9276 -1922 4651 5004 1
-1 -3936 11252 9556 -2367 4865 4871 1
-1 -3936 11252 9556 -2367 4865 4871 1
-1 -6280 10500 11164 -3212 2017 4099 1
-1 -6280 10500 11164 -3212 2017 4099 1
-1 -4772 8568 11480 -1662 2589 5737 1
-1 -4772 8568 11480 -1662 2589 5737 1
-1 784 11412 9504 -1508 1307 4263 1
-1 784 11412 9504 -1508 1307 4263 1
-1 -1436 8880 12972 556 5097 2410 1
-1 -1436 8880 12972 556 5097 2410 1
-1 -1376 8692 8132 1949 921 -241 1
-1 -1376 8692 8132 1949 921 -241 1
-1 -3828 7588 9184 2556 2074 -306 1
-1 -3828 7588 9184 2556 2074 -306 1
-1 -2176 7932 9376 1489 -5004 -2213 1
-1 -2176 7932 9376 1489 -5004 -2213 1
-1 -1888 9812 8704 1394 514 -1627 1
-1 -1888 9812 8704 1394 514 -1627 1
-1 1076 9864 11232 1227 -2042 -6209 1
-1 1076 9864 11232 1227 -2042 -6209 1
-1 -3636 9188 10180 1045 1827 -6560 1
-1 -3636 9188 10180 1045 1827 -6560 1
-1 -3080 10264 8196 1016 -3290 -8299 1
-1 -3080 10264 8196 1016 -3290 -8299 1
-1 -2756 9696 8344 -1339 -1839 -10450 1
-1 -2756 9696 8344 -1339 -1839 -10450 1
-1 -5608 7952 10272 -1175 -4648 -11552 1
-1 -5608 7952 10272 -1175 -4648 -11552 1
-1 -7156 8704 10788 -1173 -2287 -13216 1
-1 -7156 8704 10788 -1173 -2287 -13216 1
-1 -6444 7584 11388 -1020 -1176 -11167 1
-1 -6444 7584 11388 -1020 -1176 -11167 1
-1 -12908 4012 12800 434 -574 -9600 1
-1 -12908 4012 12800 434 -574 -9600 1
-1 -9840 4588 12724 674 -3086 -4505 1
-1 -9840 4588 12724 674 -3086 -4505 1
-1 -6740 5844 10016 -1495 -3311 -5450 1
-1 -6740 5844 10016 -1495 -3311 -5450 1
-1 -9744 3392 13264 -544 2935 -5915 1
-1 -9744 3392 13264 -544 2935 -5915 1
-1 -11064 4244 10344 -1204 2089 -3160 1
-1 -11064 4244 10344 -1204 2089 -3160 1
-1 -10292 5188 10832 -2757 2100 -1958 1
-1 -10292 5188 10832 -2757 2100 -1958 1
-1 -10336 3812 13684 -3455 1034 93 1
-1 -10336 3812 13684 -3455 1034 93 1
-1 -12444 2548 13400 -5464 3255 2018 1
-1 -12444 2548 13400 -5464 3255 2018 1
-1 -12324 1604 12428 -4212 -343 3358 1
-1 -12324 1604 12428 -4212 -343 3358 1
-1 -5480 3116 11180 -7917 -5737 2853 1
-1 -5480 3116 11180 -7917 -5737 2853 1
-1 -4608 1436 15252 422 -900 1925 1
-1 -4608 1436 15252 422 -900 1925 1
-1 -7864 948 14312 1039 3887 2236 1
-1 -7864 948 14312 1039 3887 2236 1
-1 -11308 -2988 17012 3044 2150 4024 1
-1 -11308 -2988 17012 3044 2150 4024 1
-1 -10884 -2588 10692 4520 -2430 4547 1
-1 -10884 -2588 10692 4520 -2430 4547 1
-1 -9148 92 11252 6366 2917 7701 1
-1 -9148 92 11252 6366 2917 7701 1
-1 -5968 2444 12216 6120 -3398 6666 1
-1 -5968 2444 12216 6120 -3398 6666 1
-1 -212 5228 12044 7170 -3775 3355 1
-1 -212 5228 12044 7170 -3775 3355 1
-1 -1100 5776 9748 11395 3464 191 1
-1 -1100 5776 9748 11395 3464 191 1
-1 -1592 8288 6664 8878 1279 -1050 1
-1 -1592 8288 6664 8878 1279 -1050 1
-1 -2120 9944 6896 6996 -1427 -4712 1
-1 -2120 9944 6896 6996 -1427 -4712 1
-1 -3216 8512 9064 7536 4229 -7526 1
-1 -3216 8512 9064 7536 4229 -7526 1
-1 -6828 8652 7340 7818 5800 -6835 1
-1 -6828 8652 7340 7818 5800 -6835 1
-1 -4764 9340 4168 6510 -1951 -11554 1
-1 -4764 9340 4168 6510 -1951 -11554 1
-1 -9932 8736 2484 7542 11696 -6409 1
-1 -9932 8736 2484 7542 11696 -6409 1
-1 -11228 9624 4396 637 -849 -9171 1
-1 -11228 9624 4396 637 -849 -9171 1
-1 -13236 10012 3308 2080 3656 -3302 1
-1 -13236 10012 3308 2080 3656 -3302 1
-1 -13424 8976 3748 228 1557 -2122 1
-1 -13424 8976 3748 228 1557 -2122 1
-1 -11896 8416 4852 -1720 -14 -2311 1
-1 -11896 8416 4852 -1720 -14 -2311 1
-1 -13276 7464 6788 -1148 -1607 -2372 1
-1 -13276 7464 6788 -1148 -1607 -2372 1
-1 -12156 7456 5856 1511 75 -5268 1
-1 -12156 7456 5856 1511 75 -5268 1
-1 -17632 8264 3480 1361 -5621 -6652 1
-1 -17632 8264 3480 1361 -5621 -6652 1
-1 -14804 6956 7348 319 -14424 -1005 1
-1 -14804 6956 7348 319 -14424 -1005 1
-1 -12932 5228 3804 -2903 -4460 -4666 1
-1 -12932 5228 3804 -2903 -4460 -4666 1
-1 -12264 4216 8344 -4946 -6674 -584 1
-1 -12264 4216 8344 -4946 -6674 -584 1
-1 -12800 3528 7448 -4666 -4629 -217 1
-1 -12800 3528 7448 -4666 -4629 -217 1
-1 -10224 2772 11932 -3829 -974 409 1
-1 -10224 2772 11932 -3829 -974 409 1
-1 -12356 2624 12216 -2302 -6711 -1520 1
-1 -12356 2624 12216 -2302 -6711 -1520 1
-1 -11768 3220 9144 -3100 2004 -4000 1
-1 -11768 3220 9144 -3100 2004 -4000 1
-1 -11172 2800 8524 -4338 -2113 -863 1
-1 -11172 2800 8524 -4338 -2113 -863 1
-1 -7284 160 12332 -2621 -4934 -6500 1
-1 -7284 160 12332 -2621 -4934 -6500 1
-1 -10348 328 11464 -649 2122 -10764 1
-1 -10348 328 11464 -649 2122 -10764 1
-1 -13000 -1500 19148 1465 -3475 -9642 1
-1 -13000 -1500 19148 1465 -3475 -9642 1
-1 -11152 -1000 10744 -1354 -1005 -8363 1
-1 -11152 -1000 10744 -1354 -1005 -8363 1
-1 -9504 -3024 9640 -3605 -668 -7050 1
-1 -9504 -3024 9640 -3605 -668 -7050 1
-1 -9840 -3964 12716 -3231 392 -6700 1
-1 -9840 -3964 12716 -3231 392 -6700 1
-1 -9292 -3980 11464 -2771 5338 -4236 1
-1 -9292 -3980 11464 -2771 5338 -4236 1
-1 -9448 -5240 9328 -173 -5890 -3990 1
-1 -9448 -5240 9328 -173 -5890 -3990 1
-1 -12620 -5452 10284 -1697 5360 -974 1
-1 -12620 -5452 10284 -1697 5360 -974 1
-1 -13796 -4748 11392 7875 -10592 2746 1
-1 -13796 -4748 11392 7875 -10592 2746 1
-1 -6048 -3640 10012 17683 1201 3097 1
-1 -6048 -3640 10012 17683 1201 3097 1
-1 -8152 -1320 10188 10002 270 916 1
-1 -8152 -1320 10188 10002 270 916 1
-1 -9764 408 10408 3502 -8308 4571 1
-1 -9764 408 10408 3502 -8308 4571 1
-1 -10020 1216 10380 18280 -3671 7593 1
-1 -10020 1216 10380 18280 -3671 7593 1
-1 -6184 1396 11964 -954 -13482 5393 1
-1 -6184 1396 11964 -954 -13482 5393 1
-1 -7720 2228 13876 -2959 -2836 -2580 1
-1 -7720 2228 13876 -2959 -2836 -2580 1
-1 -5280 1096 14156 -3050 -8489 1963 1
-1 -5280 1096 14156 -3050 -8489 1963 1
-1 -4212 128 11916 9610 -3118 -1015 1
-1 -4212 128 11916 9610 -3118 -1015 1
-1 -3740 2504 12256 -11385 -9623 2573 1
-1 -3740 2504 12256 -11385 -9623 2573 1
-1 -5696 7276 17148 6204 1684 -11035 1
-1 -5696 7276 17148 6204 1684 -11035 1
-1 12 784 12400 -6917 -4890 -3595 1
-1 12 784 12400 -6917 -4890 -3595 1
-1 -3868 1736 15216 -5168 -3372 -1463 1
-1 -3868 1736 15216 -5168 -3372 -1463 1
-1 532 1396 15456 -1303 -4787 2999 1
-1 532 1396 15456 -1303 -4787 2999 1
-1 -3572 896 13892 -1036 -3121 979 1
-1 -3572 896 13892 -1036 -3121 979 1
-1 -1280 844 14208 -4141 -4101 -1512 1
-1 -1280 844 14208 -4141 -4101 -1512 1
-1 -2700 948 14744 -242 383 -2952 1
-1 -2700 948 14744 -242 383 -2952 1
-1 -8788 2992 22228 12662 32767 -14082 1
-1 -8788 2992 22228 12662 32767 -14082 1
-1 -9452 3268 23680 -7291 32767 -20000 1
-1 -9452 3268 23680 -7291 32767 -20000 1
-1 -5340 1452 1048 -19225 18461 16613 1
-1 -5340 1452 1048 -19225 18461 16613 1
-1 -15164 -1412 4864 3116 -970 1814 1
-1 -15164 -1412 4864 3116 -970 1814 1
-1 -12484 -1876 6412 -1503 -4593 -1539 1
-1 -12484 -1876 6412 -1503 -4593 -1539 1
-1 -10920 2384 8984 -668 4484 -436 1
-1 -10920 2384 8984 -668 4484 -436 1
-1 -9584 -1296 12060 70 2056 838 1
-1 -9584 -1296 12060 70 2056 838 1
-1 -14720 -916 8104 1067 5946 -415 1
-1 -14720 -916 8104 1067 5946 -415 1
-1 -12204 428 6596 35 1832 -328 1
-1 -12204 428 6596 35 1832 -328 1
-1 -12920 3364 8492 997 692 158 1
-1 -12920 3364 8492 997 692 158 1
-1 -12588 732 7140 682 2016 -1531 1
-1 -12588 732 7140 682 2016 -1531 1
-1 -13444 1188 5484 963 11764 -2992 1
-1 -13444 1188 5484 963 11764 -2992 1
-1 -14148 76 6740 558 5395 -2246 1
-1 -14148 76 6740 558 5395 -2246 1
-1 -13692 76 5764 255 2031 190 1
-1 -13692 76 5764 255 2031 190 1
-1 -13520 84 6048 419 594 5 1
-1 -13520 84 6048 419 594 5 1
-1 -13564 0 5776 390 676 0 1
-1 -13564 0 5776 390 676 0 1
-1 -13640 128 5544 504 567 -93 1
-1 -13640 128 5544 504 567 -93 1
-1 -13344 212 7056 338 155 46 1
-1 -13344 212 7056 338 155 46 1
-1 -13724 128 5740 409 628 -6 1
-1 -13724 128 5740 409 628 -6 1
-1 -13704 112 5404 401 483 4 1
-1 -13704 112 5404 401 483 4 1
-1 -13744 112 5456 406 214 3 1
-1 -13744 112 5456 406 214 3 1
-1 -13744 104 5488 546 318 -82 1
-1 -13744 104 5488 546 318 -82 1
-1 -13892 120 4844 420 206 7 1
-1 -13892 120 4844 420 206 7 1
-1 -13884 -12 5304 372 16 -3 1
-1 -13884 -12 5304 372 16 -3 1
-1 -13784 56 5312 395 116 12 1
-1 -13784 56 5312 395 116 12 1
-1 -13904 28 5276 395 132 -4 1
-1 -13904 28 5276 395 132 -4 1
-1 -13828 80 5212 387 184 9 1
-1 -13828 80 5212 387 184 9 1
-1 -13884 12 5260 386 177 -2 1
-1 -13884 12 5260 386 177 -2 1
-1 -13784 48 5156 400 137 4 1
-1 -13784 48 5156 400 137 4 1
-1 -14632 -492 5268 853 994 -108 1
-1 -14632 -492 5268 853 994 -108 1
-1 -13876 124 5296 387 -760 17 1
-1 -13876 124 5296 387 -760 17 1
-1 -13896 92 5320 381 412 11 1
-1 -13896 92 5320 381 412 11 1
-1 -13896 116 5000 391 281 0 1
-1 -13896 116 5000 391 281 0 1
-1 -13996 100 4896 404 26 15 1
-1 -13996 100 4896 404 26 15 1
-1 -13916 128 5152 387 94 8 1
-1 -13916 128 5152 387 94 8 1
-1 -13984 28 5084 373 89 11 1
-1 -13984 28 5084 373 89 11 1
-1 -13932 88 5128 398 102 6 1
-1 -13932 88 5128 398 102 6 1
-1 -13980 52 5040 402 120 1 1
-1 -13980 52 5040 402 120 1 1
-1 -13936 52 5056 429 123 38 1
-1 -13936 52 5056 429 123 38 1
-1 -13956 64 4948 401 120 0 1
-1 -13956 64 4948 401 120 0 1
-1 -13972 -28 5000 412 38 5 1
-1 -13972 -28 5000 412 38 5 1
-1 -13940 48 4836 393 8 11 1
-1 -13940 48 4836 393 8 11 1
-1 -14068 104 4876 386 27 14 1
-1 -14068 104 4876 386 27 14 1
-1 -13964 12 4888 378 38 1 1
-1 -13964 12 4888 378 38 1 1
-1 -14008 104 4884 373 -3 8 1
-1 -14008 104 4884 373 -3 8 1
-1 -13940 48 4908 396 -38 -2 1
-1 -13940 48 4908 396 -38 -2 1
-1 -13928 56 5004 398 -38 14 1
-1 -13928 56 5004 398 -38 14 1
-1 -13936 32 4768 401 109 -6 1
-1 -13936 32 4768 401 109 -6 1
-1 -13968 120 4920 406 69 2 1
-1 -13968 120 4920 406 69 2 1
-1 -14052 20 4872 438 55 -14 1
-1 -14052 20 4872 438 55 -14 1
-1 -13924 92 4996 401 818 11 1
-1 -13924 92 4996 401 818 11 1
-1 -13968 88 4492 392 -86 18 1
-1 -13968 88 4492 392 -86 18 1
-1 -14172 152 4848 386 -44 -11 1
-1 -14172 152 4848 386 -44 -11 1
-1 -14032 116 4724 379 -68 -6 1
-1 -14032 116 4724 379 -68 -6 1
-1 -14016 0 4756 432 -70 7 1
-1 -14016 0 4756 432 -70 7 1
-1 -14124 56 4932 381 -33 -5 1
-1 -14124 56 4932 381 -33 -5 1
-1 -13960 -24 4880 375 -46 13 1
-1 -13960 -24 4880 375 -46 13 1
-1 -14008 16 4984 374 -21 3 1
-1 -14008 16 4984 374 -21 3 1
-1 -14008 104 4940 390 24 29 1
-1 -14008 104 4940 390 24 29 1
-1 -14000 64 4848 412 62 22 1
-1 -14000 64 4848 412 62 22 1
-1 -14064 -4 4784 398 47 1 1
-1 -14064 -4 4784 398 47 1 1
-1 -14096 132 4848 376 54 -1 1
-1 -14096 132 4848 376 54 -1 1
-1 -14000 -44 4748 413 47 10 1
-1 -14000 -44 4748 413 47 10 1
-1 -14000 -52 4968 402 47 -12 1
-1 -14000 -52 4968 402 47 -12 1
-1 -14168 12 4780 388 27 -15 1
-1 -14168 12 4780 388 27 -15 1
-1 -14232 108 4616 426 112 -33 1
-1 -14232 108 4616 426 112 -33 1
-1 -13616 84 4484 375 3 6 1
-1 -13616 84 4484 375 3 6 1
-1 -14132 60 4664 378 -103 -11 1
-1 -14132 60 4664 378 -103 -11 1
-1 -13960 68 4848 409 -125 16 1
-1 -13960 68 4848 409 -125 16 1
-1 -14084 -64 4876 391 16 23 1
-1 -14084 -64 4876 391 16 23 1
-1 -14084 8 4812 384 32 14 1
-1 -14084 8 4812 384 32 14 1
-1 -14004 76 4760 393 45 13 1
-1 -14004 76 4760 393 45 13 1
-1 -14084 76 4776 405 4 13 1
-1 -14084 76 4776 405 4 13 1
-1 -14076 84 4868 411 33 4 1
-1 -14076 84 4868 411 33 4 1
-1 -14088 76 4788 425 17 -4 1
-1 -14088 76 4788 425 17 -4 1
-1 -14000 92 4832 383 35 0 1
-1 -14000 92 4832 383 35 0 1
-1 -14080 84 4688 407 3 11 1
-1 -14080 84 4688 407 3 11 1
-1 -14104 216 4936 398 291 -10 1
-1 -14104 216 4936 398 291 -10 1
-1 -14152 12 4648 409 149 10 1
-1 -14152 12 4648 409 149 10 1
-1 -13992 88 4732 376 -95 12 1
-1 -13992 88 4732 376 -95 12 1
-1 -14056 172 4840 405 -20 3 1
-1 -14056 172 4840 405 -20 3 1
-1 -14120 48 4688 373 17 -8 1
-1 -14120 48 4688 373 17 -8 1
-1 -14040 128 4680 416 -10 5 1
-1 -14040 128 4680 416 -10 5 1
-1 -14068 76 4764 392 -14 12 1
-1 -14068 76 4764 392 -14 12 1
-1 -14168 52 4732 400 -83 -1 1
-1 -14168 52 4732 400 -83 -1 1
-1 -14112 76 4600 403 -28 14 1
-1 -14112 76 4600 403 -28 14 1
-1 -14060 20 4856 377 4 -12 1
-1 -14060 20 4856 377 4 -12 1
-1 -14260 1448 4772 1019 648 -190 1
-1 -14260 1448 4772 1019 648 -190 1
-1 -14228 64 4464 397 -458 4 1
-1 -14228 64 4464 397 -458 4 1
-1 -14032 96 4832 388 7 25 1
-1 -14032 96 4832 388 7 25 1
-1 -14088 -44 4464 387 114 -9 1
-1 -14088 -44 4464 387 114 -9 1
-1 -14100 52 4656 381 -81 10 1
-1 -14100 52 4656 381 -81 10 1
-1 -14100 12 4644 390 29 12 1
-1 -14100 12 4644 390 29 12 1
-1 -14332 -80 4128 466 342 16 1
-1 -14332 -80 4128 466 342 16 1
-1 -14084 128 4680 385 -495 20 1
-1 -14084 128 4680 385 -495 20 1
-1 -14100 116 4528 400 176 11 1
-1 -14100 116 4528 400 176 11 1
-1 -14052 60 4620 399 -46 21 1
-1 -14052 60 4620 399 -46 21 1
-1 -14220 72 4632 400 18 7 1
-1 -14220 72 4632 400 18 7 1
-1 -14152 76 4596 383 27 -1 1
-1 -14152 76 4596 383 27 -1 1
-1 -14132 60 4672 394 9 -4 1
-1 -14132 60 4672 394 9 -4 1
-1 -14036 80 4552 395 28 15 1
-1 -14036 80 4552 395 28 15 1
-1 -14256 72 4536 411 8 23 1
-1 -14256 72 4536 411 8 23 1
-1 -14120 80 4680 389 -19 -1 1
-1 -14120 80 4680 389 -19 -1 1
-1 -14048 -52 4708 382 -24 14 1
-1 -14048 -52 4708 382 -24 14 1
-1 -14068 108 4700 409 -1 7 1
-1 -14068 108 4700 409 -1 7 1
-1 -14240 160 4612 391 -25 28 1
-1 -14240 160 4612 391 -25 28 1
-1 -14124 84 4552 401 9 11 1
-1 -14124 84 4552 401 9 11 1
-1 -14176 32 4560 389 43 18 1
-1 -14176 32 4560 389 43 18 1
-1 -14120 128 4544 387 25 -7 1
-1 -14120 128 4544 387 25 -7 1
-1 -14252 32 4692 401 34 -8 1
-1 -14252 32 4692 401 34 -8 1
-1 -14240 52 4560 372 21 13 1
-1 -14240 52 4560 372 21 13 1
-1 -14168 108 4440 387 -33 -14 1
-1 -14168 108 4440 387 -33 -14 1
-1 -14140 104 4676 388 -24 13 1
-1 -14140 104 4676 388 -24 13 1
-1 -14112 104 4592 386 -20 2 1
-1 -14112 104 4592 386 -20 2 1
-1 -14080 68 4696 406 -20 6 1
-1 -14080 68 4696 406 -20 6 1
-1 -14172 40 4512 390 2 2 1
-1 -14172 40 4512 390 2 2 1
-1 -14176 100 4604 387 -17 -1 1
-1 -14176 100 4604 387 -17 -1 1
-1 -14092 52 4612 391 -5 2 1
-1 -14092 52 4612 391 -5 2 1
-1 -14192 24 4788 394 6 -5 1
-1 -14192 24 4788 394 6 -5 1
-1 -14208 56 4528 410 2 -23 1
-1 -14208 56 4528 410 2 -23 1
-1 -14212 -68 4628 403 -23 7 1
-1 -14212 -68 4628 403 -23 7 1
-1 -14028 424 4652 381 -145 13 1
-1 -14028 424 4652 381 -145 13 1
-1 -14144 152 4476 407 166 -1 1
-1 -14144 152 4476 407 166 -1 1
-1 -14120 8 4512 378 -296 -7 1
-1 -14120 8 4512 378 -296 -7 1
-1 -14208 44 4572 397 99 12 1
-1 -14208 44 4572 397 99 12 1
-1 -14128 32 4464 395 -21 2 1
-1 -14128 32 4464 395 -21 2 1
-1 -14196 100 4664 383 -25 -7 1
-1 -14196 100 4664 383 -25 -7 1
-1 -14176 52 4400 389 -1 1 1
-1 -14176 52 4400 389 -1 1 1
-1 -14276 116 4456 393 -39 6 1
-1 -14276 116 4456 393 -39 6 1
-1 -14184 52 4460 405 -33 22 1
-1 -14184 52 4460 405 -33 22 1
-1 -14200 104 4536 377 -16 3 1
-1 -14200 104 4536 377 -16 3 1
-1 -14152 60 4512 395 -3 -12 1
-1 -14152 60 4512 395 -3 -12 1
-1 -14128 0 4428 396 -8 12 1
-1 -14128 0 4428 396 -8 12 1
-1 -14148 -8 4440 391 -23 15 1
-1 -14148 -8 4440 391 -23 15 1
-1 -14124 20 4692 374 -21 11 1
-1 -14124 20 4692 374 -21 11 1
-1 -14216 0 4624 401 -23 -10 1
-1 -14216 0 4624 401 -23 -10 1
-1 -14188 12 4500 372 -25 16 1
-1 -14188 12 4500 372 -25 16 1
-1 -14188 -20 4540 384 2 7 1
-1 -14188 -20 4540 384 2 7 1
-1 -14140 112 4560 375 -15 7 1
-1 -14140 112 4560 375 -15 7 1
-1 -14156 -32 4556 398 13 18 1
-1 -14156 -32 4556 398 13 18 1
-1 -14160 -592 4976 606 -295 -88 1
-1 -14160 -592 4976 606 -295 -88 1
-1 -14220 124 4284 399 200 -1 1
-1 -14220 124 4284 399 200 -1 1
-1 -14124 108 4528 383 -128 17 1
-1 -14124 108 4528 383 -128 17 1
-1 -14216 68 4472 402 43 7 1
-1 -14216 68 4472 402 43 7 1
-1 -14180 24 4544 388 -47 1 1
-1 -14180 24 4544 388 -47 1 1
-1 -14260 80 4512 398 -28 16 1
-1 -14260 80 4512 398 -28 16 1
-1 -14164 8 4372 404 -14 8 1
-1 -14164 8 4372 404 -14 8 1
-1 -14300 -24 4496 382 -41 10 1
-1 -14300 -24 4496 382 -41 10 1
-1 -14192 56 4488 379 -27 1 1
-1 -14192 56 4488 379 -27 1 1
-1 -14240 64 4392 385 -13 2 1
-1 -14240 64 4392 385 -13 2 1
-1 -14196 16 4460 395 6 9 1
-1 -14196 16 4460 395 6 9 1
-1 -14216 -24 4560 391 4 15 1
-1 -14216 -24 4560 391 4 15 1
-1 -14224 0 4484 388 -16 -3 1
-1 -14224 0 4484 388 -16 -3 1
-1 -14132 112 4568 372 -10 21 1
-1 -14132 112 4568 372 -10 21 1
-1 -14152 108 4480 402 -4 14 1
-1 -14152 108 4480 402 -4 14 1
-1 -14156 108 4500 383 -26 -1 1
-1 -14156 108 4500 383 -26 -1 1
-1 -14212 108 4512 370 -14 8 1
-1 -14212 108 4512 370 -14 8 1
-1 -14172 88 4520 400 -28 2 1
-1 -14172 88 4520 400 -28 2 1
-1 -14236 20 4456 401 -26 9 1
-1 -14236 20 4456 401 -26 9 1
-1 -14208 40 4656 379 -21 17 1
-1 -14208 40 4656 379 -21 17 1
-1 -14228 64 4564 396 -30 14 1
-1 -14228 64 4564 396 -30 14 1
-1 -14116 92 4408 379 -36 11 1
-1 -14116 92 4408 379 -36 11 1
-1 -14152 44 4460 389 -26 14 1
-1 -14152 44 4460 389 -26 14 1
-1 -14280 0 4384 404 -31 8 1
-1 -14280 0 4384 404 -31 8 1
-1 -14168 -56 4396 388 -11 18 1
-1 -14168 -56 4396 388 -11 18 1
-1 -14172 12 4516 385 -17 -16 1
-1 -14172 12 4516 385 -17 -16 1
-1 -14212 32 4524 391 -11 -15 1
-1 -14212 32 4524 391 -11 -15 1
-1 -14216 64 4444 393 -11 4 1
-1 -14216 64 4444 393 -11 4 1
-1 -14136 76 4468 396 -24 -6 1
-1 -14136 76 4468 396 -24 -6 1
-1 -14128 80 4468 378 -31 -11 1
-1 -14128 80 4468 378 -31 -11 1
-1 -14188 48 4460 399 -23 -6 1
-1 -14188 48 4460 399 -23 -6 1
-1 -14200 80 4404 386 -31 20 1
-1 -14200 80 4404 386 -31 20 1
-1 -14192 28 4436 378 -7 14 1
-1 -14192 28 4436 378 -7 14 1
-1 -14300 64 4456 393 -6 16 1
-1 -14300 64 4456 393 -6 16 1
-1 -14232 72 4432 411 -1 10 1
-1 -14232 72 4432 411 -1 10 1
-1 -14192 20 4572 400 -9 5 1
-1 -14192 20 4572 400 -9 5 1
-1 -14176 164 4272 385 -10 2 1
-1 -14176 164 4272 385 -10 2 1
-1 -14272 72 4204 411 14 14 1
-1 -14272 72 4204 411 14 14 1
-1 -14208 136 4576 388 -60 16 1
-1 -14208 136 4576 388 -60 16 1
-1 -14228 68 4260 376 -34 10 1
-1 -14228 68 4260 376 -34 10 1
-1 -14108 44 4468 380 -42 -2 1
-1 -14108 44 4468 380 -42 -2 1
-1 -14164 52 4580 387 -29 6 1
-1 -14164 52 4580 387 -29 6 1
-1 -14176 100 4372 388 -11 13 1
-1 -14176 100 4372 388 -11 13 1
-1 -14252 72 4428 372 -48 4 1
-1 -14252 72 4428 372 -48 4 1
-1 -14180 68 4324 403 -18 2 1
-1 -14180 68 4324 403 -18 2 1
-1 -14276 -20 4484 407 -45 15 1
-1 -14276 -20 4484 407 -45 15 1
-1 -14268 32 4468 385 -14 -3 1
-1 -14268 32 4468 385 -14 -3 1
-1 -14164 40 4392 394 -29 9 1
-1 -14164 40 4392 394 -29 9 1
-1 -13728 100 4140 388 -3 6 1
-1 -13728 100 4140 388 -3 6 1
-1 -14520 96 4644 388 -147 30 1
-1 -14520 96 4644 388 -147 30 1
-1 -14164 -16 4320 404 189 -9 1
-1 -14164 -16 4320 404 189 -9 1
-1 -14172 -8 4440 403 -68 9 1
-1 -14172 -8 4440 403 -68 9 1
-1 -14056 20 4580 381 -8 14 1
-1 -14056 20 4580 381 -8 14 1
-1 -14132 104 4456 386 -2 6 1
-1 -14132 104 4456 386 -2 6 1
-1 -14200 108 4488 373 -60 -2 1
-1 -14200 108 4488 373 -60 -2 1
-1 -14256 32 4592 398 74 12 1
-1 -14256 32 4592 398 74 12 1
-1 -14172 120 4520 384 -60 0 1
-1 -14172 120 4520 384 -60 0 1
-1 -14160 136 4512 414 65 22 1
-1 -14160 136 4512 414 65 22 1
-1 -14132 60 4444 386 -91 24 1
-1 -14132 60 4444 386 -91 24 1
-1 -14208 84 4500 402 17 -11 1
-1 -14208 84 4500 402 17 -11 1
-1 -14192 52 4420 403 -87 1 1
-1 -14192 52 4420 403 -87 1 1
-1 -14204 80 4656 402 44 3 1
-1 -14204 80 4656 402 44 3 1
-1 -14152 76 4588 408 11 1 1
-1 -14152 76 4588 408 11 1 1
-1 -14204 128 4436 419 -55 -4 1
-1 -14204 128 4436 419 -55 -4 1
-1 -14176 56 4400 397 -3 12 1
-1 -14176 56 4400 397 -3 12 1
-1 -14204 116 4444 405 -27 7 1
-1 -14204 116 4444 405 -27 7 1
-1 -14324 8 4424 389 -18 -2 1
-1 -14324 8 4424 389 -18 -2 1
-1 -14264 28 4456 382 -33 8 1
-1 -14264 28 4456 382 -33 8 1
-1 -14164 60 4424 402 -14 -16 1
-1 -14164 60 4424 402 -14 -16 1
-1 -14216 76 4448 393 -39 -2 1
-1 -14216 76 4448 393 -39 -2 1
-1 -14196 4 4448 384 -24 2 1
-1 -14196 4 4448 384 -24 2 1
-1 -14224 92 4464 407 -28 11 1
-1 -14224 92 4464 407 -28 11 1
-1 -14152 20 4460 398 100 13 1
-1 -14152 20 4460 398 100 13 1
-1 -14308 -16 4480 398 -3 4 1
-1 -14308 -16 4480 398 -3 4 1
-1 -14300 20 4532 385 -65 -5 1
-1 -14300 20 4532 385 -65 -5 1
-1 -14392 20 4088 382 -64 2 1
-1 -14392 20 4088 382 -64 2 1
-1 -14288 20 4536 412 -238 21 1
-1 -14288 20 4536 412 -238 21 1
-1 -14224 84 4400 370 125 -7 1
-1 -14224 84 4400 370 125 -7 1
-1 -14244 44 4192 386 -141 7 1
-1 -14244 44 4192 386 -141 7 1
-1 -14200 8 4356 378 6 -1 1
-1 -14200 8 4356 378 6 -1 1
-1 -14088 104 4456 408 -65 -3 1
-1 -14088 104 4456 408 -65 -3 1
-1 -14236 136 4408 383 6 7 1
-1 -14236 136 4408 383 6 7 1
-1 -14208 64 4244 394 -3 15 1
-1 -14208 64 4244 394 -3 15 1
-1 -14232 116 4356 396 -15 14 1
-1 -14232 116 4356 396 -15 14 1
-1 -14216 108 4256 366 -14 32 1
-1 -14216 108 4256 366 -14 32 1
-1 -14300 64 4464 388 -10 20 1
-1 -14300 64 4464 388 -10 20 1
-1 -14244 4 4324 381 -32 2 1
-1 -14244 4 4324 381 -32 2 1
-1 -14112 24 4360 397 -34 4 1
-1 -14112 24 4360 397 -34 4 1
-1 -14256 68 4228 404 -4 2 1
-1 -14256 68 4228 404 -4 2 1
-1 -14308 20 4356 402 -45 -3 1
-1 -14308 20 4356 402 -45 -3 1
-1 -14180 0 4440 396 -11 15 1
-1 -14180 0 4440 396 -11 15 1
-1 -14300 84 4264 390 -28 19 1
-1 -14300 84 4264 390 -28 19 1
-1 -14280 72 4456 384 -25 12 1
-1 -14280 72 4456 384 -25 12 1
-1 -14320 40 4404 383 -19 14 1
-1 -14320 40 4404 383 -19 14 1
-1 -14232 -44 4344 390 -48 13 1
-1 -14232 -44 4344 390 -48 13 1
-1 -14288 56 4336 372 -26 17 1
-1 -14288 56 4336 372 -26 17 1
-1 -14128 -24 4396 406 2 20 1
-1 -14128 -24 4396 406 2 20 1
-1 -14316 64 4368 373 4 -4 1
-1 -14316 64 4368 373 4 -4 1
-1 -14264 36 4320 402 -67 6 1
-1 -14264 36 4320 402 -67 6 1
-1 -14332 -28 4332 389 -12 3 1
-1 -14332 -28 4332 389 -12 3 1
-1 -14284 12 4480 378 -22 4 1
-1 -14284 12 4480 378 -22 4 1
-1 -14252 160 4252 403 -29 3 1
-1 -14252 160 4252 403 -29 3 1
-1 -14272 28 4300 401 -3 19 1
-1 -14272 28 4300 401 -3 19 1
-1 -14296 28 4220 394 -25 3 1
-1 -14296 28 4220 394 -25 3 1
-1 -14212 40 4400 398 -13 10 1
-1 -14212 40 4400 398 -13 10 1
-1 -14112 108 4380 381 -28 10 1
-1 -14112 108 4380 381 -28 10 1
-1 -14224 80 4188 380 -20 5 1
-1 -14224 80 4188 380 -20 5 1
-1 -14216 36 4424 401 -55 -2 1
-1 -14216 36 4424 401 -55 -2 1
-1 -14236 4 4500 386 -60 1 1
-1 -14236 4 4500 386 -60 1 1
-1 -14376 28 4588 388 38 16 1
-1 -14376 28 4588 388 38 16 1
-1 -14360 64 4440 398 -26 7 1
-1 -14360 64 4440 398 -26 7 1
-1 -14220 72 4300 391 -67 5 1
-1 -14220 72 4300 391 -67 5 1
-1 -14204 60 4272 386 -64 10 1
-1 -14204 60 4272 386 -64 10 1
-1 -14292 56 4436 396 18 9 1
-1 -14292 56 4436 396 18 9 1
-1 -14196 -12 4384 389 -108 11 1
-1 -14196 -12 4384 389 -108 11 1
-1 -14216 48 4400 400 6 -3 1
-1 -14216 48 4400 400 6 -3 1
-1 -14248 68 4364 381 -63 18 1
-1 -14248 68 4364 381 -63 18 1
-1 -14228 -52 4340 393 -31 2 1
-1 -14228 -52 4340 393 -31 2 1
-1 -14288 36 4428 393 -65 15 1
-1 -14288 36 4428 393 -65 15 1
-1 -14192 176 4364 377 -19 7 1
-1 -14192 176 4364 377 -19 7 1
-1 -14312 -8 4400 403 -34 -1 1
-1 -14312 -8 4400 403 -34 -1 1
-1 -14160 -8 4376 402 -36 1 1
-1 -14160 -8 4376 402 -36 1 1
-1 -14204 44 4448 390 -25 15 1
-1 -14204 44 4448 390 -25 15 1
-1 -14236 56 4292 407 -28 28 1
-1 -14236 56 4292 407 -28 28 1
-1 -14260 92 4388 407 -11 12 1
-1 -14260 92 4388 407 -11 12 1
-1 -14208 124 4304 401 -17 23 1
-1 -14208 124 4304 401 -17 23 1
-1 -14248 68 4276 403 -55 3 1
-1 -14248 68 4276 403 -55 3 1
-1 -14192 80 4448 410 -35 -8 1
-1 -14192 80 4448 410 -35 -8 1
-1 -14284 36 4300 378 -48 17 1
-1 -14284 36 4300 378 -48 17 1
-1 -14164 32 4300 391 -353 16 1
-1 -14164 32 4300 391 -353 16 1
-1 -14292 4 4368 420 109 14 1
-1 -14292 4 4368 420 109 14 1
-1 -14180 60 4308 386 -70 4 1
-1 -14180 60 4308 386 -70 4 1
-1 -14220 108 4440 382 -7 8 1
-1 -14220 108 4440 382 -7 8 1
-1 -14232 60 4348 403 -16 -4 1
-1 -14232 60 4348 403 -16 -4 1
-1 -14196 84 4400 371 -54 25 1
-1 -14196 84 4400 371 -54 25 1
-1 -14220 -16 4300 379 -11 2 1
-1 -14220 -16 4300 379 -11 2 1
-1 -14284 52 4432 384 -5 11 1
-1 -14284 52 4432 384 -5 11 1
-1 -14280 24 4336 389 -14 3 1
-1 -14280 24 4336 389 -14 3 1
-1 -14228 64 4320 366 0 -11 1
-1 -14228 64 4320 366 0 -11 1
-1 -14252 48 4332 398 -30 19 1
-1 -14252 48 4332 398 -30 19 1
-1 -14164 80 4376 399 -48 2 1
-1 -14164 80 4376 399 -48 2 1
-1 -14240 112 4268 397 -21 -6 1
-1 -14240 112 4268 397 -21 -6 1
-1 -14252 72 4348 377 -18 4 1
-1 -14252 72 4348 377 -18 4 1
-1 -14168 104 4548 402 -21 12 1
-1 -14168 104 4548 402 -21 12 1
-1 -14200 100 4264 390 -21 17 1
-1 -14200 100 4264 390 -21 17 1
-1 -14240 -32 4456 383 -13 10 1
-1 -14240 -32 4456 383 -13 10 1
-1 -14132 80 4448 393 -14 -7 1
-1 -14132 80 4448 393 -14 -7 1
-1 -14292 144 4408 376 -9 4 1
-1 -14292 144 4408 376 -9 4 1
-1 -14176 52 4404 394 -26 10 1
-1 -14176 52 4404 394 -26 10 1
-1 -14228 184 4432 402 -1 6 1
-1 -14228 184 4432 402 -1 6 1
-1 -14180 -40 4192 403 -10 19 1
-1 -14180 -40 4192 403 -10 19 1
-1 -14212 160 4276 394 -36 0 1
-1 -14212 160 4276 394 -36 0 1
-1 -14172 84 4276 407 -25 11 1
-1 -14172 84 4276 407 -25 11 1
-1 -14220 84 4440 391 -41 3 1
-1 -14220 84 4440 391 -41 3 1
-1 -14256 100 4348 394 -28 14 1
-1 -14256 100 4348 394 -28 14 1
-1 -14172 8 4420 397 -20 2 1
-1 -14172 8 4420 397 -20 2 1
-1 -14356 36 4448 392 -16 20 1
-1 -14356 36 4448 392 -16 20 1
-1 -14300 80 4252 412 -10 26 1
-1 -14300 80 4252 412 -10 26 1
-1 -14264 -16 4292 389 -41 18 1
-1 -14264 -16 4292 389 -41 18 1
-1 -14336 8 4300 385 -10 -2 1
-1 -14336 8 4300 385 -10 -2 1
-1 -14236 -20 4332 387 -3 20 1
-1 -14236 -20 4332 387 -3 20 1
-1 -14320 92 4304 399 -1 21 1
-1 -14320 92 4304 399 -1 21 1
-1 -14220 20 4272 394 -25 18 1
-1 -14220 20 4272 394 -25 18 1
-1 -14328 -40 4368 386 27 15 1
-1 -14328 -40 4368 386 27 15 1
-1 -14196 12 4408 397 -110 53 1
-1 -14196 12 4408 397 -110 53 1
-1 -14232 12 4452 406 61 11 1
-1 -14232 12 4452 406 61 11 1
-1 -14108 120 4288 385 -50 -13 1
-1 -14108 120 4288 385 -50 -13 1
-1 -14248 8 4388 413 46 4 1
-1 -14248 8 4388 413 46 4 1
-1 -14256 4 4148 375 47 13 1
-1 -14256 4 4148 375 47 13 1
-1 -14308 0 4480 401 -35 18 1
-1 -14308 0 4480 401 -35 18 1
-1 -14228 56 4344 400 -39 -29 1
-1 -14228 56 4344 400 -39 -29 1
-1 -14244 40 4196 408 -36 4 1
-1 -14244 40 4196 408 -36 4 1
-1 -14272 4 4380 386 14 -8 1
-1 -14272 4 4380 386 14 -8 1
-1 -14456 56 4272 395 -25 -7 1
-1 -14456 56 4272 395 -25 -7 1
-1 -14228 108 4416 387 -93 -22 1
-1 -14228 108 4416 387 -93 -22 1
-1 -14212 180 3716 379 -182 19 1
-1 -14212 180 3716 379 -182 19 1
-1 -14240 -44 4584 404 86 16 1
-1 -14240 -44 4584 404 86 16 1
-1 -14280 52 4360 390 90 -6 1
-1 -14280 52 4360 390 90 -6 1
-1 -14356 60 4356 368 -53 9 1
-1 -14356 60 4356 368 -53 9 1
-1 -14332 -16 4132 396 74 1 1
-1 -14332 -16 4132 396 74 1 1
-1 -14324 64 4324 397 -70 8 1
-1 -14324 64 4324 397 -70 8 1
-1 -14324 -8 4260 394 -8 24 1
-1 -14324 -8 4260 394 -8 24 1
-1 -14144 40 4428 377 -96 -5 1
-1 -14144 40 4428 377 -96 -5 1
-1 -14284 100 4344 391 0 -1 1
-1 -14284 100 4344 391 0 -1 1
-1 -14200 84 4348 389 -28 -1 1
-1 -14200 84 4348 389 -28 -1 1
-1 -14248 84 4460 399 -62 7 1
-1 -14248 84 4460 399 -62 7 1
-1 -14276 0 4344 399 -54 13 1
-1 -14276 0 4344 399 -54 13 1
-1 -14236 92 4364 404 -41 13 1
-1 -14236 92 4364 404 -41 13 1
-1 -14300 24 4544 389 -8 18 1
-1 -14300 24 4544 389 -8 18 1
-1 -14224 56 4408 379 -13 2 1
-1 -14224 56 4408 379 -13 2 1
-1 -14228 84 4364 388 2 12 1
-1 -14228 84 4364 388 2 12 1
-1 -14284 120 4252 390 -36 14 1
-1 -14284 120 4252 390 -36 14 1
-1 -14260 40 4424 384 -31 9 1
-1 -14260 40 4424 384 -31 9 1
-1 -14196 164 4280 368 -19 19 1
-1 -14196 164 4280 368 -19 19 1
-1 -14232 64 4316 374 -28 0 1
-1 -14232 64 4316 374 -28 0 1
-1 -14308 72 4200 389 -2 18 1
-1 -14308 72 4200 389 -2 18 1
-1 -14184 24 4384 397 -38 7 1
-1 -14184 24 4384 397 -38 7 1
-1 -14220 152 4296 403 -24 -2 1
-1 -14220 152 4296 403 -24 -2 1
-1 -14252 -52 4308 387 -24 6 1
-1 -14252 -52 4308 387 -24 6 1
-1 -14256 172 4368 416 4 5 1
-1 -14256 172 4368 416 4 5 1
-1 -14256 40 4156 380 -39 10 1
-1 -14256 40 4156 380 -39 10 1
-1 -14276 100 4256 406 -20 -10 1
-1 -14276 100 4256 406 -20 -10 1
-1 -14272 92 4348 376 -27 12 1
-1 -14272 92 4348 376 -27 12 1
-1 -14256 56 4448 397 -5 11 1
-1 -14256 56 4448 397 -5 11 1
-1 -14296 -12 4268 390 -29 24 1
-1 -14296 -12 4268 390 -29 24 1
-1 -14300 56 4184 391 -40 15 1
-1 -14300 56 4184 391 -40 15 1
-1 -14252 112 4220 372 -30 10 1
-1 -14252 112 4220 372 -30 10 1
-1 -14212 172 4440 383 -27 23 1
-1 -14212 172 4440 383 -27 23 1
-1 -14212 124 4304 384 -9 6 1
-1 -14212 124 4304 384 -9 6 1
-1 -14296 8 4360 391 -22 22 1
-1 -14296 8 4360 391 -22 22 1
-1 -14324 68 4228 382 -22 22 1
-1 -14324 68 4228 382 -22 22 1
-1 -14252 -24 4292 397 -62 4 1
-1 -14252 -24 4292 397 -62 4 1
-1 -14232 72 4324 390 9 1 1
-1 -14232 72 4324 390 9 1 1
-1 -14264 52 4116 381 -42 4 1
-1 -14264 52 4116 381 -42 4 1
-1 -14268 -20 4276 377 32 8 1
-1 -14268 -20 4276 377 32 8 1
-1 -14152 56 4352 398 -81 15 1
-1 -14152 56 4352 398 -81 15 1
-1 -14272 60 4140 378 -19 1 1
-1 -14272 60 4140 378 -19 1 1
-1 -14316 76 4332 384 -77 -2 1
-1 -14316 76 4332 384 -77 -2 1
-1 -14224 12 4408 376 -19 7 1
-1 -14224 12 4408 376 -19 7 1
-1 -14284 -28 4448 397 -29 8 1
-1 -14284 -28 4448 397 -29 8 1
-1 -14328 92 4164 388 -50 14 1
-1 -14328 92 4164 388 -50 14 1
-1 -14352 40 4320 401 -13 16 1
-1 -14352 40 4320 401 -13 16 1
-1 -14376 -36 4396 380 -56 2 1
-1 -14376 -36 4396 380 -56 2 1
-1 -14348 -32 4336 398 3 7 1
-1 -14348 -32 4336 398 3 7 1
-1 -14268 108 4156 377 -18 25 1
-1 -14268 108 4156 377 -18 25 1
-1 -14240 12 4344 393 -32 15 1
-1 -14240 12 4344 393 -32 15 1
-1 -14256 4 4328 396 0 9 1
-1 -14256 4 4328 396 0 9 1
-1 -14276 -20 4248 380 -78 5 1
-1 -14276 -20 4248 380 -78 5 1
-1 -14240 84 4336 402 28 -5 1
-1 -14240 84 4336 402 28 -5 1
-1 -14244 64 4172 380 -19 -23 1
-1 -14244 64 4172 380 -19 -23 1
-1 -14276 -12 4328 391 23 13 1
-1 -14276 -12 4328 391 23 13 1
-1 -14268 36 4232 409 -29 8 1
-1 -14268 36 4232 409 -29 8 1
-1 -14264 20 4368 401 -71 -3 1
-1 -14264 20 4368 401 -71 -3 1
-1 -14260 72 4276 397 -20 7 1
-1 -14260 72 4276 397 -20 7 1
-1 -14240 148 4316 399 -46 6 1
-1 -14240 148 4316 399 -46 6 1
-1 -14280 0 4268 404 -10 21 1
-1 -14280 0 4268 404 -10 21 1
-1 -14268 108 4272 397 -45 24 1
-1 -14268 108 4272 397 -45 24 1
-1 -14212 148 4268 402 -12 -2 1
-1 -14212 148 4268 402 -12 -2 1
-1 -14272 -36 4288 399 -50 15 1
-1 -14272 -36 4288 399 -50 15 1
-1 -14244 44 4360 376 10 6 1
-1 -14244 44 4360 376 10 6 1
-1 -14220 60 4192 380 -67 20 1
-1 -14220 60 4192 380 -67 20 1
-1 -14176 -24 4300 398 -34 15 1
-1 -14176 -24 4300 398 -34 15 1
-1 -14304 0 4388 399 -29 19 1
-1 -14304 0 4388 399 -29 19 1
-1 -14252 76 4364 391 -43 13 1
-1 -14252 76 4364 391 -43 13 1
-1 -14292 92 4344 391 -14 14 1
-1 -14292 92 4344 391 -14 14 1
-1 -14280 44 4416 400 -55 16 1
-1 -14280 44 4416 400 -55 16 1
-1 -14344 12 4340 395 14 13 1
-1 -14344 12 4340 395 14 13 1
-1 -14292 116 4316 387 -21 0 1
-1 -14292 116 4316 387 -21 0 1
-1 -14316 0 4292 377 -13 14 1
-1 -14316 0 4292 377 -13 14 1
-1 -14244 84 4332 411 -63 0 1
-1 -14244 84 4332 411 -63 0 1
-1 -14316 40 4476 386 -1 9 1
-1 -14316 40 4476 386 -1 9 1
-1 -14292 40 4208 388 -61 -2 1
-1 -14292 40 4208 388 -61 -2 1
-1 -14264 52 4356 410 -37 -3 1
-1 -14264 52 4356 410 -37 -3 1
-1 -14256 16 4440 403 -36 19 1
-1 -14256 16 4440 403 -36 19 1
-1 -14228 92 4328 391 -34 -15 1
-1 -14228 92 4328 391 -34 -15 1
-1 -14184 36 4300 387 -37 1 1
-1 -14184 36 4300 387 -37 1 1
-1 -14224 -8 4264 392 -14 11 1
-1 -14224 -8 4264 392 -14 11 1
-1 -14192 36 4280 384 -7 2 1
-1 -14192 36 4280 384 -7 2 1
-1 -14288 172 4580 380 -30 16 1
-1 -14288 172 4580 380 -30 16 1
-1 -14380 128 4364 390 56 12 1
-1 -14380 128 4364 390 56 12 1
-1 -14120 68 4264 385 -75 34 1
-1 -14120 68 4264 385 -75 34 1
-1 -14344 -44 4348 388 -12 1 1
-1 -14344 -44 4348 388 -12 1 1
-1 -14260 -24 4384 415 -61 2 1
-1 -14260 -24 4384 415 -61 2 1
-1 -14300 48 4348 388 -11 -1 1
-1 -14300 48 4348 388 -11 -1 1
-1 -14224 36 4184 387 -12 -6 1
-1 -14224 36 4184 387 -12 -6 1
-1 -14180 76 4348 372 -70 0 1
-1 -14180 76 4348 372 -70 0 1
-1 -14252 -24 4300 421 -28 28 1
-1 -14252 -24 4300 421 -28 28 1
-1 -14256 32 4448 387 11 -2 1
-1 -14256 32 4448 387 11 -2 1
-1 -14360 92 4284 383 -60 -11 1
-1 -14360 92 4284 383 -60 -11 1
-1 -14304 40 4316 395 -36 4 1
-1 -14304 40 4316 395 -36 4 1
-1 -14180 92 4368 395 -1 26 1
-1 -14180 92 4368 395 -1 26 1
-1 -14176 52 4232 386 -38 16 1
-1 -14176 52 4232 386 -38 16 1
-1 -14252 -8 4156 389 7 9 1
-1 -14252 -8 4156 389 7 9 1
-1 -14292 112 4344 391 -78 18 1
-1 -14292 112 4344 391 -78 18 1
-1 -14188 -20 4204 405 55 5 1
-1 -14188 -20 4204 405 55 5 1
-1 -14256 48 4308 394 -44 4 1
-1 -14256 48 4308 394 -44 4 1
-1 -14272 56 4316 384 -24 17 1
-1 -14272 56 4316 384 -24 17 1
-1 -14336 108 4200 404 -18 0 1
-1 -14336 108 4200 404 -18 0 1
-1 -14288 48 4392 387 -53 13 1
-1 -14288 48 4392 387 -53 13 1
-1 -14216 48 4232 395 -8 -7 1
-1 -14216 48 4232 395 -8 -7 1
-1 -14256 16 4276 416 -21 10 1
-1 -14256 16 4276 416 -21 10 1
-1 -14176 184 4184 400 -15 -7 1
-1 -14176 184 4184 400 -15 -7 1
-1 -14292 4 4304 397 -31 9 1
-1 -14292 4 4304 397 -31 9 1
-1 -14248 -72 4428 397 -16 -6 1
-1 -14248 -72 4428 397 -16 -6 1
-1 -14192 68 4176 375 -45 -9 1
-1 -14192 68 4176 375 -45 -9 1
-1 -14308 96 4296 382 -21 0 1
-1 -14308 96 4296 382 -21 0 1
-1 -14276 -36 4384 389 -16 13 1
-1 -14276 -36 4384 389 -16 13 1
-1 -14292 48 4284 394 19 5 1
-1 -14292 48 4284 394 19 5 1
-1 -14160 112 4300 386 -48 7 1
-1 -14160 112 4300 386 -48 7 1
-1 -14220 56 4220 383 -38 6 1
-1 -14220 56 4220 383 -38 6 1
-1 -14380 88 4412 407 -54 14 1
-1 -14380 88 4412 407 -54 14 1
-1 -14252 20 4296 403 -37 3 1
-1 -14252 20 4296 403 -37 3 1
-1 -14252 152 4204 402 -36 9 1
-1 -14252 152 4204 402 -36 9 1
-1 -14272 -12 4348 391 -56 -3 1
-1 -14272 -12 4348 391 -56 -3 1
-1 -14308 48 4296 393 -46 17 1
-1 -14308 48 4296 393 -46 17 1
-1 -14276 124 4356 394 -22 15 1
-1 -14276 124 4356 394 -22 15 1
-1 -14268 52 4344 385 -36 2 1
-1 -14268 52 4344 385 -36 2 1
-1 -14196 52 4336 391 -21 5 1
-1 -14196 52 4336 391 -21 5 1
-1 -14260 100 4364 407 0 8 1
-1 -14260 100 4364 407 0 8 1
-1 -14284 40 4252 389 -55 11 1
-1 -14284 40 4252 389 -55 11 1
-1 -14216 56 4324 387 -48 2 1
-1 -14216 56 4324 387 -48 2 1
-1 -14336 32 4284 413 -37 -6 1
-1 -14336 32 4284 413 -37 -6 1
-1 -14224 112 4408 390 -23 -4 1
-1 -14224 112 4408 390 -23 -4 1
-1 -14192 64 4196 395 -2 -14 1
-1 -14192 64 4196 395 -2 -14 1
-1 -14224 120 4328 397 -39 -2 1
-1 -14224 120 4328 397 -39 -2 1
-1 -14300 28 4128 389 -44 0 1
-1 -14300 28 4128 389 -44 0 1
-1 -14204 256 3544 340 -768 43 1
-1 -14204 256 3544 340 -768 43 1
-1 -14232 -4 4648 390 20 5 1
-1 -14232 -4 4648 390 20 5 1
-1 -14348 80 4256 397 79 3 1
-1 -14348 80 4256 397 79 3 1
-1 -14272 64 4276 403 -101 5 1
-1 -14272 64 4276 403 -101 5 1
-1 -14332 48 4196 394 40 8 1
-1 -14332 48 4196 394 40 8 1
-1 -14300 56 4224 395 -48 35 1
-1 -14300 56 4224 395 -48 35 1
-1 -14320 136 4372 390 -5 6 1
-1 -14320 136 4372 390 -5 6 1
-1 -14320 56 4320 401 -47 25 1
-1 -14320 56 4320 401 -47 25 1
-1 -14268 108 4104 405 -67 -8 1
-1 -14268 108 4104 405 -67 -8 1
-1 -14320 144 4252 402 -57 3 1
-1 -14320 144 4252 402 -57 3 1
-1 -14256 104 4172 394 13 10 1
-1 -14256 104 4172 394 13 10 1
-1 -14304 4 4300 389 -41 -10 1
-1 -14304 4 4300 389 -41 -10 1
-1 -14316 36 4192 383 -23 -3 1
-1 -14316 36 4192 383 -23 -3 1
-1 -14260 24 4096 399 4 12 1
-1 -14260 24 4096 399 4 12 1
-1 -14264 28 4332 407 -1 2 1
-1 -14264 28 4332 407 -1 2 1
-1 -14244 116 4288 382 -28 19 1
-1 -14244 116 4288 382 -28 19 1
-1 -14264 -60 4316 397 -7 8 1
-1 -14264 -60 4316 397 -7 8 1
-1 -14368 144 4132 387 -60 13 1
-1 -14368 144 4132 387 -60 13 1
-1 -14424 136 4292 388 -7 11 1
-1 -14424 136 4292 388 -7 11 1
-1 -14336 180 4252 390 -90 19 1
-1 -14336 180 4252 390 -90 19 1
-1 -14188 -32 4284 409 -56 -1 1
-1 -14188 -32 4284 409 -56 -1 1
-1 -14228 52 4240 408 -40 18 1
-1 -14228 52 4240 408 -40 18 1
-1 -14312 -4 4168 402 -35 -1 1
-1 -14312 -4 4168 402 -35 -1 1
-1 -14220 -20 4240 399 -38 -8 1
-1 -14220 -20 4240 399 -38 -8 1
-1 -14276 -32 4280 377 -31 12 1
-1 -14276 -32 4280 377 -31 12 1
-1 -14324 120 4308 408 -4 8 1
-1 -14324 120 4308 408 -4 8 1
-1 -14368 36 4232 408 -5 5 1
-1 -14368 36 4232 408 -5 5 1
-1 -14152 100 4272 391 -33 1 1
-1 -14152 100 4272 391 -33 1 1
-1 -14268 64 4328 402 -30 2 1
-1 -14268 64 4328 402 -30 2 1
-1 -14324 56 4240 394 -33 14 1
-1 -14324 56 4240 394 -33 14 1
-1 -14240 96 4316 389 0 7 1
-1 -14240 96 4316 389 0 7 1
-1 -14300 144 4344 397 -31 9 1
-1 -14300 144 4344 397 -31 9 1
-1 -14308 48 4236 391 -17 11 1
-1 -14308 48 4236 391 -17 11 1
-1 -14276 104 4188 393 -66 3 1
-1 -14276 104 4188 393 -66 3 1
-1 -14260 56 4400 384 -1 -3 1
-1 -14260 56 4400 384 -1 -3 1
-1 -14328 216 4276 380 -60 7 1
-1 -14328 216 4276 380 -60 7 1
-1 -14280 108 4068 394 -6 10 1
-1 -14280 108 4068 394 -6 10 1
-1 -14304 84 4300 408 -39 0 1
-1 -14304 84 4300 408 -39 0 1
-1 -14384 72 4304 402 -37 7 1
-1 -14384 72 4304 402 -37 7 1
-1 -14220 96 4228 400 -21 4 1
-1 -14220 96 4228 400 -21 4 1
-1 -14244 64 4196 374 -13 10 1
-1 -14244 64 4196 374 -13 10 1
-1 -14268 -12 4232 378 -9 12 1
-1 -14268 -12 4232 378 -9 12 1
-1 -14212 188 4092 393 -36 2 1
-1 -14212 188 4092 393 -36 2 1
-1 -14340 80 4336 401 -69 1 1
-1 -14340 80 4336 401 -69 1 1
-1 -14268 76 4344 385 -36 2 1
-1 -14268 76 4344 385 -36 2 1
-1 -14332 64 4448 401 -59 -1 1
-1 -14332 64 4448 401 -59 -1 1
-1 -14260 120 4256 409 -51 5 1
-1 -14260 120 4256 409 -51 5 1
-1 -14280 68 4280 401 -46 7 1
-1 -14280 68 4280 401 -46 7 1
-1 -14344 -16 4264 378 -1 -3 1
-1 -14344 -16 4264 378 -1 -3 1
-1 -14296 24 4364 379 -4 -3 1
-1 -14296 24 4364 379 -4 -3 1
-1 -14244 108 4212 398 10 -4 1
-1 -14244 108 4212 398 10 -4 1
-1 -14192 120 4076 410 -10 4 1
-1 -14192 120 4076 410 -10 4 1
-1 -14308 48 4368 397 -35 4 1
-1 -14308 48 4368 397 -35 4 1
-1 -14296 76 4152 410 -4 11 1
-1 -14296 76 4152 410 -4 11 1
-1 -14272 44 4196 404 -12 9 1
-1 -14272 44 4196 404 -12 9 1
-1 -14208 76 4208 381 -27 3 1
-1 -14208 76 4208 381 -27 3 1
-1 -14324 4 4260 399 -41 18 1
-1 -14324 4 4260 399 -41 18 1
-1 -14208 84 4236 420 -29 15 1
-1 -14208 84 4236 420 -29 15 1
-1 -14304 28 4212 398 -16 -5 1
-1 -14304 28 4212 398 -16 -5 1
-1 -14392 16 4164 385 -18 15 1
-1 -14392 16 4164 385 -18 15 1
-1 -14276 128 4288 401 -33 24 1
-1 -14276 128 4288 401 -33 24 1
-1 -14328 92 4196 388 -42 1 1
-1 -14328 92 4196 388 -42 1 1
-1 -14376 -28 4376 379 -21 17 1
-1 -14376 -28 4376 379 -21 17 1
-1 -14228 -12 4176 398 -31 -1 1
-1 -14228 -12 4176 398 -31 -1 1
-1 -14212 56 4140 400 -14 -5 1
-1 -14212 56 4140 400 -14 -5 1
-1 -14368 48 4300 390 -46 16 1
-1 -14368 48 4300 390 -46 16 1
-1 -14240 60 4400 382 0 3 1
-1 -14240 60 4400 382 0 3 1
-1 -14236 76 4292 396 -47 2 1
-1 -14236 76 4292 396 -47 2 1
-1 -14280 104 4260 380 -51 3 1
-1 -14280 104 4260 380 -51 3 1
-1 -14284 92 4180 369 17 -5 1
-1 -14284 92 4180 369 17 -5 1
-1 -14268 96 4276 390 -20 6 1
-1 -14268 96 4276 390 -20 6 1
-1 -14224 104 4376 388 17 21 1
-1 -14224 104 4376 388 17 21 1
-1 -14304 52 4268 410 -35 7 1
-1 -14304 52 4268 410 -35 7 1
-1 -14252 40 4284 386 -62 8 1
-1 -14252 40 4284 386 -62 8 1
-1 -14328 40 4284 409 -4 8 1
-1 -14328 40 4284 409 -4 8 1
-1 -14324 124 4212 425 -65 2 1
-1 -14324 124 4212 425 -65 2 1
-1 -14172 72 4116 377 -23 5 1
-1 -14172 72 4116 377 -23 5 1
-1 -14304 120 4324 386 19 -13 1
-1 -14304 120 4324 386 19 -13 1
-1 -14300 96 4168 394 -52 -10 1
-1 -14300 96 4168 394 -52 -10 1
-1 -14252 24 4244 387 -35 0 1
-1 -14252 24 4244 387 -35 0 1
-1 -14268 200 4236 389 -92 30 1
-1 -14268 200 4236 389 -92 30 1
-1 -14304 0 4204 404 -70 17 1
-1 -14304 0 4204 404 -70 17 1
-1 -14284 40 4392 387 27 3 1
-1 -14284 40 4392 387 27 3 1
-1 -14328 156 4320 399 -8 25 1
-1 -14328 156 4320 399 -8 25 1
-1 -14280 -28 4240 394 -24 21 1
-1 -14280 -28 4240 394 -24 21 1
-1 -14304 28 4256 393 30 6 1
-1 -14304 28 4256 393 30 6 1
-1 -14328 108 4220 384 -35 -1 1
-1 -14328 108 4220 384 -35 -1 1
-1 -14232 76 4236 397 -37 0 1
-1 -14232 76 4236 397 -37 0 1
-1 -14312 -16 4096 378 -71 0 1
-1 -14312 -16 4096 378 -71 0 1
-1 -14288 84 4252 394 -15 -4 1
-1 -14288 84 4252 394 -15 -4 1
-1 -14380 48 4172 393 -36 13 1
-1 -14380 48 4172 393 -36 13 1
-1 -14376 68 4360 382 -62 14 1
-1 -14376 68 4360 382 -62 14 1
-1 -14268 108 4184 397 9 11 1
-1 -14268 108 4184 397 9 11 1
-1 -14300 92 4056 392 -41 6 1
-1 -14300 92 4056 392 -41 6 1
-1 -14260 108 4180 411 -58 13 1
-1 -14260 108 4180 411 -58 13 1
-1 -14312 -12 4088 381 -31 -3 1
-1 -14312 -12 4088 381 -31 -3 1
-1 -14252 120 4364 404 -42 17 1
-1 -14252 120 4364 404 -42 17 1
-1 -14220 80 4272 386 31 2 1
-1 -14220 80 4272 386 31 2 1
-1 -14252 108 4204 391 -12 11 1
-1 -14252 108 4204 391 -12 11 1
-1 -14292 16 4236 395 -14 -14 1
-1 -14292 16 4236 395 -14 -14 1
-1 -14404 88 4160 378 -24 -1 1
-1 -14404 88 4160 378 -24 -1 1
-1 -14252 144 4240 386 -49 13 1
-1 -14252 144 4240 386 -49 13 1
-1 -14304 36 4124 387 -65 3 1
-1 -14304 36 4124 387 -65 3 1
-1 -14272 132 4172 419 -3 21 1
-1 -14272 132 4172 419 -3 21 1
-1 -14336 64 4224 384 -57 24 1
-1 -14336 64 4224 384 -57 24 1
-1 -14280 152 4152 396 -14 -7 1
-1 -14280 152 4152 396 -14 -7 1
-1 -14284 80 4232 422 -18 29 1
-1 -14284 80 4232 422 -18 29 1
-1 -14292 12 4360 410 -19 18 1
-1 -14292 12 4360 410 -19 18 1
-1 -14232 24 4192 396 41 9 1
-1 -14232 24 4192 396 41 9 1
-1 -14268 12 4256 376 8 19 1
-1 -14268 12 4256 376 8 19 1
-1 -14260 4 4308 398 5 -2 1
-1 -14260 4 4308 398 5 -2 1
-1 -14332 132 4192 385 -54 10 1
-1 -14332 132 4192 385 -54 10 1
-1 -14228 108 4332 401 11 -9 1
