-1 7344 12616 547 408 -189 0 1
-1 7344 12616 547 408 -189 0 1
-1 3964 7288 12628 309 -116 290 1
-1 3964 7288 12628 309 -116 290 1
-1 3396 7812 11564 58 21 208 1
-1 3396 7812 11564 58 21 208 1
-1 3508 6992 12296 -248 -267 501 1
-1 3508 6992 12296 -248 -267 501 1
-1 4460 6948 14080 -6 -589 243 1
-1 4460 6948 14080 -6 -589 243 1
-1 4964 7092 13420 1042 166 -326 1
-1 4964 7092 13420 1042 166 -326 1
-1 2872 7304 11576 135 -219 -166 1
-1 2872 7304 11576 135 -219 -166 1
-1 4188 6192 12900 -73 -957 -89 1
-1 4188 6192 12900 -73 -957 -89 1
-1 5036 6948 11844 340 7 -622 1
-1 5036 6948 11844 340 7 -622 1
-1 4644 6932 12048 210 1343 -517 1
-1 4644 6932 12048 210 1343 -517 1
-1 2648 6652 12584 76 684 561 1
-1 2648 6652 12584 76 684 561 1
-1 3336 6292 13348 605 875 309 1
-1 3336 6292 13348 605 875 309 1
-1 3812 7912 11300 -378 375 -282 1
-1 3812 7912 11300 -378 375 -282 1
-1 3684 7116 12768 -125 795 379 1
-1 3684 7116 12768 -125 795 379 1
-1 3392 6488 13944 -266 656 -80 1
-1 3392 6488 13944 -266 656 -80 1
-1 3200 6388 13492 454 178 8 1
-1 3200 6388 13492 454 178 8 1
-1 3172 6608 12636 502 409 -256 1
-1 3172 6608 12636 502 409 -256 1
-1 3456 6464 13076 298 -3799 -678 1
-1 3456 6464 13076 298 -3799 -678 1
-1 5160 7368 12820 888 -338 -787 1
-1 5160 7368 12820 888 -338 -787 1
-1 4068 6828 12088 -321 1915 685 1
-1 4068 6828 12088 -321 1915 685 1
-1 3636 6880 13120 -489 2088 598 1
-1 3636 6880 13120 -489 2088 598 1
-1 3176 6284 13576 1541 -565 -528 1
-1 3176 6284 13576 1541 -565 -528 1
-1 2860 6848 12976 3 1137 2 1
-1 2860 6848 12976 3 1137 2 1
-1 2872 6500 13436 1771 -282 -15 1
-1 2872 6500 13436 1771 -282 -15 1
-1 3880 7616 12344 245 -1886 -184 1
-1 3880 7616 12344 245 -1886 -184 1
-1 4296 6892 12864 -93 642 952 1
-1 4296 6892 12864 -93 642 952 1
-1 3964 8084 11196 14 -1756 -961 1
-1 3964 8084 11196 14 -1756 -961 1
-1 3916 6976 13368 243 1757 519 1
-1 3916 6976 13368 243 1757 519 1
-1 4648 6544 13980 -74 1658 -490 1
-1 4648 6544 13980 -74 1658 -490 1
-1 3484 6300 13252 639 1907 -522 1
-1 3484 6300 13252 639 1907 -522 1
-1 2452 6344 13416 529 697 -403 1
-1 2452 6344 13416 529 697 -403 1
-1 3268 6364 14320 55 -52 -503 1
-1 3268 6364 14320 55 -52 -503 1
-1 3124 7404 12916 -83 -672 -199 1
-1 3124 7404 12916 -83 -672 -199 1
-1 3168 7076 13240 255 526 -233 1
-1 3168 7076 13240 255 526 -233 1
-1 3904 6644 12856 -5 -63 -447 1
-1 3904 6644 12856 -5 -63 -447 1
-1 2376 6688 13192 -260 1843 -31 1
-1 2376 6688 13192 -260 1843 -31 1
-1 2496 6564 13016 -275 706 -118 1
-1 2496 6564 13016 -275 706 -118 1
-1 2976 6708 12756 -991 1163 627 1
-1 2976 6708 12756 -991 1163 627 1
-1 3068 6748 13324 -160 499 25 1
-1 3068 6748 13324 -160 499 25 1
-1 3112 5624 14140 -534 554 -124 1
-1 3112 5624 14140 -534 554 -124 1
-1 2052 6332 12896 -556 1773 224 1
-1 2052 6332 12896 -556 1773 224 1
-1 2160 5876 13800 -260 541 39 1
-1 2160 5876 13800 -260 541 39 1
-1 3624 5888 13460 -810 584 1 1
-1 3624 5888 13460 -810 584 1 1
-1 2184 6044 13012 -459 1819 728 1
-1 2184 6044 13012 -459 1819 728 1
-1 1876 5240 13756 -327 -134 -139 1
-1 1876 5240 13756 -327 -134 -139 1
-1 1712 5572 12860 -930 -378 447 1
-1 1712 5572 12860 -930 -378 447 1
-1 2256 5592 13232 -1514 -370 243 1
-1 2256 5592 13232 -1514 -370 243 1
-1 3128 5448 14396 -1078 190 39 1
-1 3128 5448 14396 -1078 190 39 1
-1 2140 5752 13568 -239 -580 -822 1
-1 2140 5752 13568 -239 -580 -822 1
-1 2516 4520 15024 506 2518 354 1
-1 2516 4520 15024 506 2518 354 1
-1 2512 5120 13596 -116 128 -279 1
-1 2512 5120 13596 -116 128 -279 1
-1 3164 5188 14180 362 1606 -180 1
-1 3164 5188 14180 362 1606 -180 1
-1 1016 6080 12436 -639 407 -455 1
-1 1016 6080 12436 -639 407 -455 1
-1 2184 5480 12812 -1082 592 5 1
-1 2184 5480 12812 -1082 592 5 1
-1 3304 3492 15680 -611 -212 -399 1
-1 3304 3492 15680 -611 -212 -399 1
-1 456 4384 13676 302 1139 -300 1
-1 456 4384 13676 302 1139 -300 1
-1 844 4292 13176 -24 -454 -132 1
-1 844 4292 13176 -24 -454 -132 1
-1 1820 4920 12288 -1592 1380 -649 1
-1 1820 4920 12288 -1592 1380 -649 1
-1 2920 4232 13992 -423 630 -402 1
-1 2920 4232 13992 -423 630 -402 1
-1 660 4276 14980 -1097 1679 -387 1
-1 660 4276 14980 -1097 1679 -387 1
-1 1492 4548 15008 -4 550 -927 1
-1 1492 4548 15008 -4 550 -927 1
-1 176 4036 15096 121 796 -44 1
-1 176 4036 15096 121 796 -44 1
-1 1128 3808 15808 597 132 -655 1
-1 1128 3808 15808 597 132 -655 1
-1 376 4844 12456 -212 761 -162 1
-1 376 4844 12456 -212 761 -162 1
-1 1096 3904 14732 264 -9 239 1
-1 1096 3904 14732 264 -9 239 1
-1 1412 4044 15108 -103 113 931 1
-1 1412 4044 15108 -103 113 931 1
-1 656 4672 13112 -871 713 292 1
-1 656 4672 13112 -871 713 292 1
-1 272 4060 14288 -35 189 214 1
-1 272 4060 14288 -35 189 214 1
-1 1100 3516 14908 -542 890 -84 1
-1 1100 3516 14908 -542 890 -84 1
-1 116 3336 14496 -965 765 409 1
-1 116 3336 14496 -965 765 409 1
-1 836 3672 14324 -650 241 -263 1
-1 836 3672 14324 -650 241 -263 1
-1 4 3372 14680 -691 513 206 1
-1 4 3372 14680 -691 513 206 1
-1 344 2820 13820 -784 521 187 1
-1 344 2820 13820 -784 521 187 1
-1 -504 3340 13696 -1533 1333 328 1
-1 -504 3340 13696 -1533 1333 328 1
-1 1340 2472 15556 -727 156 -111 1
-1 1340 2472 15556 -727 156 -111 1
-1 20 3116 15272 -365 284 -420 1
-1 20 3116 15272 -365 284 -420 1
-1 464 2552 14936 -21 1 -406 1
-1 464 2552 14936 -21 1 -406 1
-1 280 2556 15524 1620 931 -643 1
-1 280 2556 15524 1620 931 -643 1
-1 388 2392 14280 -852 -59 -694 1
-1 388 2392 14280 -852 -59 -694 1
-1 32 3048 13352 740 700 -425 1
-1 32 3048 13352 740 700 -425 1
-1 156 2804 15124 885 -17 -9 1
-1 156 2804 15124 885 -17 -9 1
-1 296 3140 15340 547 -1014 270 1
-1 296 3140 15340 547 -1014 270 1
-1 180 3168 14620 1255 -525 956 1
-1 180 3168 14620 1255 -525 956 1
-1 604 3060 14088 348 13 -131 1
