-1 32684 0 1 2051 1 1928641016 1
-1 0 0 1 2051 1 1928641016 1
-1 3812 7244 12412 -366 566 -113 1
-1 3812 7244 12412 -366 566 -113 1
-1 3680 7280 12628 415 -515 175 1
-1 3680 7280 12628 415 -515 175 1
-1 3864 6988 13500 -178 105 -5 1
-1 3864 6988 13500 -178 105 -5 1
-1 3352 7136 12616 375 -340 -244 1
-1 3352 7136 12616 375 -340 -244 1
-1 3496 7244 12976 -411 65 -174 1
-1 3496 7244 12976 -411 65 -174 1
-1 3568 6944 12804 -230 464 -227 1
-1 3568 6944 12804 -230 464 -227 1
-1 3668 6728 13568 29 -592 -88 1
-1 3668 6728 13568 29 -592 -88 1
-1 3700 6640 12872 153 280 110 1
-1 3700 6640 12872 153 280 110 1
-1 3644 6344 13192 121 608 380 1
-1 3644 6344 13192 121 608 380 1
-1 3464 7044 11252 -245 -1068 -274 1
-1 3464 7044 11252 -245 -1068 -274 1
-1 3820 6612 12920 331 -922 16 1
-1 3820 6612 12920 331 -922 16 1
-1 3388 6396 12308 272 964 460 1
-1 3388 6396 12308 272 964 460 1
-1 3680 6464 12656 355 442 -79 1
-1 3680 6464 12656 355 442 -79 1
-1 4356 6772 12584 768 -334 -853 1
-1 4356 6772 12584 768 -334 -853 1
-1 3224 6608 12768 900 1566 214 1
-1 3224 6608 12768 900 1566 214 1
-1 2596 6776 12460 -6 -2428 -612 1
-1 2596 6776 12460 -6 -2428 -612 1
-1 4680 7064 13564 255 310 1217 1
-1 4680 7064 13564 255 310 1217 1
-1 4064 6692 13496 77 524 -321 1
-1 4064 6692 13496 77 524 -321 1
-1 2448 6600 12748 983 1111 509 1
-1 2448 6600 12748 983 1111 509 1
-1 2912 6740 13584 710 -640 677 1
-1 2912 6740 13584 710 -640 677 1
-1 4348 6552 13556 763 438 253 1
-1 4348 6552 13556 763 438 253 1
-1 4128 7280 12812 810 436 -45 1
-1 4128 7280 12812 810 436 -45 1
-1 3664 6604 13032 409 1146 -282 1
-1 3664 6604 13032 409 1146 -282 1
-1 2468 6696 13556 511 187 -97 1
-1 2468 6696 13556 511 187 -97 1
-1 4260 6336 13736 856 -423 -1728 1
-1 4260 6336 13736 856 -423 -1728 1
-1 2060 7552 12536 956 1034 1068 1
-1 2060 7552 12536 956 1034 1068 1
-1 2908 6656 12884 255 -652 -801 1
-1 2908 6656 12884 255 -652 -801 1
-1 3296 6876 12428 -623 571 390 1
-1 3296 6876 12428 -623 571 390 1
-1 3832 7012 12876 -269 -1291 -1137 1
-1 3832 7012 12876 -269 -1291 -1137 1
-1 2560 6524 13412 234 2092 475 1
-1 2560 6524 13412 234 2092 475 1
-1 3188 6152 13384 -325 81 -946 1
-1 3188 6152 13384 -325 81 -946 1
-1 3596 7360 11292 -329 1415 -159 1
-1 3596 7360 11292 -329 1415 -159 1
-1 2520 6844 12816 -353 -551 -773 1
-1 2520 6844 12816 -353 -551 -773 1
-1 3136 6336 13424 -577 930 152 1
-1 3136 6336 13424 -577 930 152 1
-1 2400 6192 14188 -244 511 -189 1
-1 2400 6192 14188 -244 511 -189 1
-1 2212 6556 13160 43 565 -609 1
-1 2212 6556 13160 43 565 -609 1
-1 1900 6508 12396 -8 1192 288 1
-1 1900 6508 12396 -8 1192 288 1
-1 2796 6092 14472 -362 -1461 45 1
-1 2796 6092 14472 -362 -1461 45 1
-1 3300 6508 13664 -112 1174 408 1
-1 3300 6508 13664 -112 1174 408 1
-1 3264 5912 14072 -240 -490 -307 1
-1 3264 5912 14072 -240 -490 -307 1
-1 2324 6800 12596 -114 967 85 1
-1 2324 6800 12596 -114 967 85 1
-1 2456 6316 12972 -400 1165 97 1
-1 2456 6316 12972 -400 1165 97 1
-1 2936 5436 14172 -50 -965 -386 1
-1 2936 5436 14172 -50 -965 -386 1
-1 2712 6244 13284 -131 1299 472 1
-1 2712 6244 13284 -131 1299 472 1
-1 2388 5864 13128 10 939 -203 1
-1 2388 5864 13128 10 939 -203 1
-1 2752 5520 13624 281 818 96 1
-1 2752 5520 13624 281 818 96 1
-1 744 5520 13104 401 341 415 1
-1 744 5520 13104 401 341 415 1
-1 2428 5432 13960 326 -913 -315 1
-1 2428 5432 13960 326 -913 -315 1
-1 2128 6076 13012 -399 957 35 1
-1 2128 6076 13012 -399 957 35 1
-1 1932 5588 13876 151 -329 -578 1
-1 1932 5588 13876 151 -329 -578 1
-1 1792 5912 13888 243 365 -212 1
-1 1792 5912 13888 243 365 -212 1
-1 1892 5568 14176 359 -628 -291 1
-1 1892 5568 14176 359 -628 -291 1
-1 2884 6108 13044 -131 668 106 1
-1 2884 6108 13044 -131 668 106 1
-1 2152 5824 12752 -474 2280 1128 1
-1 2152 5824 12752 -474 2280 1128 1
-1 1760 5464 14728 -400 439 -244 1
-1 1760 5464 14728 -400 439 -244 1
-1 2188 4860 14236 -122 529 -138 1
-1 2188 4860 14236 -122 529 -138 1
-1 1128 5512 13224 -256 857 161 1
-1 1128 5512 13224 -256 857 161 1
-1 1548 5212 13032 -400 38 125 1
-1 1548 5212 13032 -400 38 125 1
-1 2108 5148 13652 -450 315 389 1
-1 2108 5148 13652 -450 315 389 1
-1 1012 4896 13360 -454 808 525 1
-1 1012 4896 13360 -454 808 525 1
-1 2228 5000 13652 -644 829 337 1
-1 2228 5000 13652 -644 829 337 1
-1 1332 4808 13928 271 1250 692 1
-1 1332 4808 13928 271 1250 692 1
-1 1268 4988 13440 -196 -326 -187 1
-1 1268 4988 13440 -196 -326 -187 1
-1 1924 5224 13616 -263 1245 16 1
-1 1924 5224 13616 -263 1245 16 1
-1 532 5124 13952 -397 1170 828 1
-1 532 5124 13952 -397 1170 828 1
-1 124 2380 17080 317 -1578 -1720 1
-1 124 2380 17080 317 -1578 -1720 1
-1 1748 4244 17876 1810 88 881 1
-1 1748 4244 17876 1810 88 881 1
-1 -688 4908 12624 373 -1657 -2425 1
-1 -688 4908 12624 373 -1657 -2425 1
-1 1056 4424 14244 1297 336 586 1
-1 1056 4424 14244 1297 336 586 1
-1 2208 4436 12892 3137 -9535 -3299 1
-1 2208 4436 12892 3137 -9535 -3299 1
-1 2000 4924 14272 381 1855 -397 1
-1 2000 4924 14272 381 1855 -397 1
-1 596 5516 12644 -970 1909 -735 1
-1 596 5516 12644 -970 1909 -735 1
-1 1816 5340 13620 -939 1683 -979 1
-1 1816 5340 13620 -939 1683 -979 1
-1 840 5248 13680 -1380 2178 806 1
-1 840 5248 13680 -1380 2178 806 1
-1 1016 5096 14708 -1338 1154 20 1
-1 1016 5096 14708 -1338 1154 20 1
-1 868 4536 14872 -544 1596 -838 1
-1 868 4536 14872 -544 1596 -838 1
-1 -332 4324 14584 -310 683 -73 1
-1 -332 4324 14584 -310 683 -73 1
-1 -68 3512 14964 -323 117 -340 1
-1 -68 3512 14964 -323 117 -340 1
-1 -128 4444 14576 -226 384 408 1
-1 -128 4444 14576 -226 384 408 1
-1 -568 4132 13892 492 -31 156 1
-1 -568 4132 13892 492 -31 156 1
-1 312 4232 13844 138 -1698 398 1
-1 312 4232 13844 138 -1698 398 1
-1 2124 3780 13720 -142 246 -342 1
-1 2124 3780 13720 -142 246 -342 1
-1 -796 4236 14004 223 610 -73 1
-1 -796 4236 14004 223 610 -73 1
-1 444 4428 13356 -128 -533 165 1
-1 444 4428 13356 -128 -533 165 1
-1 960 4556 13792 -494 419 -406 1
-1 960 4556 13792 -494 419 -406 1
-1 932 4076 14220 -646 772 -338 1
-1 932 4076 14220 -646 772 -338 1
-1 -164 3552 14788 -123 1006 -972 1
-1 -164 3552 14788 -123 1006 -972 1
-1 -180 3584 14460 327 671 -194 1
-1 -180 3584 14460 327 671 -194 1
-1 -128 4068 13824 -624 261 -443 1
-1 -128 4068 13824 -624 261 -443 1
-1 172 4036 13792 23 1012 -832 1
-1 172 4036 13792 23 1012 -832 1
-1 -472 3212 15172 -504 999 -317 1
-1 -472 3212 15172 -504 999 -317 1
-1 -744 3916 14356 -582 192 -148 1
-1 -744 3916 14356 -582 192 -148 1
-1 344 3180 15480 313 541 -438 1
-1 344 3180 15480 313 541 -438 1
-1 -776 2992 14512 -1032 306 -544 1
-1 -776 2992 14512 -1032 306 -544 1
-1 -236 3156 14668 -98 -614 -701 1
-1 -236 3156 14668 -98 -614 -701 1
-1 -464 3196 14044 -725 346 -526 1
-1 -464 3196 14044 -725 346 -526 1
-1 -588 2676 15696 129 -361 -452 1
-1 -588 2676 15696 129 -361 -452 1
-1 -484 3336 14680 78 756 -663 1
-1 -484 3336 14680 78 756 -663 1
-1 -688 2636 14628 -438 -512 -626 1
-1 -688 2636 14628 -438 -512 -626 1
-1 -568 3188 13988 263 -369 -113 1
-1 -568 3188 13988 263 -369 -113 1
-1 36 2612 15236 199 253 89 1
-1 36 2612 15236 199 253 89 1
-1 -616 2944 15072 794 193 -268 1
-1 -616 2944 15072 794 193 -268 1
-1 -456 2868 14768 680 -124 -184 1
-1 -456 2868 14768 680 -124 -184 1
-1 -352 3028 14152 330 -529 -373 1
-1 -352 3028 14152 330 -529 -373 1
-1 -400 2776 14304 686 -117 -160 1
-1 -400 2776 14304 686 -117 -160 1
-1 -948 3024 14668 519 -541 -16 1
-1 -948 3024 14668 519 -541 -16 1
-1 -280 2948 14144 535 280 -126 1
-1 -280 2948 14144 535 280 -126 1
-1 -256 2700 14732 506 231 -387 1
-1 -256 2700 14732 506 231 -387 1
-1 -708 3208 13724 919 244 -452 1
-1 -708 3208 13724 919 244 -452 1
-1 -652 2968 14188 -292 -112 -250 1
-1 -652 2968 14188 -292 -112 -250 1
-1 -16 2940 14344 96 -506 -308 1
-1 -16 2940 14344 96 -506 -308 1
-1 -508 3040 14540 134 213 -564 1
-1 -508 3040 14540 134 213 -564 1
-1 -452 3044 14208 -104 -496 -442 1
-1 -452 3044 14208 -104 -496 -442 1
-1 -1072 2812 14904 449 186 -483 1
-1 -1072 2812 14904 449 186 -483 1
-1 -356 2832 14384 166 -586 -1 1
-1 -356 2832 14384 166 -586 -1 1
-1 -272 3020 14316 899 -135 -345 1
-1 -272 3020 14316 899 -135 -345 1
-1 -320 2972 14240 630 -205 -438 1
-1 -320 2972 14240 630 -205 -438 1
-1 -1076 2888 14344 590 137 -137 1
-1 -1076 2888 14344 590 137 -137 1
-1 -656 3172 14008 335 -138 123 1
-1 -656 3172 14008 335 -138 123 1
-1 -320 2664 14248 135 -422 433 1
-1 -320 2664 14248 135 -422 433 1
-1 188 2540 14516 440 -175 18 1
-1 188 2540 14516 440 -175 18 1
-1 -560 2940 14032 82 403 -215 1
-1 -560 2940 14032 82 403 -215 1
-1 144 2820 14596 189 150 -397 1
-1 144 2820 14596 189 150 -397 1
-1 -808 2448 14744 493 62 -464 1
-1 -808 2448 14744 493 62 -464 1
-1 -284 2736 14268 295 330 -410 1
-1 -284 2736 14268 295 330 -410 1
-1 -600 2876 14672 309 -194 -453 1
-1 -600 2876 14672 309 -194 -453 1
-1 -1096 2928 15056 646 -192 -183 1
-1 -1096 2928 15056 646 -192 -183 1
-1 -528 3236 14600 721 13 -17 1
-1 -528 3236 14600 721 13 -17 1
-1 -620 3280 14348 785 -519 266 1
-1 -620 3280 14348 785 -519 266 1
