-1 0 0 1 2051 1 1928641016 1
-1 0 0 1 2051 1 1928641016 1
-1 2912 6676 13136 -96 200 396 1
-1 2912 6676 13136 -96 200 396 1
-1 3460 6260 14196 1951 590 147 1
-1 3460 6260 14196 1951 590 147 1
-1 2988 6760 12956 939 -266 -91 1
-1 2988 6760 12956 939 -266 -91 1
-1 3472 7440 10956 209 676 191 1
-1 3472 7440 10956 209 676 191 1
-1 3680 7028 11812 -20 -919 320 1
-1 3680 7028 11812 -20 -919 320 1
-1 4372 5688 13684 1303 3482 399 1
-1 4372 5688 13684 1303 3482 399 1
-1 -464 6352 13444 2968 466 1097 1
-1 -464 6352 13444 2968 466 1097 1
-1 3924 7484 13528 202 -1877 63 1
-1 3924 7484 13528 202 -1877 63 1
-1 4200 8280 12784 1386 359 272 1
-1 4200 8280 12784 1386 359 272 1
-1 3640 7320 13168 553 698 -61 1
-1 3640 7320 13168 553 698 -61 1
-1 4392 6888 13808 821 -437 -1025 1
-1 4392 6888 13808 821 -437 -1025 1
-1 2608 8212 11548 -476 1430 111 1
-1 2608 8212 11548 -476 1430 111 1
-1 2756 7416 11996 -238 49 -878 1
-1 2756 7416 11996 -238 49 -878 1
-1 2380 6824 12508 -425 850 206 1
-1 2380 6824 12508 -425 850 206 1
-1 2640 6984 12960 -55 -181 -239 1
-1 2640 6984 12960 -55 -181 -239 1
-1 3292 6760 13316 -236 1402 -86 1
-1 3292 6760 13316 -236 1402 -86 1
-1 1832 6204 13096 14 1057 131 1
-1 1832 6204 13096 14 1057 131 1
-1 1568 6164 12852 868 512 -296 1
-1 1568 6164 12852 868 512 -296 1
-1 2152 7820 12684 87 -1740 382 1
-1 2152 7820 12684 87 -1740 382 1
-1 3856 8256 12928 -148 -968 -737 1
-1 3856 8256 12928 -148 -968 -737 1
-1 3392 7268 13320 -126 2192 -195 1
-1 3392 7268 13320 -126 2192 -195 1
-1 2524 7480 13272 -209 -105 -727 1
-1 2524 7480 13272 -209 -105 -727 1
-1 2496 6808 13456 -357 402 -630 1
-1 2496 6808 13456 -357 402 -630 1
-1 1360 6272 13992 -22 426 313 1
-1 1360 6272 13992 -22 426 313 1
-1 1524 6444 13280 554 124 191 1
-1 1524 6444 13280 554 124 191 1
-1 2240 6684 11872 72 921 1398 1
-1 2240 6684 11872 72 921 1398 1
-1 3608 6208 12796 66 -763 -405 1
-1 3608 6208 12796 66 -763 -405 1
-1 3580 6364 13116 -128 1644 112 1
-1 3580 6364 13116 -128 1644 112 1
-1 1940 6416 13308 131 835 -617 1
-1 1940 6416 13308 131 835 -617 1
-1 2268 6324 14268 -234 951 -712 1
-1 2268 6324 14268 -234 951 -712 1
-1 1820 6444 13156 370 599 -442 1
-1 1820 6444 13156 370 599 -442 1
-1 1008 6560 13360 297 898 585 1
-1 1008 6560 13360 297 898 585 1
-1 1140 6200 13312 -128 808 932 1
-1 1140 6200 13312 -128 808 932 1
-1 1788 6576 13044 96 476 731 1
-1 1788 6576 13044 96 476 731 1
-1 2500 7076 12412 -285 1 -385 1
-1 2500 7076 12412 -285 1 -385 1
-1 2360 6324 13728 -568 1137 358 1
-1 2360 6324 13728 -568 1137 358 1
-1 684 6052 14928 402 1520 196 1
-1 684 6052 14928 402 1520 196 1
-1 1180 6016 13860 427 470 12 1
-1 1180 6016 13860 427 470 12 1
-1 664 6040 13388 1381 -5710 -2917 1
-1 664 6040 13388 1381 -5710 -2917 1
-1 1724 6464 12428 38 -198 886 1
-1 1724 6464 12428 38 -198 886 1
-1 2952 6772 12836 -63 -662 -65 1
-1 2952 6772 12836 -63 -662 -65 1
-1 1604 6972 12508 -425 2195 739 1
-1 1604 6972 12508 -425 2195 739 1
-1 2744 5600 14488 -412 1457 10 1
-1 2744 5600 14488 -412 1457 10 1
-1 1628 5444 14856 473 2248 -451 1
-1 1628 5444 14856 473 2248 -451 1
-1 564 5792 14404 1498 1183 -73 1
-1 564 5792 14404 1498 1183 -73 1
-1 1508 6244 13276 326 -41 -421 1
-1 1508 6244 13276 326 -41 -421 1
-1 1504 5788 13796 373 1312 -232 1
-1 1504 5788 13796 373 1312 -232 1
-1 308 6084 12948 33 -327 -630 1
-1 308 6084 12948 33 -327 -630 1
-1 1588 6064 13312 -253 767 281 1
-1 1588 6064 13312 -253 767 281 1
-1 1096 5736 12976 -288 -260 320 1
-1 1096 5736 12976 -288 -260 320 1
-1 1824 6224 12336 -255 1584 794 1
-1 1824 6224 12336 -255 1584 794 1
-1 -348 6212 13344 263 1683 29 1
-1 -348 6212 13344 263 1683 29 1
-1 1624 5764 14108 -889 -46 -617 1
-1 1624 5764 14108 -889 -46 -617 1
-1 128 5736 13736 -161 1087 514 1
-1 128 5736 13736 -161 1087 514 1
-1 256 6096 13192 83 -777 -1048 1
-1 256 6096 13192 83 -777 -1048 1
-1 316 5240 14424 -175 1093 339 1
-1 316 5240 14424 -175 1093 339 1
-1 468 5468 13912 -195 -631 -611 1
-1 468 5468 13912 -195 -631 -611 1
-1 1676 4640 12876 829 -493 -374 1
-1 1676 4640 12876 829 -493 -374 1
-1 1700 4852 14220 1812 1192 -866 1
-1 1700 4852 14220 1812 1192 -866 1
-1 -364 6064 11544 2388 1041 673 1
-1 -364 6064 11544 2388 1041 673 1
-1 1248 5708 13984 316 528 -554 1
-1 1248 5708 13984 316 528 -554 1
-1 160 7224 11200 -623 1711 -693 1
-1 160 7224 11200 -623 1711 -693 1
-1 -860 5548 14844 0 1997 -175 1
-1 -860 5548 14844 0 1997 -175 1
-1 452 5836 13852 -1177 -122 -457 1
-1 452 5836 13852 -1177 -122 -457 1
-1 340 5796 14596 -1485 382 232 1
-1 340 5796 14596 -1485 382 232 1
-1 -1396 5784 13584 -1061 1200 170 1
-1 -1396 5784 13584 -1061 1200 170 1
-1 -796 4896 15672 -593 150 25 1
-1 -796 4896 15672 -593 150 25 1
-1 -396 5048 14172 -348 220 -464 1
-1 -396 5048 14172 -348 220 -464 1
-1 -1420 5028 12744 42 -104 -94 1
-1 -1420 5028 12744 42 -104 -94 1
-1 -1116 5184 12936 -1110 128 193 1
-1 -1116 5184 12936 -1110 128 193 1
-1 296 4820 13864 -435 -120 374 1
-1 296 4820 13864 -435 -120 374 1
-1 -1112 4644 13908 -1094 929 437 1
-1 -1112 4644 13908 -1094 929 437 1
-1 -324 5104 13252 -494 -46 324 1
-1 -324 5104 13252 -494 -46 324 1
-1 -1452 4020 14232 -700 311 456 1
-1 -1452 4020 14232 -700 311 456 1
-1 552 4260 14360 -1230 1381 -51 1
-1 552 4260 14360 -1230 1381 -51 1
-1 -488 4436 13572 -229 431 -797 1
-1 -488 4436 13572 -229 431 -797 1
-1 -1616 4116 14268 -259 1856 -262 1
-1 -1616 4116 14268 -259 1856 -262 1
-1 -208 4168 14352 -607 450 -467 1
-1 -208 4168 14352 -607 450 -467 1
-1 -1552 4060 14188 -372 1307 539 1
-1 -1552 4060 14188 -372 1307 539 1
-1 -964 3488 15044 -576 -282 -851 1
-1 -964 3488 15044 -576 -282 -851 1
-1 -1884 3608 13756 -83 398 -587 1
-1 -1884 3608 13756 -83 398 -587 1
-1 -700 3296 14356 -448 87 263 1
-1 -700 3296 14356 -448 87 263 1
-1 -1640 3784 12940 -550 1118 -294 1
-1 -1640 3784 12940 -550 1118 -294 1
-1 -1708 3172 14352 -355 738 48 1
-1 -1708 3172 14352 -355 738 48 1
-1 -616 3224 14112 -1254 693 -333 1
-1 -616 3224 14112 -1254 693 -333 1
-1 -2236 3492 14644 174 1216 -8 1
-1 -2236 3492 14644 174 1216 -8 1
-1 -1076 3160 13948 -1346 -406 -668 1
-1 -1076 3160 13948 -1346 -406 -668 1
-1 -1440 2672 14712 -574 1027 -533 1
-1 -1440 2672 14712 -574 1027 -533 1
-1 -2920 2580 14480 -657 1036 -662 1
-1 -2920 2580 14480 -657 1036 -662 1
-1 -2628 2640 14060 -490 -7 39 1
-1 -2628 2640 14060 -490 -7 39 1
-1 -2304 2664 13896 -645 259 -459 1
-1 -2304 2664 13896 -645 259 -459 1
-1 -2020 2084 14612 -322 679 -103 1
-1 -2020 2084 14612 -322 679 -103 1
-1 -2512 2656 13608 -737 -12 -218 1
-1 -2512 2656 13608 -737 -12 -218 1
-1 -1592 1964 14684 -628 320 -238 1
-1 -1592 1964 14684 -628 320 -238 1
-1 -2240 2288 13920 -544 1073 -174 1
-1 -2240 2288 13920 -544 1073 -174 1
-1 -2708 2028 14676 -287 -651 -210 1
-1 -2708 2028 14676 -287 -651 -210 1
-1 -2000 1968 14004 -617 -96 41 1
-1 -2000 1968 14004 -617 -96 41 1
-1 -1580 1020 15204 -701 1045 -389 1
-1 -1580 1020 15204 -701 1045 -389 1
-1 -3084 1444 14000 -312 1134 -685 1
-1 -3084 1444 14000 -312 1134 -685 1
-1 -2152 1380 14760 -746 -144 -841 1
-1 -2152 1380 14760 -746 -144 -841 1
-1 -2652 1656 15052 -237 -72 -175 1
-1 -2652 1656 15052 -237 -72 -175 1
-1 -2436 1308 14720 -227 502 -520 1
-1 -2436 1308 14720 -227 502 -520 1
-1 -2832 912 14812 -272 -586 185 1
-1 -2832 912 14812 -272 -586 185 1
-1 -2544 988 13724 -538 230 -494 1
-1 -2544 988 13724 -538 230 -494 1
-1 -2248 1092 13868 4 -347 -297 1
-1 -2248 1092 13868 4 -347 -297 1
-1 -2980 836 15140 139 257 -625 1
-1 -2980 836 15140 139 257 -625 1
-1 -2820 1032 15068 209 425 -128 1
-1 -2820 1032 15068 209 425 -128 1
-1 -2612 944 14972 914 -462 -311 1
-1 -2612 944 14972 914 -462 -311 1
-1 -2396 784 14332 609 -103 -167 1
-1 -2396 784 14332 609 -103 -167 1
-1 -2664 852 14604 696 237 -270 1
-1 -2664 852 14604 696 237 -270 1
-1 -2584 928 14012 509 -235 20 1
