-1 0 0 1 2051 1 1928641016 1
-1 0 0 1 2051 1 1928641016 1
-1 4864 5456 13084 243 -1028 -534 1
-1 4864 5456 13084 243 -1028 -534 1
-1 2780 5448 11868 -507 679 695 1
-1 2780 5448 11868 -507 679 695 1
-1 4444 5840 12952 -686 -1263 210 1
-1 4444 5840 12952 -686 -1263 210 1
-1 4492 5100 13644 -71 1115 145 1
-1 4492 5100 13644 -71 1115 145 1
-1 4436 5148 13832 856 1406 -433 1
-1 4436 5148 13832 856 1406 -433 1
-1 4240 5552 13680 346 -1001 -481 1
-1 4240 5552 13680 346 -1001 -481 1
-1 3828 5476 13476 959 418 -72 1
-1 3828 5476 13476 959 418 -72 1
-1 4016 5428 14328 1113 -703 -687 1
-1 4016 5428 14328 1113 -703 -687 1
-1 4324 6556 12572 312 -880 -661 1
-1 4324 6556 12572 312 -880 -661 1
-1 3772 5600 13548 114 1377 -117 1
-1 3772 5600 13548 114 1377 -117 1
-1 4896 5048 13864 978 -871 -980 1
-1 4896 5048 13864 978 -871 -980 1
-1 3224 6324 12748 976 334 -371 1
-1 3224 6324 12748 976 334 -371 1
-1 4868 5432 13940 1557 456 -171 1
-1 4868 5432 13940 1557 456 -171 1
-1 3036 5444 14696 1812 -118 -659 1
-1 3036 5444 14696 1812 -118 -659 1
-1 4132 5912 13692 1171 -206 -208 1
-1 4132 5912 13692 1171 -206 -208 1
-1 3792 7168 12240 136 1182 210 1
-1 3792 7168 12240 136 1182 210 1
-1 3944 6460 12348 -735 148 -41 1
-1 3944 6460 12348 -735 148 -41 1
-1 4608 6364 13220 -795 -671 -956 1
-1 4608 6364 13220 -795 -671 -956 1
-1 4336 5120 14684 421 1078 -240 1
-1 4336 5120 14684 421 1078 -240 1
-1 2580 6520 11840 -655 -103 -13 1
-1 2580 6520 11840 -655 -103 -13 1
-1 3752 5424 13720 -350 -548 -517 1
-1 3752 5424 13720 -350 -548 -517 1
-1 5548 5324 4508 -2881 506 -1744 1
-1 5548 5324 4508 -2881 506 -1744 1
-1 2744 5364 14344 938 503 -5 1
-1 2744 5364 14344 938 503 -5 1
-1 3780 4912 13768 844 463 51 1
-1 3780 4912 13768 844 463 51 1
-1 1996 6052 12900 1319 705 356 1
-1 1996 6052 12900 1319 705 356 1
-1 2900 6388 12968 115 631 1094 1
-1 2900 6388 12968 115 631 1094 1
-1 2512 6304 13084 -359 2565 1637 1
-1 2512 6304 13084 -359 2565 1637 1
-1 3656 5896 14016 -209 1168 937 1
-1 3656 5896 14016 -209 1168 937 1
-1 3340 5860 14208 -61 1371 858 1
-1 3340 5860 14208 -61 1371 858 1
-1 2480 5088 13880 -22 1643 93 1
-1 2480 5088 13880 -22 1643 93 1
-1 2816 5340 14008 212 797 355 1
-1 2816 5340 14008 212 797 355 1
-1 2284 5908 13068 525 872 68 1
-1 2284 5908 13068 525 872 68 1
-1 2132 5276 13808 445 789 307 1
-1 2132 5276 13808 445 789 307 1
-1 2024 5220 14076 265 -40 384 1
-1 2024 5220 14076 265 -40 384 1
-1 2828 5368 13892 148 684 23 1
-1 2828 5368 13892 148 684 23 1
-1 1580 5880 12776 -54 1269 618 1
-1 1580 5880 12776 -54 1269 618 1
-1 2408 5324 13316 -602 305 236 1
-1 2408 5324 13316 -602 305 236 1
-1 3308 4908 14036 -644 487 204 1
-1 3308 4908 14036 -644 487 204 1
-1 2100 5020 13460 -402 1614 -81 1
-1 2100 5020 13460 -402 1614 -81 1
-1 2500 5132 13796 -337 1676 -334 1
-1 2500 5132 13796 -337 1676 -334 1
-1 2040 5220 13800 191 1490 13 1
-1 2040 5220 13800 191 1490 13 1
-1 2152 4340 15060 353 937 -592 1
-1 2152 4340 15060 353 937 -592 1
-1 784 5248 13080 -44 629 -188 1
-1 784 5248 13080 -44 629 -188 1
-1 2156 4600 14200 645 291 -499 1
-1 2156 4600 14200 645 291 -499 1
-1 1004 5292 13420 -604 320 501 1
-1 1004 5292 13420 -604 320 501 1
-1 1304 5056 13408 765 503 -139 1
-1 1304 5056 13408 765 503 -139 1
-1 232 4792 14000 209 1106 829 1
-1 232 4792 14000 209 1106 829 1
-1 1280 5016 14300 757 -219 -569 1
-1 1280 5016 14300 757 -219 -569 1
-1 204 5056 13688 -157 1715 1353 1
-1 204 5056 13688 -157 1715 1353 1
-1 1924 4796 14268 730 -360 -357 1
-1 1924 4796 14268 730 -360 -357 1
-1 2044 4824 14332 -627 1342 -228 1
-1 2044 4824 14332 -627 1342 -228 1
-1 844 4764 13736 497 -829 -1532 1
-1 844 4764 13736 497 -829 -1532 1
-1 704 4420 14008 -157 1269 -852 1
-1 704 4420 14008 -157 1269 -852 1
-1 496 4392 14044 -274 -342 -711 1
-1 496 4392 14044 -274 -342 -711 1
-1 948 4528 13536 -453 1116 -497 1
-1 948 4528 13536 -453 1116 -497 1
-1 -760 4680 13144 -345 742 347 1
-1 -760 4680 13144 -345 742 347 1
-1 1012 4472 13588 -303 -508 319 1
-1 1012 4472 13588 -303 -508 319 1
-1 364 4404 14260 -52 1513 162 1
-1 364 4404 14260 -52 1513 162 1
-1 1728 4516 13980 653 -1060 642 1
-1 1728 4516 13980 653 -1060 642 1
-1 468 4456 13948 315 806 0 1
-1 468 4456 13948 315 806 0 1
-1 1516 4820 13392 826 -2065 334 1
-1 1516 4820 13392 826 -2065 334 1
-1 844 3952 14756 -559 1814 -298 1
-1 844 3952 14756 -559 1814 -298 1
-1 -328 4756 13088 -1144 492 -557 1
-1 -328 4756 13088 -1144 492 -557 1
-1 476 3484 15812 216 135 103 1
-1 476 3484 15812 216 135 103 1
-1 396 4020 14364 -318 476 -260 1
-1 396 4020 14364 -318 476 -260 1
-1 -692 3676 15276 239 -104 462 1
-1 -692 3676 15276 239 -104 462 1
-1 -128 4016 13412 -315 342 -431 1
-1 -128 4016 13412 -315 342 -431 1
-1 628 3568 14484 304 947 545 1
-1 628 3568 14484 304 947 545 1
-1 504 4048 13392 -539 592 -846 1
-1 504 4048 13392 -539 592 -846 1
-1 -80 3488 15252 112 1066 -213 1
-1 -80 3488 15252 112 1066 -213 1
-1 -292 3596 14392 -240 1166 -161 1
-1 -292 3596 14392 -240 1166 -161 1
-1 408 3380 14268 -1051 181 -663 1
-1 408 3380 14268 -1051 181 -663 1
-1 -1276 3744 14436 -272 2035 -499 1
-1 -1276 3744 14436 -272 2035 -499 1
-1 -588 3176 15276 -901 -665 -228 1
-1 -588 3176 15276 -901 -665 -228 1
-1 -232 3124 14244 -827 578 -181 1
-1 -232 3124 14244 -827 578 -181 1
-1 60 3532 13388 -612 -200 -371 1
-1 60 3532 13388 -612 -200 -371 1
-1 -324 2392 15544 99 1554 -535 1
-1 -324 2392 15544 99 1554 -535 1
-1 -1380 3340 13412 -813 344 330 1
-1 -1380 3340 13412 -813 344 330 1
-1 -1264 2304 15508 -268 1036 128 1
-1 -1264 2304 15508 -268 1036 128 1
-1 -848 2636 14256 -629 181 -397 1
-1 -848 2636 14256 -629 181 -397 1
-1 536 2704 13728 467 -1464 -1206 1
-1 536 2704 13728 467 -1464 -1206 1
-1 -1380 2568 14032 -116 1285 -453 1
-1 -1380 2568 14032 -116 1285 -453 1
-1 -804 2268 14336 -486 324 -238 1
-1 -804 2268 14336 -486 324 -238 1
-1 -1360 2628 14604 -11 951 128 1
-1 -1360 2628 14604 -11 951 128 1
-1 -120 2120 15432 310 -277 -1309 1
-1 -120 2120 15432 310 -277 -1309 1
-1 -2056 2392 14292 -459 785 -397 1
-1 -2056 2392 14292 -459 785 -397 1
-1 -2092 2476 13856 189 -1674 -59 1
-1 -2092 2476 13856 189 -1674 -59 1
-1 276 1796 14508 -1083 -441 -760 1
-1 276 1796 14508 -1083 -441 -760 1
-1 -1912 2164 13840 -471 -99 -569 1
-1 -1912 2164 13840 -471 -99 -569 1
-1 -900 2096 14488 -328 -215 -493 1
