-1 8 -490 -271 0 1 1928641016 1
-1 8 -490 -271 0 1 1928641016 1
-1 2932 6144 13056 -88 -201 -279 1
-1 2932 6144 13056 -88 -201 -279 1
-1 2488 6040 13384 444 194 181 1
-1 2488 6040 13384 444 194 181 1
-1 3100 5492 13624 398 -227 246 1
-1 3100 5492 13624 398 -227 246 1
-1 3052 6292 12884 758 286 -395 1
-1 3052 6292 12884 758 286 -395 1
-1 1332 6088 14044 724 -414 295 1
-1 1332 6088 14044 724 -414 295 1
-1 3896 6896 13164 -233 1150 -35 1
-1 3896 6896 13164 -233 1150 -35 1
-1 2160 6148 13384 603 48 521 1
-1 2160 6148 13384 603 48 521 1
-1 2992 6256 13080 588 -184 -146 1
-1 2992 6256 13080 588 -184 -146 1
-1 3384 6480 13328 92 495 -12 1
-1 3384 6480 13328 92 495 -12 1
-1 2560 6168 13208 439 -202 132 1
-1 2560 6168 13208 439 -202 132 1
-1 2936 6052 13776 294 -655 106 1
-1 2936 6052 13776 294 -655 106 1
-1 2956 6384 13236 161 103 364 1
-1 2956 6384 13236 161 103 364 1
-1 3064 6076 14140 549 -444 -196 1
-1 3064 6076 14140 549 -444 -196 1
-1 2628 6016 13400 387 255 191 1
-1 2628 6016 13400 387 255 191 1
-1 3104 6044 13584 639 -450 -14 1
-1 3104 6044 13584 639 -450 -14 1
-1 2852 6316 13236 510 245 -78 1
-1 2852 6316 13236 510 245 -78 1
-1 2620 6148 13732 326 3 -1 1
-1 2620 6148 13732 326 3 -1 1
-1 3528 6080 13764 841 45 -313 1
-1 3528 6080 13764 841 45 -313 1
-1 2808 6364 12848 141 -108 -168 1
-1 2808 6364 12848 141 -108 -168 1
-1 3232 5888 13348 327 -858 -239 1
-1 3232 5888 13348 327 -858 -239 1
-1 2772 6144 12372 266 338 -141 1
-1 2772 6144 12372 266 338 -141 1
-1 3220 5940 12264 61 299 337 1
-1 3220 5940 12264 61 299 337 1
-1 2564 5856 13244 593 1009 269 1
-1 2564 5856 13244 593 1009 269 1
-1 2836 5964 13332 684 -1520 -657 1
-1 2836 5964 13332 684 -1520 -657 1
-1 3644 6084 12864 840 963 519 1
-1 3644 6084 12864 840 963 519 1
-1 1536 6316 13144 466 -8 387 1
-1 1536 6316 13144 466 -8 387 1
-1 3552 6452 12936 235 -1625 -420 1
-1 3552 6452 12936 235 -1625 -420 1
-1 4000 6788 12164 -100 1786 867 1
-1 4000 6788 12164 -100 1786 867 1
-1 2732 5652 13920 589 -608 -318 1
-1 2732 5652 13920 589 -608 -318 1
-1 2640 6168 13020 789 235 -459 1
-1 2640 6168 13020 789 235 -459 1
-1 3044 6632 13152 409 616 647 1
-1 3044 6632 13152 409 616 647 1
-1 2800 6752 12736 122 57 281 1
-1 2800 6752 12736 122 57 281 1
-1 3140 6656 13348 170 -1833 -606 1
-1 3140 6656 13348 170 -1833 -606 1
-1 3020 6520 12648 -10 2163 858 1
-1 3020 6520 12648 -10 2163 858 1
-1 3048 6528 12936 629 -847 -290 1
-1 3048 6528 12936 629 -847 -290 1
-1 2392 4884 15232 1713 -42 448 1
-1 2392 4884 15232 1713 -42 448 1
-1 2748 5984 12868 1177 -936 -134 1
-1 2748 5984 12868 1177 -936 -134 1
-1 3284 6928 13004 527 982 653 1
-1 3284 6928 13004 527 982 653 1
-1 2580 6904 12884 233 -439 -137 1
-1 2580 6904 12884 233 -439 -137 1
-1 3860 7096 12576 -694 608 205 1
-1 3860 7096 12576 -694 608 205 1
-1 3896 6328 13244 -527 1055 -713 1
-1 3896 6328 13244 -527 1055 -713 1
-1 2640 6768 12196 -1023 1118 378 1
-1 2640 6768 12196 -1023 1118 378 1
-1 2548 5428 14864 -182 464 -471 1
-1 2548 5428 14864 -182 464 -471 1
-1 3216 5652 14156 -113 592 -335 1
-1 3216 5652 14156 -113 592 -335 1
-1 2348 5688 13440 288 67 -265 1
-1 2348 5688 13440 288 67 -265 1
-1 2132 5604 13416 -149 564 -205 1
-1 2132 5604 13416 -149 564 -205 1
-1 2580 5724 13300 -357 371 67 1
-1 2580 5724 13300 -357 371 67 1
-1 2752 5696 12476 -735 693 -127 1
-1 2752 5696 12476 -735 693 -127 1
-1 2500 5540 11592 -889 1097 -284 1
-1 2500 5540 11592 -889 1097 -284 1
-1 1716 4572 15096 168 -244 -545 1
-1 1716 4572 15096 168 -244 -545 1
-1 2708 5548 14048 -292 1115 -510 1
-1 2708 5548 14048 -292 1115 -510 1
-1 1856 5380 15024 862 -694 -763 1
-1 1856 5380 15024 862 -694 -763 1
-1 2476 5864 14460 -49 941 -555 1
-1 2476 5864 14460 -49 941 -555 1
-1 2320 6244 13788 30 -213 -629 1
-1 2320 6244 13788 30 -213 -629 1
-1 1808 5512 14320 -487 343 -560 1
-1 1808 5512 14320 -487 343 -560 1
-1 1464 4720 14508 -55 -1095 -126 1
-1 1464 4720 14508 -55 -1095 -126 1
-1 2548 5388 13940 -258 935 597 1
-1 2548 5388 13940 -258 935 597 1
-1 2432 5052 14144 534 -343 -188 1
-1 2432 5052 14144 534 -343 -188 1
-1 3140 5080 13904 59 1025 66 1
-1 3140 5080 13904 59 1025 66 1
-1 2208 5784 12988 -152 -39 -587 1
-1 2208 5784 12988 -152 -39 -587 1
-1 2872 5408 13012 -704 1340 188 1
-1 2872 5408 13012 -704 1340 188 1
-1 1780 5076 13780 -1458 858 -560 1
-1 1780 5076 13780 -1458 858 -560 1
-1 1760 4916 13540 -944 1176 -228 1
-1 1760 4916 13540 -944 1176 -228 1
-1 1844 4256 14252 -242 1017 -454 1
-1 1844 4256 14252 -242 1017 -454 1
-1 1252 4480 13920 -151 565 -583 1
-1 1252 4480 13920 -151 565 -583 1
-1 392 4568 13636 228 1025 -236 1
-1 392 4568 13636 228 1025 -236 1
-1 1168 4716 13912 -318 -397 -293 1
-1 1168 4716 13912 -318 -397 -293 1
-1 1536 4140 14648 -100 693 5 1
-1 1536 4140 14648 -100 693 5 1
-1 792 4872 13280 121 7 -453 1
-1 792 4872 13280 121 7 -453 1
-1 2236 4932 14072 -435 1830 190 1
-1 2236 4932 14072 -435 1830 190 1
-1 1144 4476 14120 -642 20 -592 1
-1 1144 4476 14120 -642 20 -592 1
-1 1548 3948 13812 -409 1765 -190 1
-1 1548 3948 13812 -409 1765 -190 1
-1 -312 4088 14140 -401 869 188 1
-1 -312 4088 14140 -401 869 188 1
-1 824 3860 14560 262 213 79 1
-1 824 3860 14560 262 213 79 1
-1 556 3664 14536 -630 723 231 1
-1 556 3664 14536 -630 723 231 1
-1 548 3448 13912 -904 -273 -329 1
-1 548 3448 13912 -904 -273 -329 1
-1 808 3436 14852 -193 202 -291 1
-1 808 3436 14852 -193 202 -291 1
-1 572 3432 14892 928 16 -556 1
-1 572 3432 14892 928 16 -556 1
-1 -8 3900 13352 -502 1351 110 1
-1 -8 3900 13352 -502 1351 110 1
-1 548 3684 13428 -284 1334 -622 1
-1 548 3684 13428 -284 1334 -622 1
-1 -1632 3528 13576 -911 -143 1599 1
-1 -1632 3528 13576 -911 -143 1599 1
-1 2072 2512 16608 -1227 -1195 136 1
-1 2072 2512 16608 -1227 -1195 136 1
-1 12 3252 14400 -1133 1205 -1501 1
-1 12 3252 14400 -1133 1205 -1501 1
-1 -2044 2396 16096 -45 -600 1366 1
-1 -2044 2396 16096 -45 -600 1366 1
-1 -968 3572 14396 -615 391 -320 1
-1 -968 3572 14396 -615 391 -320 1
-1 1496 2772 14948 -99 -852 165 1
-1 1496 2772 14948 -99 -852 165 1
-1 748 2864 14668 423 599 -1030 1
-1 748 2864 14668 423 599 -1030 1
-1 968 2776 15136 -180 1709 -1183 1
-1 968 2776 15136 -180 1709 -1183 1
-1 -268 2696 14264 -544 996 -239 1
-1 -268 2696 14264 -544 996 -239 1
-1 -116 2020 15388 66 689 -720 1
-1 -116 2020 15388 66 689 -720 1
-1 -812 2856 14352 -129 839 429 1
-1 -812 2856 14352 -129 839 429 1
-1 -164 2664 14392 -357 462 -418 1
-1 -164 2664 14392 -357 462 -418 1
-1 -1268 1912 16376 163 621 1180 1
-1 -1268 1912 16376 163 621 1180 1
-1 -556 2324 14724 -428 1678 -80 1
-1 -556 2324 14724 -428 1678 -80 1
-1 480 2280 15064 -410 -231 -498 1
-1 480 2280 15064 -410 -231 -498 1
-1 -248 1860 15608 423 234 -129 1
-1 -248 1860 15608 423 234 -129 1
-1 -852 2572 14396 1365 -504 379 1
-1 -852 2572 14396 1365 -504 379 1
-1 -272 1672 14508 -651 -1529 302 1
-1 -272 1672 14508 -651 -1529 302 1
-1 228 2472 13520 566 11 772 1
-1 228 2472 13520 566 11 772 1
-1 -736 2156 15000 472 891 -555 1
-1 -736 2156 15000 472 891 -555 1
-1 408 1900 15608 1085 1053 -576 1
-1 408 1900 15608 1085 1053 -576 1
-1 -320 2340 15204 1124 7 -875 1
-1 -320 2340 15204 1124 7 -875 1
-1 -612 2424 14624 361 -114 -671 1
-1 -612 2424 14624 361 -114 -671 1
-1 -952 2484 14108 669 104 -275 1
-1 -952 2484 14108 669 104 -275 1
-1 -1184 2056 14528 409 319 -174 1
-1 -1184 2056 14528 409 319 -174 1
-1 -832 2616 14204 399 501 72 1
-1 -832 2616 14204 399 501 72 1
-1 -232 1900 15080 491 -201 -441 1
-1 -232 1900 15080 491 -201 -441 1
-1 -976 2508 14468 907 432 -400 1
-1 -976 2508 14468 907 432 -400 1
-1 -608 2296 15016 740 -320 129 1
-1 -608 2296 15016 740 -320 129 1
-1 -1024 2624 14236 494 -401 204 1
