-1 32637 0 1 2051 1 1928641016 1
-1 0 0 1 2051 1 1928641016 1
-1 3148 5748 13248 1449 -429 -546 1
-1 3148 5748 13248 1449 -429 -546 1
-1 2900 6600 13092 1661 -2714 -975 1
-1 2900 6600 13092 1661 -2714 -975 1
-1 3128 6644 12160 562 1112 846 1
-1 3128 6644 12160 562 1112 846 1
-1 2692 6548 12692 33 -1623 -93 1
-1 2692 6548 12692 33 -1623 -93 1
-1 4624 5996 13912 -392 1171 435 1
-1 4624 5996 13912 -392 1171 435 1
-1 3240 5632 14100 715 162 104 1
-1 3240 5632 14100 715 162 104 1
-1 3524 6332 12572 302 1025 383 1
-1 3524 6332 12572 302 1025 383 1
-1 3548 6816 12784 -417 -705 -513 1
-1 3548 6816 12784 -417 -705 -513 1
-1 3400 6060 13988 57 570 17 1
-1 3400 6060 13988 57 570 17 1
-1 2636 5944 12860 -224 -246 260 1
-1 2636 5944 12860 -224 -246 260 1
-1 2876 6120 13148 -99 -1004 -621 1
-1 2876 6120 13148 -99 -1004 -621 1
-1 3576 5812 13340 -387 66 15 1
-1 3576 5812 13340 -387 66 15 1
-1 3668 5532 13304 -462 595 117 1
-1 3668 5532 13304 -462 595 117 1
-1 3108 5364 13512 192 -255 -48 1
-1 3108 5364 13512 192 -255 -48 1
-1 3052 6068 13512 262 1268 322 1
-1 3052 6068 13512 262 1268 322 1
-1 3260 5964 13468 325 -110 273 1
-1 3260 5964 13468 325 -110 273 1
-1 3140 5908 14220 -18 -1020 104 1
-1 3140 5908 14220 -18 -1020 104 1
-1 3768 5628 13892 114 1092 764 1
-1 3768 5628 13892 114 1092 764 1
-1 2508 5932 12728 211 432 64 1
-1 2508 5932 12728 211 432 64 1
-1 3452 5416 12732 -133 87 307 1
-1 3452 5416 12732 -133 87 307 1
-1 3512 5336 13840 -156 -1346 -1065 1
-1 3512 5336 13840 -156 -1346 -1065 1
-1 3708 5184 13596 460 1383 469 1
-1 3708 5184 13596 460 1383 469 1
-1 2944 5440 13576 688 -531 -602 1
-1 2944 5440 13576 688 -531 -602 1
-1 3540 5380 12792 -77 1039 771 1
-1 3540 5380 12792 -77 1039 771 1
-1 2992 5292 14584 835 -701 -95 1
-1 2992 5292 14584 835 -701 -95 1
-1 3396 5736 13212 642 1492 646 1
-1 3396 5736 13212 642 1492 646 1
-1 3260 6808 13956 -260 538 -805 1
-1 3260 6808 13956 -260 538 -805 1
-1 3972 5488 13284 -527 794 604 1
-1 3972 5488 13284 -527 794 604 1
-1 2484 5124 14396 2298 -389 -486 1
-1 2484 5124 14396 2298 -389 -486 1
-1 2196 5788 13456 1816 1868 286 1
-1 2196 5788 13456 1816 1868 286 1
-1 2948 6140 13624 232 719 272 1
-1 2948 6140 13624 232 719 272 1
-1 2660 5436 14508 1238 -114 876 1
-1 2660 5436 14508 1238 -114 876 1
-1 1864 5660 13564 666 -441 193 1
-1 1864 5660 13564 666 -441 193 1
-1 3228 5496 13216 698 -1088 520 1
-1 3228 5496 13216 698 -1088 520 1
-1 2664 5864 13000 -433 -205 288 1
-1 2664 5864 13000 -433 -205 288 1
-1 3512 5508 13740 243 754 787 1
-1 3512 5508 13740 243 754 787 1
-1 3760 5592 13712 787 1012 258 1
-1 3760 5592 13712 787 1012 258 1
-1 2404 5512 13668 -100 806 285 1
-1 2404 5512 13668 -100 806 285 1
-1 2656 5260 13960 327 -801 -728 1
-1 2656 5260 13960 327 -801 -728 1
-1 2384 5884 13312 399 315 90 1
-1 2384 5884 13312 399 315 90 1
-1 2064 6288 13112 -105 -638 306 1
-1 2064 6288 13112 -105 -638 306 1
-1 2848 5636 13916 -267 -3 559 1
-1 2848 5636 13916 -267 -3 559 1
-1 3316 5544 13612 -529 -240 42 1
-1 3316 5544 13612 -529 -240 42 1
-1 1964 5688 12764 -226 786 773 1
-1 1964 5688 12764 -226 786 773 1
-1 3692 4964 14236 -67 171 61 1
-1 3692 4964 14236 -67 171 61 1
-1 3044 5092 13480 326 1082 760 1
-1 3044 5092 13480 326 1082 760 1
-1 2772 5232 13880 620 502 -84 1
-1 2772 5232 13880 620 502 -84 1
-1 2460 5216 13024 487 409 71 1
-1 2460 5216 13024 487 409 71 1
-1 2840 4944 14328 681 559 663 1
-1 2840 4944 14328 681 559 663 1
-1 2612 5076 13784 1142 222 -81 1
-1 2612 5076 13784 1142 222 -81 1
-1 2628 5728 13340 543 -627 -274 1
-1 2628 5728 13340 543 -627 -274 1
-1 4256 5924 13500 20 -213 -550 1
-1 4256 5924 13500 20 -213 -550 1
-1 1900 5616 13192 105 2025 180 1
-1 1900 5616 13192 105 2025 180 1
-1 2436 5092 13496 -370 -501 -218 1
-1 2436 5092 13496 -370 -501 -218 1
-1 2628 5200 13816 -394 1238 185 1
-1 2628 5200 13816 -394 1238 185 1
-1 1740 4848 14424 742 817 -118 1
-1 1740 4848 14424 742 817 -118 1
-1 1780 5368 13276 278 761 197 1
-1 1780 5368 13276 278 761 197 1
-1 2052 5224 13340 417 -994 260 1
-1 2052 5224 13340 417 -994 260 1
-1 3308 5100 15428 -121 342 -355 1
-1 3308 5100 15428 -121 342 -355 1
-1 1884 4756 14344 1012 1077 725 1
-1 1884 4756 14344 1012 1077 725 1
-1 1556 5176 14296 1535 -1906 -1243 1
-1 1556 5176 14296 1535 -1906 -1243 1
-1 2376 5384 13992 432 1236 293 1
-1 2376 5384 13992 432 1236 293 1
-1 3004 5772 13684 -359 425 -167 1
-1 3004 5772 13684 -359 425 -167 1
-1 2156 6056 13064 -536 556 -134 1
-1 2156 6056 13064 -536 556 -134 1
-1 2328 4784 14344 -445 1298 137 1
-1 2328 4784 14344 -445 1298 137 1
-1 1572 5068 13828 -305 1017 42 1
-1 1572 5068 13828 -305 1017 42 1
-1 2848 4708 14436 -160 517 -352 1
-1 2848 4708 14436 -160 517 -352 1
-1 1684 4828 13868 151 864 -50 1
-1 1684 4828 13868 151 864 -50 1
-1 1916 5160 13212 -283 859 -51 1
-1 1916 5160 13212 -283 859 -51 1
-1 1760 5004 13148 -229 963 117 1
-1 1760 5004 13148 -229 963 117 1
-1 1496 4864 14172 -435 -487 734 1
-1 1496 4864 14172 -435 -487 734 1
-1 2424 4800 13860 -679 1266 244 1
-1 2424 4800 13860 -679 1266 244 1
-1 1160 4796 14436 -67 517 912 1
-1 1160 4796 14436 -67 517 912 1
-1 1748 4132 14804 377 599 -255 1
-1 1748 4132 14804 377 599 -255 1
-1 2276 4636 12764 328 7 -623 1
-1 2276 4636 12764 328 7 -623 1
-1 1928 4400 13800 413 1013 -382 1
-1 1928 4400 13800 413 1013 -382 1
-1 920 4720 13984 699 603 -113 1
-1 920 4720 13984 699 603 -113 1
-1 1212 4556 14344 84 520 56 1
-1 1212 4556 14344 84 520 56 1
-1 688 5080 13300 -78 522 1167 1
-1 688 5080 13300 -78 522 1167 1
-1 1140 4644 14724 3 915 -326 1
-1 1140 4644 14724 3 915 -326 1
-1 1748 4804 13556 -805 346 -10 1
-1 1748 4804 13556 -805 346 -10 1
-1 140 4328 14220 -173 599 387 1
-1 140 4328 14220 -173 599 387 1
-1 1060 4260 13480 -524 -12 91 1
-1 1060 4260 13480 -524 -12 91 1
-1 1384 4204 14448 -76 -484 976 1
-1 1384 4204 14448 -76 -484 976 1
-1 1436 4324 14072 -810 565 206 1
-1 1436 4324 14072 -810 565 206 1
-1 1328 4092 14580 -390 1938 -213 1
-1 1328 4092 14580 -390 1938 -213 1
-1 -620 3568 15004 1561 2730 -517 1
-1 -620 3568 15004 1561 2730 -517 1
-1 948 4596 13464 85 -36 -223 1
-1 948 4596 13464 85 -36 -223 1
-1 1424 3764 14592 -14 2205 -92 1
-1 1424 3764 14592 -14 2205 -92 1
-1 400 4080 13644 117 283 -1139 1
-1 400 4080 13644 117 283 -1139 1
-1 40 4252 13440 -458 878 -28 1
-1 40 4252 13440 -458 878 -28 1
-1 536 4040 14308 674 -331 -375 1
-1 536 4040 14308 674 -331 -375 1
-1 908 3900 14952 -599 673 -431 1
-1 908 3900 14952 -599 673 -431 1
-1 1116 3796 13996 301 -692 -1624 1
-1 1116 3796 13996 301 -692 -1624 1
-1 -1036 4124 14304 172 -237 154 1
-1 -1036 4124 14304 172 -237 154 1
-1 1164 3588 15216 155 228 -1119 1
-1 1164 3588 15216 155 228 -1119 1
-1 -180 3696 13864 -522 1143 -760 1
-1 -180 3696 13864 -522 1143 -760 1
-1 -536 3672 13888 -689 993 -309 1
-1 -536 3672 13888 -689 993 -309 1
-1 -224 3560 14068 -431 588 45 1
-1 -224 3560 14068 -431 588 45 1
-1 -96 3516 14436 -338 931 246 1
-1 -96 3516 14436 -338 931 246 1
-1 -184 3436 13956 -530 451 -73 1
-1 -184 3436 13956 -530 451 -73 1
-1 196 3116 14512 -523 717 -220 1
-1 196 3116 14512 -523 717 -220 1
-1 -1256 3064 14040 -61 -308 269 1
-1 -1256 3064 14040 -61 -308 269 1
-1 -660 2992 14044 -296 -626 1061 1
-1 -660 2992 14044 -296 -626 1061 1
-1 -1896 2416 14604 4125 -2674 -735 1
-1 -1896 2416 14604 4125 -2674 -735 1
-1 -592 708 20928 6154 -2584 -722 1
-1 -592 708 20928 6154 -2584 -722 1
-1 -3092 16660 -2908 -2088 122 3750 1
-1 -3092 16660 -2908 -2088 122 3750 1
-1 136 2800 13336 1187 1099 -902 1
-1 136 2800 13336 1187 1099 -902 1
-1 752 3040 15512 1162 -264 -1259 1
-1 752 3040 15512 1162 -264 -1259 1
-1 -1008 3820 16244 1312 412 -1720 1
-1 -1008 3820 16244 1312 412 -1720 1
-1 -1032 3544 14396 -199 -858 -1107 1
-1 -1032 3544 14396 -199 -858 -1107 1
-1 -544 2524 13076 238 -1558 -998 1
-1 -544 2524 13076 238 -1558 -998 1
-1 -996 3072 13816 -479 -328 -788 1
-1 -996 3072 13816 -479 -328 -788 1
-1 -712 2956 14532 -277 -556 -131 1
-1 -712 2956 14532 -277 -556 -131 1
-1 -740 2652 15232 170 -195 87 1
-1 -740 2652 15232 170 -195 87 1
-1 -1432 3284 14584 636 -1492 607 1
-1 -1432 3284 14584 636 -1492 607 1
-1 696 2916 14348 -37 -294 77 1
-1 696 2916 14348 -37 -294 77 1
-1 -1172 2912 14332 237 676 301 1
-1 -1172 2912 14332 237 676 301 1
-1 -232 2624 14184 -89 -425 -322 1
-1 -232 2624 14184 -89 -425 -322 1
-1 -520 3052 13936 135 808 692 1
-1 -520 3052 13936 135 808 692 1
-1 792 2784 13812 -498 178 109 1
-1 792 2784 13812 -498 178 109 1
-1 812 2220 13964 -476 467 -310 1
-1 812 2220 13964 -476 467 -310 1
-1 -252 2436 14804 -310 1020 -914 1
-1 -252 2436 14804 -310 1020 -914 1
-1 -1328 2604 15196 45 405 -252 1
-1 -1328 2604 15196 45 405 -252 1
-1 -140 2428 14944 -80 -454 -475 1
-1 -140 2428 14944 -80 -454 -475 1
-1 208 2420 14780 574 683 -1050 1
-1 208 2420 14780 574 683 -1050 1
-1 -1380 2524 15020 738 961 -949 1
-1 -1380 2524 15020 738 961 -949 1
-1 -1640 3048 14420 331 709 -294 1
-1 -1640 3048 14420 331 709 -294 1
-1 -332 2684 15880 637 49 424 1
-1 -332 2684 15880 637 49 424 1
-1 -856 2444 15380 1621 -1164 -384 1
