-1 9 0 1 2051 1 1928641016 1
-1 9 0 1 2051 1 1928641016 1
-1 3452 4956 13044 248 23 -75 1
-1 3452 4956 13044 248 23 -75 1
-1 2596 4840 12964 175 -974 -351 1
-1 2596 4840 12964 175 -974 -351 1
-1 2920 4672 13088 38 49 487 1
-1 2920 4672 13088 38 49 487 1
-1 2888 4708 14528 709 -631 712 1
-1 2888 4708 14528 709 -631 712 1
-1 4288 4824 14116 466 88 194 1
-1 4288 4824 14116 466 88 194 1
-1 4196 5644 12016 -187 -1525 -835 1
-1 4196 5644 12016 -187 -1525 -835 1
-1 4580 4868 12800 6 2 -267 1
-1 4580 4868 12800 6 2 -267 1
-1 3624 4072 14924 2137 723 -26 1
-1 3624 4072 14924 2137 723 -26 1
-1 2536 4800 13872 855 401 -143 1
-1 2536 4800 13872 855 401 -143 1
-1 3604 5328 13572 868 -1511 -417 1
-1 3604 5328 13572 868 -1511 -417 1
-1 3964 5008 13832 -643 -536 -309 1
-1 3964 5008 13832 -643 -536 -309 1
-1 3016 5824 12468 -72 687 418 1
-1 3016 5824 12468 -72 687 418 1
-1 3512 4504 14308 -391 872 286 1
-1 3512 4504 14308 -391 872 286 1
-1 4532 4872 13944 -324 -58 -608 1
-1 4532 4872 13944 -324 -58 -608 1
-1 3796 4720 14192 240 1970 -98 1
-1 3796 4720 14192 240 1970 -98 1
-1 2604 4836 13780 394 671 -551 1
-1 2604 4836 13780 394 671 -551 1
-1 3072 4936 13908 -244 1052 -116 1
-1 3072 4936 13908 -244 1052 -116 1
-1 2492 5184 14096 -133 -752 -871 1
-1 2492 5184 14096 -133 -752 -871 1
-1 3488 4720 14040 -358 755 -205 1
-1 3488 4720 14040 -358 755 -205 1
-1 3180 3932 14764 485 -538 -434 1
-1 3180 3932 14764 485 -538 -434 1
-1 3772 4504 13564 55 1007 -149 1
-1 3772 4504 13564 55 1007 -149 1
-1 1476 4472 13100 1041 749 287 1
-1 1476 4472 13100 1041 749 287 1
-1 3100 4572 13056 -108 -1904 -1354 1
-1 3100 4572 13056 -108 -1904 -1354 1
-1 3140 5088 13196 94 732 415 1
-1 3140 5088 13196 94 732 415 1
-1 3120 4784 14552 -369 508 447 1
-1 3120 4784 14552 -369 508 447 1
-1 2540 4440 15080 646 1679 207 1
-1 2540 4440 15080 646 1679 207 1
-1 2576 4564 13720 130 575 134 1
-1 2576 4564 13720 130 575 134 1
-1 2432 4612 13676 348 79 -118 1
-1 2432 4612 13676 348 79 -118 1
-1 2372 4284 13252 143 863 844 1
-1 2372 4284 13252 143 863 844 1
-1 2188 4076 14068 79 488 527 1
-1 2188 4076 14068 79 488 527 1
-1 2768 4156 13456 710 2124 381 1
-1 2768 4156 13456 710 2124 381 1
-1 2952 4296 14480 1236 -491 -163 1
-1 2952 4296 14480 1236 -491 -163 1
-1 1748 4432 14936 1223 1407 78 1
-1 1748 4432 14936 1223 1407 78 1
-1 964 5560 13060 1024 -1619 -462 1
-1 964 5560 13060 1024 -1619 -462 1
-1 2948 4740 14372 -47 -2034 39 1
-1 2948 4740 14372 -47 -2034 39 1
-1 2564 4692 13676 -139 -2883 -1281 1
-1 2564 4692 13676 -139 -2883 -1281 1
-1 2636 4612 14728 27 -556 489 1
-1 2636 4612 14728 27 -556 489 1
-1 3836 5108 13020 -26 32 -412 1
-1 3836 5108 13020 -26 32 -412 1
-1 3200 4384 14352 -47 916 727 1
-1 3200 4384 14352 -47 916 727 1
-1 3164 4080 14644 274 1836 79 1
-1 3164 4080 14644 274 1836 79 1
-1 912 4608 14100 582 1715 325 1
-1 912 4608 14100 582 1715 325 1
-1 2840 4152 14092 342 437 244 1
-1 2840 4152 14092 342 437 244 1
-1 1780 4088 14332 557 485 246 1
-1 1780 4088 14332 557 485 246 1
-1 2372 4948 12388 89 446 715 1
-1 2372 4948 12388 89 446 715 1
-1 2704 4528 14400 787 -1186 -325 1
-1 2704 4528 14400 787 -1186 -325 1
-1 3540 4852 13832 162 754 3 1
-1 3540 4852 13832 162 754 3 1
-1 1976 4824 13732 295 130 91 1
-1 1976 4824 13732 295 130 91 1
-1 2608 4908 13168 -208 735 -30 1
-1 2608 4908 13168 -208 735 -30 1
-1 2376 4736 13856 -163 287 259 1
-1 2376 4736 13856 -163 287 259 1
-1 2324 4352 14652 -255 842 187 1
-1 2324 4352 14652 -255 842 187 1
-1 1648 4028 14508 210 817 86 1
-1 1648 4028 14508 210 817 86 1
-1 1332 4548 13756 -7 1294 176 1
-1 1332 4548 13756 -7 1294 176 1
-1 2080 3896 14332 -457 201 -108 1
-1 2080 3896 14332 -457 201 -108 1
-1 2024 4272 13496 -514 931 381 1
-1 2024 4272 13496 -514 931 381 1
-1 1956 3656 14512 131 787 -421 1
-1 1956 3656 14512 131 787 -421 1
-1 1764 4040 14000 -594 1018 412 1
-1 1764 4040 14000 -594 1018 412 1
-1 1084 3976 13932 -250 725 98 1
-1 1084 3976 13932 -250 725 98 1
-1 2020 3676 14492 -29 568 -422 1
-1 2020 3676 14492 -29 568 -422 1
-1 816 3444 14112 -135 1145 360 1
-1 816 3444 14112 -135 1145 360 1
-1 1980 3892 13108 -705 1060 387 1
-1 1980 3892 13108 -705 1060 387 1
-1 504 3376 14524 -1 1678 -211 1
-1 504 3376 14524 -1 1678 -211 1
-1 1476 3268 14276 -572 1187 -537 1
-1 1476 3268 14276 -572 1187 -537 1
-1 -24 3016 14128 540 439 81 1
-1 -24 3016 14128 540 439 81 1
-1 760 3716 13484 -247 -125 -382 1
-1 760 3716 13484 -247 -125 -382 1
-1 1876 3260 15220 405 923 705 1
-1 1876 3260 15220 405 923 705 1
-1 -976 3368 14576 995 -1534 -1216 1
-1 -976 3368 14576 995 -1534 -1216 1
-1 1124 4048 13608 492 2142 1345 1
-1 1124 4048 13608 492 2142 1345 1
-1 1164 3280 15072 -308 1297 -85 1
-1 1164 3280 15072 -308 1297 -85 1
-1 1596 3048 15460 297 1091 -280 1
-1 1596 3048 15460 297 1091 -280 1
-1 -400 3556 14256 1027 421 -1441 1
-1 -400 3556 14256 1027 421 -1441 1
-1 1048 3428 14040 201 109 -720 1
-1 1048 3428 14040 201 109 -720 1
-1 188 3808 13640 -87 -293 -275 1
-1 188 3808 13640 -87 -293 -275 1
-1 1428 3424 13592 -68 -436 -660 1
-1 1428 3424 13592 -68 -436 -660 1
-1 -44 3060 14660 141 254 -126 1
-1 -44 3060 14660 141 254 -126 1
-1 800 3280 14164 334 -120 212 1
-1 800 3280 14164 334 -120 212 1
-1 -196 3232 13940 -198 352 -245 1
-1 -196 3232 13940 -198 352 -245 1
-1 -440 3336 14200 208 528 -42 1
-1 -440 3336 14200 208 528 -42 1
-1 1672 3492 12956 -711 961 -237 1
-1 1672 3492 12956 -711 961 -237 1
-1 224 3012 14832 -129 1950 -250 1
-1 224 3012 14832 -129 1950 -250 1
-1 -444 2992 14040 399 1452 -525 1
-1 -444 2992 14040 399 1452 -525 1
-1 -492 3020 14836 1097 296 91 1
-1 -492 3020 14836 1097 296 91 1
-1 -44 3172 14480 376 114 -73 1
-1 -44 3172 14480 376 114 -73 1
-1 -544 2712 14076 897 1639 -870 1
-1 -544 2712 14076 897 1639 -870 1
-1 -1476 3700 13432 -270 491 176 1
-1 -1476 3700 13432 -270 491 176 1
-1 -980 2972 14440 -99 -218 -447 1
-1 -980 2972 14440 -99 -218 -447 1
-1 -1096 3244 14044 -426 609 463 1
-1 -1096 3244 14044 -426 609 463 1
-1 -748 2812 13760 146 -967 -472 1
-1 -748 2812 13760 146 -967 -472 1
-1 420 2464 14920 -719 1607 -462 1
-1 420 2464 14920 -719 1607 -462 1
-1 -252 2576 14984 96 1506 -927 1
-1 -252 2576 14984 96 1506 -927 1
-1 -1484 2804 14944 609 751 -424 1
-1 -1484 2804 14944 609 751 -424 1
-1 -356 2708 14412 -117 1651 175 1
-1 -356 2708 14412 -117 1651 175 1
-1 -1196 2564 14156 -553 90 -828 1
-1 -1196 2564 14156 -553 90 -828 1
-1 -664 2468 14476 265 58 -112 1
-1 -664 2468 14476 265 58 -112 1
-1 -1816 2796 14076 -355 1206 -385 1
-1 -1816 2796 14076 -355 1206 -385 1
-1 -920 2240 14636 -23 -1108 96 1
-1 -920 2240 14636 -23 -1108 96 1
-1 -1620 2248 14276 -318 894 -667 1
-1 -1620 2248 14276 -318 894 -667 1
-1 -1628 2600 13936 -453 1063 -456 1
-1 -1628 2600 13936 -453 1063 -456 1
-1 -1528 2308 14584 -10 -295 -521 1
-1 -1528 2308 14584 -10 -295 -521 1
-1 -956 2328 14852 -100 758 -578 1
-1 -956 2328 14852 -100 758 -578 1
-1 -1804 2208 15064 647 226 -564 1
-1 -1804 2208 15064 647 226 -564 1
-1 -1592 2312 14044 -118 -473 -743 1
-1 -1592 2312 14044 -118 -473 -743 1
-1 -1724 2188 14680 683 182 -381 1
-1 -1724 2188 14680 683 182 -381 1
-1 -1776 2332 14056 558 -1017 -449 1
-1 -1776 2332 14056 558 -1017 -449 1
-1 -1800 2160 14828 724 -394 461 1
-1 -1800 2160 14828 724 -394 461 1
-1 -1520 2248 14512 297 -10 -292 1
-1 -1520 2248 14512 297 -10 -292 1
-1 -1880 1896 14580 651 39 -10 1
-1 -1880 1896 14580 651 39 -10 1
-1 -1844 1908 14268 733 -547 187 1
-1 -1844 1908 14268 733 -547 187 1
-1 -1100 2160 14052 -18 144 -243 1
