-1 4352 5972 12912 -196 893 12 1
-1 4352 5972 12912 -196 893 12 1
-1 3880 5508 13772 -242 -713 170 1
-1 3880 5508 13772 -242 -713 170 1
-1 3344 5564 13660 -123 -171 22 1
-1 3344 5564 13660 -123 -171 22 1
-1 3808 6072 13652 -39 612 601 1
-1 3808 6072 13652 -39 612 601 1
-1 4336 5836 13720 -249 417 -74 1
-1 4336 5836 13720 -249 417 -74 1
-1 3052 5752 12652 265 834 475 1
-1 3052 5752 12652 265 834 475 1
-1 3428 5732 13232 -923 103 -658 1
-1 3428 5732 13232 -923 103 -658 1
-1 3348 5184 13736 102 -495 -500 1
-1 3348 5184 13736 102 -495 -500 1
-1 3500 4932 13264 -253 471 -553 1
-1 3500 4932 13264 -253 471 -553 1
-1 3820 4824 13152 241 426 -253 1
-1 3820 4824 13152 241 426 -253 1
-1 2088 5340 12696 310 -91 -24 1
-1 2088 5340 12696 310 -91 -24 1
-1 3716 4152 13592 471 -842 -304 1
-1 3716 4152 13592 471 -842 -304 1
-1 3752 5368 12684 -411 932 420 1
-1 3752 5368 12684 -411 932 420 1
-1 3720 5652 13856 154 482 303 1
-1 3720 5652 13856 154 482 303 1
-1 3160 5744 14288 146 1076 387 1
-1 3160 5744 14288 146 1076 387 1
-1 3708 5688 14304 142 569 -206 1
-1 3708 5688 14304 142 569 -206 1
-1 3632 5292 14560 -90 -15 -215 1
-1 3632 5292 14560 -90 -15 -215 1
-1 2772 5216 13964 -356 454 -203 1
-1 2772 5216 13964 -356 454 -203 1
-1 2692 4492 14868 402 408 -35 1
-1 2692 4492 14868 402 408 -35 1
-1 2032 4996 13596 -42 213 774 1
-1 2032 4996 13596 -42 213 774 1
-1 2504 5376 13304 77 -376 58 1
-1 2504 5376 13304 77 -376 58 1
-1 3060 4844 13832 -544 429 363 1
-1 3060 4844 13832 -544 429 363 1
-1 3560 4320 14632 12 -737 -138 1
-1 3560 4320 14632 12 -737 -138 1
-1 2624 5020 13416 220 1256 280 1
-1 2624 5020 13416 220 1256 280 1
-1 3112 4372 13708 32 456 -135 1
-1 3112 4372 13708 32 456 -135 1
-1 2560 4712 13700 265 183 421 1
-1 2560 4712 13700 265 183 421 1
-1 3460 4188 14708 406 -288 -657 1
-1 3460 4188 14708 406 -288 -657 1
-1 3432 4784 13756 456 1535 718 1
-1 3432 4784 13756 456 1535 718 1
-1 2808 5004 13784 531 -854 -749 1
-1 2808 5004 13784 531 -854 -749 1
-1 3244 4780 13440 -256 1352 114 1
-1 3244 4780 13440 -256 1352 114 1
-1 2960 4708 13612 -70 -140 -625 1
-1 2960 4708 13612 -70 -140 -625 1
-1 2784 5220 13588 425 951 -480 1
-1 2784 5220 13588 425 951 -480 1
-1 2716 4472 14432 954 307 -483 1
-1 2716 4472 14432 954 307 -483 1
-1 2072 4608 13864 -98 804 193 1
-1 2072 4608 13864 -98 804 193 1
-1 2440 4196 13904 328 -376 -202 1
-1 2440 4196 13904 328 -376 -202 1
-1 2136 4948 13384 338 467 167 1
-1 2136 4948 13384 338 467 167 1
-1 1636 4536 13520 460 139 386 1
-1 1636 4536 13520 460 139 386 1
-1 2820 4632 13868 -49 -705 -222 1
-1 2820 4632 13868 -49 -705 -222 1
-1 2780 4436 14540 4 363 240 1
-1 2780 4436 14540 4 363 240 1
-1 3140 4852 14328 -461 666 -244 1
-1 3140 4852 14328 -461 666 -244 1
-1 2792 4552 14224 -101 778 -180 1
-1 2792 4552 14224 -101 778 -180 1
-1 1552 4132 14812 23 1112 -168 1
-1 1552 4132 14812 23 1112 -168 1
-1 2536 3728 15448 1692 845 -1496 1
-1 2536 3728 15448 1692 845 -1496 1
-1 1424 4216 13744 29 1676 -2 1
-1 1424 4216 13744 29 1676 -2 1
-1 2044 4296 13992 843 376 -202 1
-1 2044 4296 13992 843 376 -202 1
-1 1252 4000 13920 1178 -1377 -204 1
-1 1252 4000 13920 1178 -1377 -204 1
-1 -928 8544 17396 -299 769 -3440 1
-1 -928 8544 17396 -299 769 -3440 1
-1 1448 4248 14444 29 426 -1470 1
-1 1448 4248 14444 29 426 -1470 1
-1 1828 4864 13816 -318 -12 479 1
-1 1828 4864 13816 -318 -12 479 1
-1 2524 4696 14736 149 -461 307 1
-1 2524 4696 14736 149 -461 307 1
-1 1976 4204 14132 137 549 596 1
-1 1976 4204 14132 137 549 596 1
-1 824 4348 13616 -109 700 677 1
-1 824 4348 13616 -109 700 677 1
-1 2436 4032 14416 54 534 292 1
-1 2436 4032 14416 54 534 292 1
-1 2068 4004 14668 315 691 419 1
-1 2068 4004 14668 315 691 419 1
-1 1188 4572 12752 576 484 387 1
-1 1188 4572 12752 576 484 387 1
-1 1648 3708 14588 253 -16 260 1
-1 1648 3708 14588 253 -16 260 1
-1 1448 4448 12984 -287 677 634 1
-1 1448 4448 12984 -287 677 634 1
-1 1320 4176 14248 67 928 210 1
-1 1320 4176 14248 67 928 210 1
-1 632 3676 14340 75 377 980 1
-1 632 3676 14340 75 377 980 1
-1 2108 3276 14308 282 523 -372 1
-1 2108 3276 14308 282 523 -372 1
-1 1548 3956 13916 1175 1852 -11 1
-1 1548 3956 13916 1175 1852 -11 1
-1 1212 3720 14200 1815 -79 -1624 1
-1 1212 3720 14200 1815 -79 -1624 1
-1 264 4508 13060 70 1415 495 1
-1 264 4508 13060 70 1415 495 1
-1 1476 4040 14304 1089 -1516 -1077 1
-1 1476 4040 14304 1089 -1516 -1077 1
-1 -4 4232 15128 570 2288 1726 1
-1 -4 4232 15128 570 2288 1726 1
-1 1360 4568 13356 -126 -530 -779 1
-1 1360 4568 13356 -126 -530 -779 1
-1 1972 4804 14312 1092 -344 1633 1
-1 1972 4804 14312 1092 -344 1633 1
-1 372 4180 14300 -603 1031 -363 1
-1 372 4180 14300 -603 1031 -363 1
-1 1084 4132 13632 -748 734 -617 1
-1 1084 4132 13632 -748 734 -617 1
-1 -48 4032 14180 -550 1838 872 1
-1 -48 4032 14180 -550 1838 872 1
-1 -212 3448 15136 -66 1104 -337 1
-1 -212 3448 15136 -66 1104 -337 1
-1 532 3708 13644 44 555 1255 1
-1 532 3708 13644 44 555 1255 1
-1 -568 3372 14392 200 1850 -355 1
-1 -568 3372 14392 200 1850 -355 1
-1 696 3768 14784 667 1166 -596 1
-1 696 3768 14784 667 1166 -596 1
-1 688 3676 15652 -692 641 83 1
-1 688 3676 15652 -692 641 83 1
-1 696 3696 14128 454 1228 -1262 1
-1 696 3696 14128 454 1228 -1262 1
-1 -1456 3624 14512 -131 1265 -360 1
-1 -1456 3624 14512 -131 1265 -360 1
-1 -344 3736 13624 -859 1110 -191 1
-1 -344 3736 13624 -859 1110 -191 1
-1 -276 3200 14980 -556 407 236 1
-1 -276 3200 14980 -556 407 236 1
-1 -760 3228 14680 -60 -1126 85 1
-1 -760 3228 14680 -60 -1126 85 1
-1 -768 3148 15340 537 697 555 1
-1 -768 3148 15340 537 697 555 1
-1 -1068 3116 14820 249 513 -85 1
-1 -1068 3116 14820 249 513 -85 1
-1 260 3132 13920 212 1630 -546 1
-1 260 3132 13920 212 1630 -546 1
-1 -1020 3160 13648 -419 355 -60 1
-1 -1020 3160 13648 -419 355 -60 1
-1 -1160 3144 14100 93 -241 212 1
-1 -1160 3144 14100 93 -241 212 1
-1 -524 3260 14188 -1216 737 -90 1
-1 -524 3260 14188 -1216 737 -90 1
-1 -1428 2984 14680 -188 282 567 1
-1 -1428 2984 14680 -188 282 567 1
-1 -1748 2484 15276 587 -193 856 1
-1 -1748 2484 15276 587 -193 856 1
-1 -1180 3252 14412 49 626 -823 1
-1 -1180 3252 14412 49 626 -823 1
-1 -764 2132 14460 -293 464 -76 1
-1 -764 2132 14460 -293 464 -76 1
-1 -1872 2724 13676 -689 405 -747 1
-1 -1872 2724 13676 -689 405 -747 1
-1 356 2856 13928 -291 766 -802 1
-1 356 2856 13928 -291 766 -802 1
-1 -428 2524 15136 -568 1696 -1484 1
-1 -428 2524 15136 -568 1696 -1484 1
-1 -2856 3404 14348 857 740 -976 1
-1 -2856 3404 14348 857 740 -976 1
-1 -1556 2260 14432 -395 -2175 -362 1
-1 -1556 2260 14432 -395 -2175 -362 1
-1 -1616 2224 13284 -274 -1696 -440 1
-1 -1616 2224 13284 -274 -1696 -440 1
-1 -796 2656 14052 -740 1347 584 1
-1 -796 2656 14052 -740 1347 584 1
-1 -2056 1940 15576 -140 871 -338 1
-1 -2056 1940 15576 -140 871 -338 1
-1 -940 1928 15620 -69 1343 142 1
-1 -940 1928 15620 -69 1343 142 1
-1 -96 1660 15376 584 366 -619 1
-1 -96 1660 15376 584 366 -619 1
-1 -2292 2380 14512 412 1513 -947 1
-1 -2292 2380 14512 412 1513 -947 1
-1 -1192 1704 14700 -540 -95 8 1
-1 -1192 1704 14700 -540 -95 8 1
