-1 8 280 0 2051 1 1928641016 1
-1 8 280 0 2051 1 1928641016 1
-1 5176 6384 13248 -550 755 -242 1
-1 5176 6384 13248 -550 755 -242 1
-1 4096 6492 12808 1018 1512 -94 1
-1 4096 6492 12808 1018 1512 -94 1
-1 3160 6976 12056 402 873 -241 1
-1 3160 6976 12056 402 873 -241 1
-1 3768 7132 13600 337 702 -155 1
-1 3768 7132 13600 337 702 -155 1
-1 3912 6520 13584 449 176 -607 1
-1 3912 6520 13584 449 176 -607 1
-1 3724 7748 11984 -29 676 -381 1
-1 3724 7748 11984 -29 676 -381 1
-1 3212 7356 12924 221 -417 -364 1
-1 3212 7356 12924 221 -417 -364 1
-1 3836 6520 13136 -56 179 -471 1
-1 3836 6520 13136 -56 179 -471 1
-1 2344 6720 12548 22 -118 -127 1
-1 2344 6720 12548 22 -118 -127 1
-1 4228 7268 11436 -905 662 175 1
-1 4228 7268 11436 -905 662 175 1
-1 3004 7068 12876 108 1196 1279 1
-1 3004 7068 12876 108 1196 1279 1
-1 3828 6728 13604 -159 97 -102 1
-1 3828 6728 13604 -159 97 -102 1
-1 3840 6804 13784 98 -147 -169 1
-1 3840 6804 13784 98 -147 -169 1
-1 3004 6328 13596 255 -212 -196 1
-1 3004 6328 13596 255 -212 -196 1
-1 3552 6872 13040 50 -242 -196 1
-1 3552 6872 13040 50 -242 -196 1
-1 3144 7032 12072 -181 -491 172 1
-1 3144 7032 12072 -181 -491 172 1
-1 3884 6056 13468 -503 -503 -356 1
-1 3884 6056 13468 -503 -503 -356 1
-1 3184 5984 13208 -92 911 52 1
-1 3184 5984 13208 -92 911 52 1
-1 3648 6308 13124 174 -1214 -648 1
-1 3648 6308 13124 174 -1214 -648 1
-1 3720 5644 13736 601 1573 126 1
-1 3720 5644 13736 601 1573 126 1
-1 3612 5816 13812 871 12 -722 1
-1 3612 5816 13812 871 12 -722 1
-1 2508 6500 13036 804 -232 -12 1
-1 2508 6500 13036 804 -232 -12 1
-1 2840 7428 12940 646 -1962 -129 1
-1 2840 7428 12940 646 -1962 -129 1
-1 4988 6984 13464 -629 -180 -115 1
-1 4988 6984 13464 -629 -180 -115 1
-1 3532 6164 13380 -1259 1999 1002 1
-1 3532 6164 13380 -1259 1999 1002 1
-1 2364 6024 12748 552 -152 294 1
-1 2364 6024 12748 552 -152 294 1
-1 3712 5588 13956 -185 -99 36 1
-1 3712 5588 13956 -185 -99 36 1
-1 3436 6420 12884 436 1313 573 1
-1 3436 6420 12884 436 1313 573 1
-1 3048 6176 12920 492 1045 522 1
-1 3048 6176 12920 492 1045 522 1
-1 3892 6176 12956 -685 -1085 -443 1
-1 3892 6176 12956 -685 -1085 -443 1
-1 3080 6060 14072 -579 2001 347 1
-1 3080 6060 14072 -579 2001 347 1
-1 3288 5272 14416 -424 549 -732 1
-1 3288 5272 14416 -424 549 -732 1
-1 1760 6200 12464 -946 1311 602 1
-1 1760 6200 12464 -946 1311 602 1
-1 4004 5916 13560 -701 -603 -1069 1
-1 4004 5916 13560 -701 -603 -1069 1
-1 3100 5176 15200 -35 -1211 -178 1
-1 3100 5176 15200 -35 -1211 -178 1
-1 3112 5320 14140 240 102 -373 1
-1 3112 5320 14140 240 102 -373 1
-1 1904 5380 13184 -168 23 -146 1
-1 1904 5380 13184 -168 23 -146 1
-1 2620 5580 12228 -909 592 588 1
-1 2620 5580 12228 -909 592 588 1
-1 3348 5428 13036 -658 750 905 1
-1 3348 5428 13036 -658 750 905 1
-1 3404 5036 13496 -240 2277 481 1
-1 3404 5036 13496 -240 2277 481 1
-1 3180 5024 13920 -709 1278 135 1
-1 3180 5024 13920 -709 1278 135 1
-1 2536 5072 14020 309 2433 -5 1
-1 2536 5072 14020 309 2433 -5 1
-1 3188 4296 15204 942 1344 -428 1
-1 3188 4296 15204 942 1344 -428 1
-1 1116 5172 13500 317 2497 -50 1
-1 1116 5172 13500 317 2497 -50 1
-1 2032 5008 14316 835 946 -72 1
-1 2032 5008 14316 835 946 -72 1
-1 1576 4952 14108 -114 1037 -133 1
-1 1576 4952 14108 -114 1037 -133 1
-1 1948 4784 14452 441 1705 26 1
-1 1948 4784 14452 441 1705 26 1
-1 144 5128 13544 543 949 643 1
-1 144 5128 13544 543 949 643 1
-1 1904 4564 14392 -343 -81 -189 1
-1 1904 4564 14392 -343 -81 -189 1
-1 788 4644 14196 634 -598 -26 1
-1 788 4644 14196 634 -598 -26 1
-1 644 4792 13780 507 -1899 -913 1
-1 644 4792 13780 507 -1899 -913 1
-1 1980 5156 13828 557 306 -1 1
-1 1980 5156 13828 557 306 -1 1
-1 1876 5536 13368 -479 68 -81 1
-1 1876 5536 13368 -479 68 -81 1
-1 1448 5492 13184 -389 2709 412 1
-1 1448 5492 13184 -389 2709 412 1
-1 2144 4292 13640 -1044 1085 106 1
-1 2144 4292 13640 -1044 1085 106 1
-1 1044 4556 14244 -232 1409 -17 1
-1 1044 4556 14244 -232 1409 -17 1
-1 1672 4852 13392 171 1495 1099 1
-1 1672 4852 13392 171 1495 1099 1
-1 520 4124 13964 182 1400 -160 1
-1 520 4124 13964 182 1400 -160 1
-1 1280 4760 13288 -310 1205 -197 1
-1 1280 4760 13288 -310 1205 -197 1
-1 -584 3984 13876 -517 849 1213 1
-1 -584 3984 13876 -517 849 1213 1
-1 -204 4376 14624 -588 1773 249 1
-1 -204 4376 14624 -588 1773 249 1
-1 2048 3408 15020 467 -513 -313 1
-1 2048 3408 15020 467 -513 -313 1
-1 -1476 4488 12544 723 1698 778 1
-1 -1476 4488 12544 723 1698 778 1
-1 1900 3500 15068 924 -882 -1338 1
-1 1900 3500 15068 924 -882 -1338 1
-1 512 4208 14724 1114 1811 -106 1
-1 512 4208 14724 1114 1811 -106 1
-1 -128 4552 15084 691 -315 -1860 1
-1 -128 4552 15084 691 -315 -1860 1
-1 432 4880 13004 -111 1560 -405 1
-1 432 4880 13004 -111 1560 -405 1
-1 380 4568 13532 -471 667 -1739 1
-1 380 4568 13532 -471 667 -1739 1
-1 -708 4572 13680 -992 2158 -1145 1
-1 -708 4572 13680 -992 2158 -1145 1
-1 -1436 3844 15012 -116 638 -1438 1
-1 -1436 3844 15012 -116 638 -1438 1
-1 -1708 4236 13732 -297 944 28 1
-1 -1708 4236 13732 -297 944 28 1
-1 -184 3900 14316 -429 -1327 -843 1
-1 -184 3900 14316 -429 -1327 -843 1
-1 -1316 3996 13752 -495 919 -188 1
-1 -1316 3996 13752 -495 919 -188 1
-1 -1192 3476 14452 -323 -1059 168 1
-1 -1192 3476 14452 -323 -1059 168 1
-1 -340 3356 15080 154 -200 585 1
-1 -340 3356 15080 154 -200 585 1
-1 -692 3692 13884 485 883 80 1
-1 -692 3692 13884 485 883 80 1
-1 -884 3656 14744 609 1385 -1088 1
-1 -884 3656 14744 609 1385 -1088 1
-1 -2472 3384 14472 740 1309 160 1
-1 -2472 3384 14472 740 1309 160 1
-1 -1592 3620 14348 -120 412 -615 1
-1 -1592 3620 14348 -120 412 -615 1
-1 -956 3464 14976 -117 926 -431 1
-1 -956 3464 14976 -117 926 -431 1
-1 -708 3248 14180 -180 -81 -1347 1
-1 -708 3248 14180 -180 -81 -1347 1
-1 -2012 3648 13764 261 1649 -281 1
-1 -2012 3648 13764 261 1649 -281 1
-1 -1820 3852 13036 -1081 -280 -635 1
-1 -1820 3852 13036 -1081 -280 -635 1
-1 -1112 2872 14716 -761 1080 -907 1
-1 -1112 2872 14716 -761 1080 -907 1
-1 -2340 3308 13864 -249 369 -903 1
-1 -2340 3308 13864 -249 369 -903 1
-1 -1592 2524 14936 589 235 -575 1
-1 -1592 2524 14936 589 235 -575 1
-1 -1832 3248 13308 377 1612 -553 1
-1 -1832 3248 13308 377 1612 -553 1
-1 -976 3188 14892 -35 178 -654 1
-1 -976 3188 14892 -35 178 -654 1
-1 -2280 2992 14716 -70 235 -722 1
-1 -2280 2992 14716 -70 235 -722 1
-1 -2016 3160 14536 578 -164 156 1
-1 -2016 3160 14536 578 -164 156 1
-1 -2116 3052 14280 -593 -1085 -227 1
-1 -2116 3052 14280 -593 -1085 -227 1
-1 -952 2656 14936 416 -206 -432 1
-1 -952 2656 14936 416 -206 -432 1
-1 -1996 2732 14076 -47 -590 -640 1
-1 -1996 2732 14076 -47 -590 -640 1
-1 -1448 3148 13968 279 -656 -544 1
-1 -1448 3148 13968 279 -656 -544 1
-1 -2056 2844 15492 606 -677 -407 1
-1 -2056 2844 15492 606 -677 -407 1
-1 -1548 2688 15872 1133 -657 -183 1
-1 -1548 2688 15872 1133 -657 -183 1
-1 -1756 2972 14812 1611 -598 -68 1
-1 -1756 2972 14812 1611 -598 -68 1
-1 -1528 2136 16272 2221 -737 -97 1
-1 -1528 2136 16272 2221 -737 -97 1
