-1 -3136 -15080 2244 -1269 113 332 0
-1 -3068 -15620 1728 -1531 167 341 1
-1 -3436 -15116 1916 -1616 425 127 1
-1 -2816 -14992 1436 -432 -141 134 1
-1 -3056 -14808 1684 -370 -149 153 1
-1 -2848 -14992 1160 -511 -299 61 1
-1 -3112 -15096 1540 -680 -226 358 1
-1 -3020 -15136 896 -456 -229 360 1
-1 -3104 -15608 404 198 156 227 1
-1 -3472 -15328 368 1075 790 -17 1
-1 -3328 -15208 -48 3331 914 -81 1
-1 -3528 -14804 1192 4832 2059 -145 0
-1 -3432 -14720 1672 8543 1392 -408 0
-1 -3420 -14460 2788 7268 2325 -691 0
-1 -3668 -14200 3636 10781 1213 -398 0
-1 -2680 -13112 4520 7575 2335 -431 0
-1 -4036 -13636 5760 13545 850 223 0
-1 -3116 -11004 6932 12999 450 -3 0
-1 -3768 -11104 8540 12939 -823 448 0
-1 -2420 -8872 8732 11768 -1149 374 1
-1 -3360 -9076 10116 11949 -1665 358 1
-1 -2672 -7664 10020 13506 -2131 -19 1
-1 -2920 -7024 11228 14609 -2857 -765 1
-1 -1820 -5152 12524 14636 -2553 -1548 1
-1 -1580 -3644 12584 15485 -2856 -2085 1
-1 -1444 -712 14512 13669 -2130 -2436 1
-1 -468 1700 13504 13448 -3401 -2280 1
-1 -1144 -416 14000 12267 -2839 -2710 1
-1 -60 4016 13608 12219 -3370 -3458 1
-1 -192 4460 12508 13111 -3800 -2976 1
-1 -524 5792 12692 9428 -3347 -3545 1
-1 140 6092 11052 9968 -2762 -3406 1
-1 428 8424 11148 6552 -2176 -3097 1
-1 232 8596 11172 5364 -1574 -3300 1
-1 -704 8748 11716 4896 -1748 -2764 1
-1 360 8716 10280 3490 -453 -2551 1
-1 -28 9136 10520 2851 71 -1498 1
-1 -444 9004 10352 2265 -572 -1442 1
-1 -888 9696 10656 2867 -450 -1281 1
-1 -632 9712 10764 3124 -449 -662 1
-1 -700 9404 10452 1904 -358 -540 1
-1 -1920 9368 10888 6686 -2580 78 1
-1 -432 11680 9564 2995 -1315 304 1
-1 -696 11116 9324 -1096 -322 -528 1
-1 -740 10608 9584 1222 -280 -114 1
-1 540 12604 9112 -44 645 964 1
-1 -912 9444 8816 -2183 1115 872 1
-1 -1648 10288 8260 4508 -21 2553 1
-1 -1152 12124 8392 2237 2497 4754 1
-1 -2588 13456 9064 -2014 3216 7582 1
-1 1068 12912 10184 -2574 -1671 9603 1
-1 3156 10808 9224 -5035 -3559 8915 1
-1 6380 10864 8720 -2709 -343 6645 1
-1 5196 10024 8804 -5501 3806 5700 1
-1 5976 10236 6444 -3713 6972 5421 1
-1 3284 7832 9056 -12682 8065 3727 1
-1 2040 5372 9652 -11017 8402 2964 1
-1 -424 4636 12224 -5023 5494 1723 1
-1 -940 3908 10908 121 3299 1922 1
-1 -1188 8092 14464 -12386 6034 1674 1
-1 -2284 368 15448 -2544 3103 4484 1
-1 -2916 4144 16720 -3292 974 2269 1
-1 -1756 -24 14476 -12211 2952 2238 1
-1 304 -288 10892 -6166 4026 814 1
-1 -1948 -804 15860 -1026 3328 1303 1
-1 -2368 1620 13364 1357 2978 -1340 1
-1 -2152 1004 12792 -2598 1258 -1511 1
-1 -2208 808 12868 706 -1471 -1648 1
-1 -1800 324 13340 -960 -922 -464 1
-1 -2244 268 13316 -1244 -327 187 1
-1 -1736 364 13232 1302 -478 162 1
-1 -1668 900 13176 746 -167 244 1
-1 -1916 776 13200 833 -463 16 1
-1 -1512 532 13416 345 -91 -232 1
-1 -1572 428 13012 876 -318 -310 1
-1 -1564 892 13504 452 131 83 1
-1 -1756 676 13200 469 342 162 1