-1 -5560 -6152 10628 -105 44 229 1
-1 -5360 -5956 10404 15 -20 218 1
-1 -5520 -6280 10680 170 24 209 1
-1 -5440 -6008 10520 246 -163 50 1
-1 -5716 -6396 10972 618 -170 154 1
-1 -4600 -5800 10872 263 202 259 1
-1 -5388 -6120 10776 288 30 92 1
-1 -5580 -6508 10888 71 40 127 1
-1 -5592 -6668 10808 98 -66 17 1
-1 -5416 -6088 10584 240 5 -42 1
-1 -5360 -6188 10636 261 -54 51 1
-1 -5612 -6252 10736 492 -66 58 1
-1 -5360 -6116 10552 441 -112 174 1
-1 -5380 -6092 10632 824 -193 240 1
-1 -5232 -5712 11148 576 -72 324 1
-1 -5312 -5880 11080 381 17 422 1
-1 -5436 -6232 11188 288 -121 263 1
-1 -5484 -5884 11020 836 -544 59 1
-1 -5292 -6028 11072 1875 -957 167 1
-1 -5220 -5876 11004 2679 -1137 165 1
-1 -5132 -5004 11228 3132 -1252 132 1
-1 -4948 -4732 11580 3131 -1433 375 1
-1 -4876 -4596 11868 1978 -1132 552 1
-1 -4860 -4496 12028 1913 -1232 691 1
-1 -4820 -5116 12052 2512 -1789 374 1
-1 -4828 -4888 12264 3024 -2629 -303 1
-1 -4360 -4720 12432 3770 -3569 -1171 1
-1 -3660 -4096 11876 3902 -3882 -2152 1
-1 -2788 -4232 11200 3264 -3470 -4655 1
-1 -3428 -5128 11980 8055 -4033 -5961 1
-1 -188 -1344 11852 10613 -4324 -6779 1
-1 -1064 -508 11996 14138 -4002 -5139 1
-1 496 1628 12064 12829 -2518 -4745 1
-1 8 3468 12524 10511 -2050 -3921 1
-1 -152 4060 12196 10735 -2706 -2864 1
-1 -348 4116 11968 8734 -2095 -3388 1
-1 -356 5936 12292 11175 -2390 -3098 1
-1 -212 7440 11276 9596 -2274 -2759 1
-1 -148 8068 11964 8457 -1879 -2228 1
-1 -4 8796 11660 5690 -1067 -2243 1
-1 -268 9004 11924 4781 -1153 -1532 1
-1 -344 8680 10848 2420 -876 -1886 1
-1 -476 9184 10764 1653 -817 -1811 1
-1 -704 9044 10208 1886 -527 -1760 1
-1 -1080 9712 9948 2164 139 -350 1
-1 92 18652 17472 -3659 1869 1599 1
-1 -2344 8200 10188 -6589 3804 1641 1
-1 -3452 4616 12856 -3099 443 1825 1
-1 -2944 5732 11504 2937 -1189 1763 1
-1 -3112 6624 9628 -295 -565 4273 1
-1 -1388 7588 9072 3295 1614 4242 1
-1 -1792 8684 9344 5368 1383 6058 1
-1 1076 11560 8344 652 2277 5236 1
-1 2452 10976 9500 -4805 2196 6077 1
-1 4292 9804 10936 -8503 3639 5100 1
-1 3988 7308 10372 -8555 4120 4545 1
-1 2884 6616 10280 -15698 7846 2998 1
-1 1408 3480 10576 -23940 9725 435 1
-1 -3080 -412 11912 -13010 7980 2324 1
-1 -4732 -1288 13404 -11877 6259 303 1
-1 -6956 -4552 14352 -3781 1547 2077 1
-1 -6892 -3884 17560 -520 -4873 -2157 1
-1 -3588 -840 15208 5627 -6839 -611 1
-1 -488 -28 13584 4701 -4477 -185 1
-1 -832 3296 14020 1808 -2764 455 1
-1 -732 -304 13364 -205 -2301 127 1
-1 -1396 720 13348 984 -1638 -793 1
-1 -372 976 13716 -10 -909 357 1
-1 -416 216 13472 382 -24 432 1
-1 -688 832 13336 943 -152 359 1
-1 -576 840 13384 783 -102 -91 1
-1 -448 732 13508 1014 -190 -444 1
-1 -692 784 13224 969 -80 -268 1
-1 -468 996 13372 820 40 -46 1
-1 -288 860 13388 336 273 213 1
-1 -544 996 13368 501 281 343 1
-1 -552 1136 13396 404 188 334 1