-1 -1428 -2960 13004 -809 -71 66 1
-1 -1572 -3652 12776 -536 159 100 1
-1 -1788 -3380 12584 -235 63 160 1
-1 -1560 -3608 12524 223 -342 107 1
-1 -1520 -3600 12452 307 -336 51 1
-1 -1504 -3488 12688 308 -162 -16 1
-1 -1500 -3348 12744 59 -110 3 1
-1 -1492 -3468 13104 265 -36 84 1
-1 -1376 -3364 12848 125 -112 140 1
-1 -1248 -3596 12632 139 -32 210 1
-1 -1264 -3584 12908 -413 145 175 1
-1 -1396 -3924 12672 -648 143 196 1
-1 -1628 -3448 12860 343 239 218 1
-1 -1512 -3884 12844 -258 -8 287 1
-1 -1560 -3960 12616 431 36 18 1
-1 -1560 -3844 12516 853 -44 33 1
-1 -1484 -3652 12300 1935 -338 -101 1
-1 -1184 -3276 12948 1829 -244 -198 1
-1 -1188 -2536 13196 1241 -476 14 1
-1 -1096 -3488 13120 1310 -524 251 1
-1 -1204 -2780 13216 1216 -471 523 1
-1 -1352 -3160 13200 2246 -865 628 1
-1 -1300 -2756 13384 2345 -1217 590 1
-1 -1408 -2436 13400 3341 -1679 363 1
-1 -1148 -2640 13372 4141 -2108 -11 1
-1 -1140 -1236 13636 4153 -2367 -190 1
-1 -716 -1296 13452 5084 -3019 -683 1
-1 32 -948 13232 6235 -3179 -1285 1
-1 616 -484 12728 6531 -2908 -1865 1
-1 1084 320 12788 6935 -2127 -2535 1
-1 1524 1448 11652 8576 -1460 -2906 1
-1 1072 2112 12464 5058 1605 -3552 1
-1 1064 3760 11428 3171 1971 -4215 1
-1 944 3104 12708 2887 1295 -4322 1
-1 1260 3476 12256 4244 -10 -4247 1
-1 1268 4528 11548 8134 -1448 -3741 1
-1 1020 5856 11724 7877 -1683 -4117 1
-1 1024 7244 10996 6052 -976 -3767 1
-1 52 7656 11836 3178 200 -4302 1
-1 -788 7788 12000 5324 -115 -3496 1
-1 -1116 7432 12408 3811 32 -3799 1
-1 -1440 8420 11888 2887 -232 -3577 1
-1 -1624 8248 11884 2772 -189 -2844 1
-1 -2072 8468 11664 2030 -32 -2557 1
-1 -1532 8196 10820 2050 -399 -1796 1
-1 -1608 8356 11244 1240 -570 -1659 1
-1 -1904 8328 10788 39 -39 -1669 1
-1 -4572 4664 11780 -1489 -629 -1917 1
-1 -3308 8916 9932 -4131 -134 464 1
-1 -3008 6556 11320 -1378 -123 244 1
-1 -4512 7264 12336 -2153 -845 2824 1
-1 -4228 8232 10044 3204 -503 6136 1
-1 -2352 8068 9840 9495 300 8694 1
-1 2552 9024 10848 719 -528 5873 1
-1 3120 10096 10448 -5407 -517 2472 1
-1 2280 9992 10628 -2977 -190 3611 1
-1 4464 10324 7472 -4929 1467 5908 1
-1 2468 9388 9640 -12628 2457 6259 1
-1 2416 5600 7188 -12989 2725 6123 1
-1 264 2692 11480 -15795 2922 6127 1
-1 -904 -428 13636 -7544 2657 4888 1
-1 -760 -1372 13368 -3176 3922 3403 1
-1 -2952 1052 16260 -5081 2655 1650 1
-1 -1824 -1160 14312 -1493 926 1712 1
-1 -2920 -4408 12636 12383 -6078 4235 1
-1 -1920 2788 17952 5452 -1642 -933 1
-1 524 -664 12748 6381 -623 523 1
-1 -4 4456 13392 2664 324 845 1
-1 -260 4016 13104 -88 1081 1101 1
-1 -104 2376 13076 867 461 471 1
-1 -148 3680 13048 775 362 -220 1
-1 -1456 3956 11308 -42 1517 -1125 1
-1 112 3380 13168 317 323 -146 1
-1 -396 3376 13020 199 719 -16 1
-1 -348 3276 12956 228 843 88 1
-1 -664 3244 12972 386 651 166 1
-1 -668 3248 13020 385 387 170 1