-1 -2720 -8192 10376 227 21 65 1
-1 -2764 -8132 10564 690 -9 39 1
-1 -2804 -8404 10676 759 22 48 1
-1 -2720 -8116 11088 525 -72 9 1
-1 -2672 -8092 11172 218 68 114 1
-1 -2604 -7964 11040 -24 -47 240 1
-1 -2652 -8340 10700 81 -258 131 1
-1 -2892 -8236 10748 225 -254 98 1
-1 -2772 -8028 10364 241 -203 -78 1
-1 -2696 -8340 10020 1257 -123 -85 1
-1 -2664 -7936 10272 1878 -63 8 1
-1 -2500 -7820 10492 1944 -148 -130 1
-1 -2480 -7116 10748 2862 -444 -46 1
-1 -2296 -7536 11460 2866 -452 208 1
-1 -2308 -7076 11728 2600 -427 395 1
-1 -2488 -6860 11584 3052 -788 378 1
-1 -2512 -7008 11952 2953 -910 211 1
-1 -2420 -6288 11872 2961 -1167 -195 1
-1 -2496 -6440 11872 4382 -1370 -479 1
-1 -2140 -6236 12248 4696 -1379 -1029 1
-1 -2032 -5552 12208 5576 -1702 -1479 1
-1 -1588 -5616 12480 6243 -1906 -2129 1
-1 -1592 -5624 12756 8588 -2255 -2648 1
-1 -876 -3436 12232 10941 -3459 -3767 1
-1 12 -1824 12620 11275 -3540 -4490 1
-1 848 368 11804 10312 -2755 -5064 1
-1 1188 1960 11564 11489 -2350 -4775 1
-1 1548 3260 11460 10456 -788 -4413 1
-1 1380 4764 9904 11425 -330 -3719 1
-1 772 4364 13936 8400 -897 -3788 1
-1 1076 6928 11432 8116 83 -3458 1
-1 344 8652 12328 8912 -291 -3223 1
-1 -432 8260 12280 5758 -135 -1909 1
-1 -348 8120 11708 5075 -108 -1909 1
-1 -1036 8564 11444 3789 211 -1728 1
-1 -956 9496 11296 2996 183 -590 1
-1 -760 9564 10616 1757 802 -588 1
-1 -724 9164 11056 2387 429 151 1
-1 -836 9472 11012 903 648 -161 1
-1 -768 8740 10356 -308 568 -182 1
-1 -968 9148 10608 578 786 -272 1
-1 -664 9168 10044 482 605 -254 1
-1 -692 9072 10092 442 799 -472 1
-1 -1028 8896 10620 -442 612 -711 1
-1 -1076 9256 10152 672 759 -406 1
-1 -3000 8648 9320 1103 401 132 1
-1 -1264 11372 11900 -2275 -272 794 1
-1 -1628 8976 10752 -866 -592 847 1
-1 -3780 8284 9800 515 -708 2335 1
-1 -3524 8800 9124 -266 2239 4135 1
-1 -4680 9148 10040 -395 6895 7972 1
-1 -1848 10584 10788 1243 4993 7470 1
-1 1800 9648 12492 304 1648 5792 1
-1 3700 8912 11952 -5484 548 2473 1
-1 3756 8088 9928 -3602 -1233 1497 1
-1 3096 8016 9620 -1694 -1192 1767 1
-1 3088 7472 8456 -1689 -1417 1437 1
-1 1976 7384 8420 3171 -650 1570 1
-1 732 9040 8572 5484 686 1354 1
-1 -244 10100 8976 -5198 2077 -509 1
-1 -2144 5776 10820 -3943 4051 666 1
-1 -2452 8716 12316 -3780 3690 749 1
-1 -2944 5268 13536 -6675 3082 423 1
-1 -2860 4736 13524 -5574 2486 57 1
-1 -2172 4744 10488 -4221 1999 -122 1
-1 -3184 18352 26564 -5738 70 2324 1
-1 -4664 -3428 13064 -4433 -5591 4166 1
-1 -144 3396 13308 2469 -4847 742 1
-1 1180 4504 12988 3164 -2027 -25 1
-1 284 5256 12664 1788 468 312 1
-1 -220 4908 12444 259 1127 762 1
-1 -200 4832 12524 527 152 594 1
-1 8 5120 12528 -13 116 138 1
-1 -8 4704 12756 -108 154 113 1
-1 188 4628 12892 38 531 154 1
-1 -152 4572 12544 73 736 68 1
-1 -144 4648 12676 -3 338 239 1