-1 -4936 -9704 8780 144 69 212 1
-1 -4832 -9860 8784 165 -44 147 1
-1 -4844 -9636 8684 279 -110 192 1
-1 -4944 -9808 8632 122 66 222 1
-1 -5104 -9800 8656 190 1 192 1
-1 -4984 -10116 8168 492 -39 27 1
-1 -4844 -9908 8152 1230 6 -112 1
-1 -5096 -9776 8888 2675 -305 53 1
-1 -4784 -8956 8960 1359 -112 -58 1
-1 -4872 -9364 9368 411 219 209 1
-1 -4888 -9460 8980 642 145 232 1
-1 -5000 -9436 8984 1182 -197 126 1
-1 -5244 -10060 9420 2474 -566 -27 1
-1 -4972 -9192 9528 3726 -985 78 1
-1 -4768 -8288 10192 3272 -1094 87 1
-1 -4884 -9096 10096 3396 -1324 -141 1
-1 -4612 -8920 10300 4430 -1754 -502 1
-1 -4340 -7972 10588 6007 -2414 -861 1
-1 -4544 -8396 11484 7626 -3073 -913 1
-1 -3704 -6788 11596 9110 -3780 -1133 1
-1 -3284 -5392 11940 9576 -4272 -1534 1
-1 -2412 -4444 12348 8955 -4039 -2114 1
-1 -1916 -3592 12440 6969 -3285 -2876 1
-1 -880 -2544 12116 5241 -2402 -3626 1
-1 -1108 -2752 12632 4636 -1738 -3672 1
-1 -1012 -1532 13020 5827 -1873 -3837 1
-1 -884 -1968 12540 6513 -1445 -4233 1
-1 -480 -1196 12788 7371 -1952 -4331 1
-1 -120 16 12380 9940 -3086 -4615 1
-1 -196 988 12540 11135 -2880 -4738 1
-1 -44 2608 12616 11273 -2542 -4674 1
-1 664 5512 11776 11236 -2313 -3687 1
-1 788 5660 12740 8386 -1828 -2785 1
-1 1084 6980 12612 6803 -1303 -2097 1
-1 1108 7232 12000 5753 -1570 -1677 1
-1 1012 7044 11448 5949 -1769 -1153 1
-1 1440 7900 10868 4042 -1198 -1698 1
-1 1080 8484 10960 4420 -1096 -1852 1
-1 964 8740 10808 2852 -406 -1709 1
-1 744 8880 11096 2355 67 -1552 1
-1 608 8860 10444 2212 395 -1604 1
-1 -132 9036 10548 1582 357 -1748 1
-1 -168 9440 10644 2830 90 -1238 1
-1 -176 9452 10188 2729 274 -821 1
-1 -176 10464 10160 2469 448 -493 1
-1 296 11452 10220 2573 42 -251 1
-1 -944 10872 11624 -4913 672 -1152 1
-1 -896 8820 11492 -2892 685 430 1
-1 -1196 9236 10068 -887 458 1010 1
-1 -2244 8848 9868 -755 1375 3436 1
-1 -1280 8672 10472 2869 2561 7545 1
-1 -1852 10128 8580 2488 2267 8789 1
-1 524 10788 10152 -1507 2904 7959 1
-1 4156 10896 9016 822 1766 8257 1
-1 3380 10288 10028 -5410 3016 6049 1
-1 4344 9292 8668 -5321 5284 5075 1
-1 4032 8628 7800 -9487 6432 5252 1
-1 1088 6404 9244 -16244 8125 3330 1
-1 420 608 11460 -4917 6821 5113 1
-1 388 5896 11992 4631 2843 1182 1
-1 -2948 3680 12752 1944 2632 42 1
-1 -3208 5980 14808 223 2178 -213 1
-1 -3428 4184 13852 -2807 1515 -708 1
-1 -3584 3908 14236 -4428 1125 -982 1
-1 68 8380 10216 -5157 -2997 874 1
-1 -1220 3416 12280 -4005 -2549 46 1
-1 -1384 4192 13120 -9260 1350 6 1
-1 -1340 -344 13344 -4224 485 647 1
-1 -1296 1556 13160 516 -330 882 1
-1 -1100 2052 13152 209 -189 1295 1
-1 -1512 1796 13088 845 -190 935 1
-1 -1440 2276 13140 1189 -665 322 1
-1 -888 2508 13236 1018 -475 -94 1
-1 -1136 2064 13072 223 66 -32 1
-1 -1060 2736 13164 90 73 -389 1
-1 -932 2268 13288 -274 222 -429 1
-1 -1124 2016 13088 174 195 -336 1