4  7
0.12614  0.119366  0.074601  0.33169  0.150455  0.0773914  0.120356  
9.47522  -2.45737  0.995525  -0.494477  
28.4522  -0.337984  0.13195  0.118876  
50.5524  -1.25973  0.12914  0.315923  
68.2973  -0.0603616  -0.0482156  -0.0287994  
100.572  1.50618  -0.152785  -0.348144  
112.526  -1.34667  0.159766  0.189818  
129.979  0.311951  0.0460527  0.31059  
27.8761  16.3691  -6.45825  2.23717  
16.3691  12.7609  -4.74206  1.96747  
-6.45825  -4.74206  2.1431  -0.737778  
2.23717  1.96747  -0.737778  1.05968  
40.6856  -0.670255  0.56921  -2.47086  
-0.670255  2.71381  -0.809247  -0.407037  
0.56921  -0.809247  1.32274  -0.255035  
-2.47086  -0.407037  -0.255035  1.08745  
37.6337  1.1416  5.26872  -1.13106  
1.1416  2.7274  -1.32324  -0.516009  
5.26872  -1.32324  3.1378  0.5806  
-1.13106  -0.516009  0.5806  0.804881  
467.662  -21.4315  1.45294  1.28827  
-21.4315  2.73996  -0.517092  -0.126652  
1.45294  -0.517092  0.495053  0.272812  
1.28827  -0.126652  0.272812  0.564693  
294.706  -2.13318  -1.87815  -6.05192  
-2.13318  0.43418  -0.0516248  0.33274  
-1.87815  -0.0516248  0.172018  -0.0491494  
-6.05192  0.33274  -0.0491494  1.04759  
80.2083  -6.80186  -0.714139  -0.261397  
-6.80186  1.30622  -0.351453  0.0624821  
-0.714139  -0.351453  0.826392  0.196722  
-0.261397  0.0624821  0.196722  0.749225  
48.0912  -2.65854  1.21609  1.25893  
-2.65854  2.47765  -0.363493  -0.0503573  
1.21609  -0.363493  0.376241  -0.135072  
1.25893  -0.0503573  -0.135072  0.650468  
