4,140
1 -0.436457 0.0642176 -0.0198025 
2 -1.27314 0.420136 -0.174703 
3 -2.11586 0.777634 -0.330292 
4 -2.96582 1.13681 -0.486677 
5 -3.82509 1.49778 -0.644041 
6 -4.69648 1.86042 -0.802576 
7 -5.58224 2.22341 -0.962252 
8 -6.47956 2.58197 -1.12209 
9 -7.36765 2.92256 -1.27829 
10 -8.18215 3.21513 -1.42091 
11 -8.79938 3.41492 -1.5326 
12 -9.10687 3.49825 -1.59965 
13 -9.14112 3.50391 -1.62964 
14 -9.0584 3.49796 -1.64427 
15 -8.97349 3.51348 -1.65692 
16 -8.91764 3.55046 -1.66896 
17 -8.88439 3.59937 -1.67691 
18 -8.86237 3.65226 -1.677 
19 -8.84432 3.70416 -1.66627 
20 -8.82677 3.75185 -1.64263 
21 -8.8084 3.79287 -1.605 
22 -8.78895 3.82508 -1.55351 
23 -8.7687 3.84677 -1.48986 
24 -8.74817 3.85694 -1.41738 
25 -8.72806 3.85558 -1.34072 
26 -8.70904 3.84381 -1.26505 
27 -8.69163 3.82361 -1.19513 
28 -8.67614 3.7974 -1.13444 
29 -8.66264 3.76758 -1.08484 
30 -8.65109 3.73608 -1.04662 
31 -8.64149 3.7041 -1.01905 
32 -8.63438 3.67184 -1.00103 
33 -8.63161 3.63798 -0.992135 
34 -8.63759 3.59895 -0.993955 
35 -8.6598 3.54882 -1.01182 
36 -8.70479 3.48288 -1.05433 
37 -8.76589 3.40751 -1.12567 
38 -8.81485 3.34588 -1.21349 
39 -8.82138 3.32127 -1.2931 
40 -8.77931 3.33703 -1.34819 
41 -8.70224 3.38135 -1.37763 
42 -8.60693 3.44096 -1.38664 
43 -8.50686 3.50621 -1.37921 
44 -8.41427 3.56964 -1.35547 
45 -8.34497 3.62291 -1.31109 
46 -8.32246 3.65406 -1.23867 
47 -8.37205 3.64946 -1.13579 
48 -8.49126 3.60772 -1.02087 
49 -8.62692 3.55257 -0.931172 
50 -8.72242 3.5122 -0.88669 
51 -8.76808 3.49348 -0.877221 
52 -8.78202 3.48908 -0.885359 
53 -8.78122 3.49137 -0.90041 
54 -8.7747 3.49618 -0.91782 
55 -8.76621 3.50178 -0.935989 
56 -8.75708 3.50758 -0.954421 
57 -8.74776 3.51344 -0.97298 
58 -8.73837 3.51933 -0.991641 
59 -8.72893 3.52527 -1.01043 
60 -8.71934 3.53136 -1.02939 
61 -8.70924 3.53785 -1.04864 
62 -8.69737 3.54549 -1.06837 
63 -8.68012 3.55649 -1.0887 
64 -8.64905 3.57617 -1.10886 
65 -8.5901 3.61422 -1.12456 
66 -8.4951 3.67888 -1.12443 
67 -8.38882 3.75944 -1.09496 
68 -8.32322 3.82457 -1.03768 
69 -8.32252 3.85485 -0.969562 
70 -8.37178 3.85503 -0.904428 
71 -8.4479 3.83726 -0.847362 
72 -8.53437 3.81057 -0.800226 
73 -8.61905 3.78029 -0.766742 
74 -8.68735 3.74988 -0.756321 
75 -8.71545 3.72216 -0.786346 
76 -8.67615 3.69853 -0.871735 
77 -8.57991 3.67589 -0.989429 
78 -8.49359 3.64838 -1.0785 
79 -8.46111 3.61511 -1.11373 
80 -8.47191 3.57946 -1.1148 
81 -8.50397 3.5444 -1.10362 
82 -8.54412 3.51181 -1.09138 
83 -8.58622 3.48321 -1.08295 
84 -8.62708 3.46048 -1.08109 
85 -8.66393 3.44614 -1.08838 
86 -8.69296 3.44328 -1.1075 
87 -8.70806 3.45454 -1.13998 
88 -8.70037 3.47891 -1.18232 
89 -8.66273 3.50662 -1.2199 
90 -8.60331 3.51906 -1.22825 
91 -8.55396 3.50435 -1.19403 
92 -8.54681 3.47251 -1.13372 
93 -8.58665 3.44359 -1.07605 
94 -8.65731 3.42994 -1.03865 
95 -8.73872 3.4347 -1.02688 
96 -8.81305 3.45707 -1.0413 
97 -8.86395 3.49533 -1.0817 
98 -8.87655 3.54652 -1.14636 
99 -8.84297 3.60432 -1.22808 
100 -8.77191 3.65823 -1.31121 
101 -8.68966 3.69783 -1.37725 
102 -8.6228 3.71964 -1.41684 
103 -8.58105 3.72766 -1.43363 
104 -8.55933 3.72803 -1.43672 
105 -8.54886 3.72511 -1.43344 
106 -8.54336 3.72104 -1.42776 
107 -8.53967 3.71663 -1.4213 
108 -8.53655 3.71213 -1.41463 
109 -8.53357 3.70761 -1.4079 
110 -8.53065 3.70308 -1.40115 
111 -8.5278 3.69855 -1.39432 
112 -8.5252 3.69398 -1.38724 
113 -8.5234 3.68927 -1.37934 
114 -8.52386 3.68415 -1.3692 
115 -8.52975 3.67793 -1.35383 
116 -8.54661 3.66923 -1.3283 
117 -8.58105 3.65592 -1.28751 
118 -8.63539 3.63605 -1.23156 
119 -8.7005 3.60981 -1.17182 
120 -8.75683 3.58069 -1.12788 
121 -8.78683 3.55346 -1.11469 
122 -8.78475 3.53143 -1.13442 
123 -8.755 3.5157 -1.17979 
124 -8.7059 3.50616 -1.2405 
125 -8.64622 3.50264 -1.30647 
126 -8.58564 3.50545 -1.36773 
127 -8.53874 3.51554 -1.41312 
128 -8.53181 3.53336 -1.42991 
129 -8.59958 3.55463 -1.41055 
130 -8.73891 3.56536 -1.37033 
131 -8.86812 3.55278 -1.34394 
132 -8.91625 3.52143 -1.34506 
133 -8.88762 3.48285 -1.36286 
134 -8.81319 3.44348 -1.38616 
135 -8.71561 3.40543 -1.40993 
136 -8.60721 3.36934 -1.43238 
137 -8.49469 3.33576 -1.4526 
138 -8.38272 3.30579 -1.46944 
139 -8.27641 3.28167 -1.48078 
140 -8.18373 3.26761 -1.48264 
