3,3,140
3.03517 -0.915406 0.630049 
-0.915407 0.623573 -0.211429 
0.630049 -0.211429 0.848403 
3.04896 -0.91957 0.632945 
-0.91957 0.626394 -0.212421 
0.632945 -0.212421 0.85225 
3.05768 -0.922206 0.634777 
-0.922206 0.628181 -0.213048 
0.634778 -0.213048 0.854686 
3.0622 -0.923571 0.635728 
-0.923572 0.629106 -0.213374 
0.635728 -0.213374 0.855948 
3.06283 -0.923761 0.635862 
-0.923761 0.629233 -0.213423 
0.635862 -0.213423 0.856121 
3.05934 -0.922711 0.635138 
-0.922711 0.628519 -0.213182 
0.635138 -0.213182 0.855148 
3.05096 -0.92018 0.633388 
-0.920181 0.626801 -0.212594 
0.633388 -0.212594 0.852805 
3.03609 -0.915695 0.63028 
-0.915695 0.623759 -0.211551 
0.63028 -0.211551 0.848654 
3.01205 -0.90844 0.62524 
-0.90844 0.618849 -0.209862 
0.62524 -0.209862 0.841941 
2.97445 -0.897094 0.617326 
-0.897094 0.611195 -0.207221 
0.617326 -0.207221 0.831451 
2.91647 -0.879595 0.605033 
-0.879596 0.599455 -0.203149 
0.605034 -0.203149 0.815289 
2.82787 -0.852853 0.586018 
-0.852853 0.58169 -0.196929 
0.586019 -0.196929 0.790636 
2.6945 -0.812584 0.556781 
-0.812585 0.555403 -0.187575 
0.556781 -0.187575 0.753633 
2.49971 -0.753744 0.512483 
-0.753744 0.518201 -0.17394 
0.512483 -0.17394 0.699878 
2.2313 -0.672591 0.447384 
-0.672592 0.469967 -0.155233 
0.447384 -0.155233 0.626534 
1.89805 -0.571672 0.356762 
-0.571673 0.417415 -0.132219 
0.356762 -0.132219 0.537241 
1.55256 -0.466678 0.240851 
-0.466678 0.37937 -0.10887 
0.240851 -0.10887 0.448623 
1.29367 -0.38726 0.108954 
-0.38726 0.38461 -0.0924755 
0.108954 -0.0924755 0.390334 
1.21331 -0.361144 -0.0214418 
-0.361144 0.453295 -0.0896447 
-0.0214418 -0.0896447 0.388358 
1.3183 -0.390669 -0.132925 
-0.390669 0.57488 -0.100536 
-0.132925 -0.100536 0.441725 
1.52586 -0.451275 -0.216694 
-0.451275 0.712838 -0.118648 
-0.216694 -0.118648 0.522609 
1.73937 -0.514109 -0.273515 
-0.514109 0.832773 -0.136589 
-0.273515 -0.136589 0.600525 
1.90567 -0.563194 -0.309108 
-0.563194 0.919704 -0.150367 
-0.309108 -0.150367 0.659651 
2.01438 -0.595319 -0.329807 
-0.595319 0.974594 -0.159281 
-0.329807 -0.159281 0.69784 
2.07488 -0.613189 -0.340607 
-0.613189 1.00455 -0.164121 
-0.340607 -0.164121 0.718959 
2.0998 -0.620518 -0.344842 
-0.620518 1.01663 -0.165901 
-0.344842 -0.165901 0.727618 
2.09882 -0.620148 -0.344501 
-0.620148 1.0158 -0.165367 
-0.344501 -0.165367 0.727235 
2.07766 -0.613765 -0.340626 
-0.613765 1.00489 -0.162924 
-0.340626 -0.162924 0.719816 
2.03891 -0.602117 -0.333631 
-0.602117 0.985097 -0.158693 
-0.333631 -0.158693 0.706251 
1.98293 -0.58529 -0.323516 
-0.58529 0.956496 -0.152569 
-0.323516 -0.152569 0.686654 
1.90867 -0.56294 -0.31 
-0.56294 0.918401 -0.144265 
-0.31 -0.144265 0.660633 
1.81431 -0.534491 -0.292632 
-0.534491 0.869695 -0.133339 
-0.292632 -0.133339 0.627524 
1.6981 -0.499381 -0.270911 
-0.499381 0.809217 -0.119229 
-0.270911 -0.119229 0.58667 
1.55957 -0.457449 -0.244495 
-0.457449 0.736398 -0.101316 
-0.244495 -0.101316 0.537836 
1.40139 -0.409543 -0.21354 
-0.409543 0.652298 -0.079065 
-0.21354 -0.079065 0.481846 
1.23162 -0.358329 -0.17918 
-0.358329 0.561032 -0.0522461 
-0.17918 -0.0522461 0.421367 
1.06531 -0.308969 -0.14399 
-0.308969 0.471101 -0.0211962 
-0.14399 -0.0211962 0.36146 
0.923125 -0.268928 -0.111998 
-0.268928 0.395315 0.0130408 
-0.111998 0.0130408 0.309135 
0.825286 -0.246074 -0.0877596 
-0.246074 0.347785 0.0488816 
-0.0877596 0.0488816 0.271283 
0.782606 -0.245375 -0.0745646 
-0.245375 0.338201 0.0846551 
-0.0745646 0.0846551 0.251651 
0.791155 -0.266273 -0.0728833 
-0.266273 0.366873 0.119004 
-0.0728833 0.119004 0.249053 
0.835378 -0.302985 -0.0803371 
-0.302985 0.424658 0.150945 
-0.0803371 0.150945 0.258454 
0.896639 -0.347417 -0.0931332 
-0.347417 0.497731 0.179722 
-0.0931332 0.179722 0.273831 
0.96015 -0.392256 -0.107687 
-0.392256 0.573102 0.204713 
-0.107687 0.204713 0.290465 
1.01703 -0.432464 -0.121456 
-0.432464 0.641529 0.225473 
-0.121456 0.225473 0.305565 
1.06309 -0.465243 -0.132973 
-0.465243 0.6977 0.241762 
-0.132973 0.241762 0.317847 
1.09691 -0.489361 -0.141544 
-0.489361 0.739151 0.253533 
-0.141544 0.253533 0.32689 
1.11846 -0.504492 -0.146918 
-0.504492 0.765099 0.260874 
-0.146918 0.260874 0.332687 
1.12837 -0.510787 -0.149077 
-0.510787 0.775661 0.263967 
-0.149077 0.263967 0.33543 
1.12771 -0.50868 -0.148122 
-0.50868 0.771444 0.263076 
-0.148122 0.263076 0.335438 
1.11799 -0.498832 -0.144235 
-0.498832 0.753433 0.258556 
-0.144235 0.258556 0.333167 
1.10135 -0.482178 -0.137683 
-0.482178 0.723031 0.250899 
-0.137683 0.250899 0.32925 
1.08063 -0.460007 -0.12884 
-0.460007 0.682192 0.240772 
-0.12884 0.240772 0.324537 
1.05953 -0.434045 -0.118219 
-0.434045 0.633568 0.229061 
-0.118219 0.229061 0.320123 
1.04249 -0.406473 -0.106487 
-0.406473 0.580572 0.216875 
-0.106487 0.216875 0.317309 
1.0343 -0.379836 -0.094453 
-0.379836 0.527273 0.20549 
-0.094453 0.20549 0.317489 
1.03941 -0.356768 -0.0829991 
-0.356768 0.478022 0.196201 
-0.0829991 0.196201 0.321919 
1.06084 -0.339552 -0.0729579 
-0.339552 0.436802 0.190091 
-0.0729579 0.190091 0.331401 
1.09912 -0.329605 -0.0649576 
-0.329605 0.406427 0.187769 
-0.0649576 0.187769 0.345972 
1.15164 -0.327084 -0.0592857 
-0.327084 0.387885 0.189173 
-0.0592857 0.189173 0.364722 
1.21296 -0.330821 -0.0558378 
-0.330821 0.380133 0.193563 
-0.0558378 0.193563 0.385898 
1.27598 -0.338671 -0.0541814 
-0.338671 0.380518 0.199718 
-0.0541814 0.199718 0.40728 
1.33368 -0.348146 -0.0537111 
-0.348146 0.385642 0.206276 
-0.0537111 0.206276 0.426725 
1.38072 -0.357047 -0.0538232 
-0.357047 0.392298 0.212077 
-0.0538232 0.212077 0.442625 
1.41415 -0.363868 -0.0540408 
-0.363868 0.398104 0.216357 
-0.0540408 0.216357 0.454141 
1.43337 -0.367879 -0.0540603 
-0.367879 0.401698 0.218785 
-0.0540603 0.218785 0.461159 
1.43945 -0.368975 -0.053733 
-0.368975 0.402587 0.219363 
-0.053733 0.219363 0.46409 
1.43438 -0.367432 -0.0530171 
-0.367432 0.400851 0.218297 
-0.0530171 0.218297 0.463614 
1.42037 -0.363692 -0.0519278 
-0.363692 0.396852 0.215866 
-0.0519278 0.215866 0.460477 
1.39942 -0.35821 -0.0505015 
-0.35821 0.39103 0.212349 
-0.0505015 0.212349 0.455364 
1.3732 -0.351379 -0.048774 
-0.351379 0.38379 0.20798 
-0.048774 0.20798 0.448841 
1.34296 -0.34351 -0.0467725 
-0.343509 0.375461 0.202937 
-0.0467725 0.202937 0.441352 
1.30961 -0.334827 -0.0445129 
-0.334827 0.36629 0.197351 
-0.0445129 0.197351 0.433234 
1.27381 -0.325495 -0.0420018 
-0.325495 0.35646 0.191313 
-0.0420018 0.191313 0.424742 
1.23603 -0.315633 -0.0392387 
-0.315633 0.346104 0.184884 
-0.0392387 0.184884 0.416074 
1.19664 -0.305329 -0.0362186 
-0.305329 0.335323 0.178111 
-0.0362186 0.178111 0.407394 
1.15592 -0.294657 -0.0329347 
-0.294657 0.324204 0.171031 
-0.0329347 0.171031 0.398843 
1.11414 -0.28368 -0.0293792 
-0.28368 0.312821 0.163672 
-0.0293792 0.163672 0.390549 
1.07154 -0.272459 -0.0255456 
-0.272459 0.301243 0.156065 
-0.0255456 0.156065 0.382631 
1.02835 -0.26105 -0.0214288 
-0.26105 0.289538 0.148239 
-0.0214288 0.148239 0.375199 
0.984796 -0.249512 -0.017027 
-0.249512 0.277771 0.140222 
-0.017027 0.140222 0.368354 
0.941105 -0.237901 -0.0123421 
-0.237901 0.266004 0.132047 
-0.0123421 0.132047 0.362184 
0.897482 -0.226268 -0.00738076 
-0.226268 0.254297 0.123743 
-0.00738075 0.123743 0.356759 
0.854123 -0.214666 -0.00215564 
-0.214666 0.242704 0.115343 
-0.00215564 0.115343 0.352128 
0.811197 -0.20314 0.00331328 
-0.20314 0.231272 0.106881 
0.00331329 0.106881 0.348311 
0.768851 -0.191732 0.00899728 
-0.191732 0.220041 0.0983898 
0.00899728 0.0983898 0.345297 
0.727204 -0.18048 0.0148573 
-0.18048 0.209044 0.0899072 
0.0148573 0.0899072 0.343037 
0.686351 -0.169416 0.020842 
-0.169416 0.198309 0.0814721 
0.020842 0.0814721 0.341443 
0.646362 -0.158574 0.026887 
-0.158574 0.18786 0.0731288 
0.026887 0.0731288 0.340384 
0.607297 -0.147986 0.0329131 
-0.147986 0.177725 0.0649287 
0.0329131 0.0649287 0.339693 
0.569209 -0.137692 0.0388268 
-0.137692 0.167938 0.056932 
0.0388268 0.056932 0.339169 
0.532168 -0.127744 0.0445218 
-0.127744 0.158553 0.0492101 
0.0445218 0.0492101 0.338592 
0.496272 -0.118208 0.0498821 
-0.118208 0.14965 0.0418471 
0.0498821 0.0418471 0.337742 
0.461662 -0.109173 0.054788 
-0.109173 0.141347 0.0349398 
0.054788 0.0349398 0.336421 
0.42854 -0.100751 0.0591243 
-0.100751 0.133806 0.0285954 
0.0591243 0.0285954 0.334482 
0.39717 -0.0930799 0.0627895 
-0.0930799 0.12723 0.0229278 
0.0627895 0.0229278 0.331853 
0.367873 -0.0863125 0.0657061 
-0.0863125 0.121864 0.0180496 
0.0657061 0.0180496 0.328559 
0.341004 -0.0806103 0.0678299 
-0.0806103 0.117974 0.0140634 
0.0678299 0.0140634 0.324731 
0.316927 -0.0761258 0.0691557 
-0.0761258 0.115817 0.0110504 
0.0691557 0.0110504 0.320593 
0.295964 -0.0729836 0.0697192 
-0.0729836 0.115617 0.0090603 
0.0697192 0.0090603 0.316444 
0.278361 -0.0712622 0.0695931 
-0.0712622 0.117524 0.00810313 
0.0695931 0.00810313 0.312613 
0.264242 -0.0709789 0.0688795 
-0.0709789 0.121586 0.00814481 
0.0688795 0.00814481 0.309417 
0.25359 -0.0720807 0.0676981 
-0.0720807 0.127735 0.00910753 
0.0676981 0.00910753 0.307112 
0.246232 -0.0744438 0.0661734 
-0.0744438 0.135775 0.0108745 
0.0661734 0.0108745 0.305857 
0.241853 -0.0778792 0.0644232 
-0.0778792 0.14539 0.0132982 
0.0644232 0.0132982 0.30569 
0.240006 -0.0821435 0.0625485 
-0.0821435 0.156164 0.0162097 
0.0625485 0.0162097 0.306515 
0.24015 -0.0869513 0.0606269 
-0.0869513 0.167597 0.0194276 
0.0606269 0.0194276 0.308107 
0.241667 -0.0919868 0.0587083 
-0.0919868 0.179126 0.0227653 
0.0587083 0.0227653 0.310113 
0.243902 -0.0969128 0.0568133 
-0.0969128 0.190134 0.0260341 
0.0568133 0.0260341 0.312067 
0.246192 -0.101377 0.0549334 
-0.101377 0.199966 0.0290436 
0.0549334 0.0290436 0.313401 
0.247928 -0.105021 0.0530326 
-0.105021 0.20793 0.0315985 
0.0530326 0.0315985 0.313462 
0.248648 -0.107494 0.0510503 
-0.107494 0.213326 0.0334931 
0.0510503 0.0334931 0.311548 
0.248217 -0.108486 0.0489079 
-0.108486 0.215491 0.0345058 
0.0489079 0.0345058 0.306989 
0.2471 -0.107786 0.04652 
-0.107786 0.213895 0.0343957 
0.04652 0.0343957 0.29927 
0.246741 -0.105373 0.0438121 
-0.105373 0.20829 0.0329051 
0.0438121 0.0329051 0.288237 
0.249953 -0.10152 0.0407445 
-0.10152 0.198903 0.029773 
0.0407445 0.029773 0.27434 
0.261126 -0.0968872 0.0373383 
-0.0968872 0.186611 0.024764 
0.0373383 0.024764 0.258845 
0.285951 -0.0925238 0.0336937 
-0.0925238 0.172995 0.0177156 
0.0336937 0.0177156 0.243881 
0.330429 -0.089732 0.0299882 
-0.089732 0.160164 0.00859649 
0.0299882 0.00859649 0.232167 
0.399241 -0.0897751 0.0264462 
-0.0897751 0.150334 -0.00243934 
0.0264462 -0.00243934 0.226425 
0.494041 -0.0935263 0.0232878 
-0.0935263 0.14526 -0.0150308 
0.0232878 -0.0150308 0.228621 
0.612499 -0.101211 0.0206751 
-0.101211 0.145792 -0.0286391 
0.0206751 -0.0286391 0.239394 
0.748636 -0.112366 0.0186807 
-0.112366 0.151735 -0.042629 
0.0186807 -0.042629 0.257928 
0.894294 -0.126026 0.0172871 
-0.126026 0.16205 -0.0563743 
0.0172871 -0.0563743 0.282302 
1.04103 -0.141018 0.0164115 
-0.141018 0.175266 -0.0693503 
0.0164115 -0.0693503 0.310098 
1.18166 -0.156233 0.0159406 
-0.156233 0.18988 -0.0811876 
0.0159406 -0.0811876 0.338984 
1.31106 -0.170803 0.0157589 
-0.170803 0.204636 -0.0916802 
0.0157589 -0.0916802 0.367083 
1.42628 -0.184148 0.0157666 
-0.184148 0.218633 -0.100762 
0.0157666 -0.100762 0.393111 
1.52614 -0.195955 0.0158868 
-0.195955 0.231318 -0.108466 
0.0158868 -0.108466 0.416331 
1.61076 -0.20611 0.0160647 
-0.20611 0.242416 -0.114891 
0.0160647 -0.114891 0.436435 
1.681 -0.214633 0.0162642 
-0.214633 0.251846 -0.120161 
0.0162642 -0.120161 0.453402 
1.73809 -0.221617 0.0164634 
-0.221617 0.259644 -0.124407 
0.0164634 -0.124407 0.467377 
1.78335 -0.227185 0.0166498 
-0.227185 0.265903 -0.127754 
0.0166498 -0.127754 0.478582 
1.818 -0.231465 0.016818 
-0.231465 0.270737 -0.130309 
0.016818 -0.130309 0.487254 
1.84307 -0.234567 0.0169668 
-0.234567 0.274255 -0.132158 
0.0169668 -0.132158 0.493613 
1.85935 -0.236581 0.0170981 
-0.236581 0.276546 -0.133369 
0.0170981 -0.133369 0.497838 
1.86737 -0.237565 0.0172164 
-0.237565 0.277669 -0.133985 
0.0172164 -0.133985 0.500056 
1.86738 -0.237544 0.0173287 
-0.237544 0.27765 -0.134029 
0.0173287 -0.134029 0.50034 
1.85934 -0.236512 0.0174455 
-0.236512 0.276481 -0.133504 
0.0174455 -0.133504 0.498706 
1.84293 -0.234425 0.0175819 
-0.234425 0.274112 -0.132392 
0.0175819 -0.132392 0.495113 
