4,140
1 -7.24349 2.90018 -1.15654 
2 -6.69031 2.67951 -1.07947 
3 -6.12683 2.45551 -1.00129 
4 -5.55596 2.22914 -0.92223 
5 -4.97955 2.00099 -0.84242 
6 -4.3988 1.77146 -0.761864 
7 -3.81446 1.54079 -0.680466 
8 -3.22709 1.30918 -0.598011 
9 -2.63721 1.07681 -0.514137 
10 -2.04571 0.844015 -0.428291 
11 -1.45441 0.611508 -0.339679 
12 -0.867255 0.380806 -0.247245 
13 -0.292308 0.15502 -0.149741 
14 0.254948 -0.0598856 -0.0460599 
15 0.74735 -0.253439 0.0639035 
16 1.14327 -0.409564 0.177621 
17 1.3918 -0.508535 0.2879 
18 1.45367 -0.534987 0.3824 
19 1.33231 -0.489915 0.447492 
20 1.08579 -0.395388 0.475578 
21 0.79816 -0.283646 0.469218 
22 0.536132 -0.180424 0.437917 
23 0.330172 -0.0975885 0.391961 
24 0.182596 -0.0361726 0.338817 
25 0.082946 0.00773435 0.282759 
26 0.0184831 0.0389362 0.225873 
27 -0.0213372 0.061383 0.16909 
28 -0.0438833 0.0777583 0.112875 
29 -0.0537541 0.0895874 0.0576001 
30 -0.0535227 0.0974515 0.00376266 
31 -0.0444408 0.101151 -0.0478779 
32 -0.0270388 0.0997878 -0.0961669 
33 -0.00168527 0.0917885 -0.139412 
34 0.030806 0.0749602 -0.175246 
35 0.068466 0.046709 -0.200586 
36 0.107431 0.00463363 -0.211854 
37 0.141515 -0.0523356 -0.205696 
38 0.162727 -0.122385 -0.180294 
39 0.163283 -0.199618 -0.136913 
40 0.1387 -0.274432 -0.0806468 
41 0.0902033 -0.336047 -0.0194078 
42 0.0245471 -0.375983 0.0385913 
43 -0.0486948 -0.390294 0.0872834 
44 -0.120379 -0.379531 0.123748 
45 -0.183779 -0.347182 0.147741 
46 -0.234964 -0.297941 0.160597 
47 -0.272247 -0.236552 0.164258 
48 -0.295387 -0.167299 0.160676 
49 -0.304935 -0.0939142 0.151561 
50 -0.301814 -0.01968 0.138324 
51 -0.287102 0.0524271 0.122123 
52 -0.261965 0.119614 0.10393 
53 -0.227679 0.179213 0.084605 
54 -0.185713 0.228701 0.06495 
55 -0.137837 0.265826 0.0457467 
56 -0.0862053 0.288826 0.0277619 
57 -0.033387 0.296725 0.0117237 
58 0.017727 0.289649 -0.00173441 
59 0.0641562 0.269029 -0.0121486 
60 0.10319 0.237589 -0.0192984 
61 0.132787 0.199034 -0.0232476 
62 0.151884 0.157469 -0.0243312 
63 0.16051 0.116731 -0.0230832 
64 0.159654 0.0798236 -0.0201308 
65 0.150968 0.0486212 -0.0160875 
66 0.136401 0.0238753 -0.0114756 
67 0.117889 0.00543589 -0.00668994 
68 0.0971487 -0.00743138 -0.00199841 
69 0.0755797 -0.0157414 0.0024351 
70 0.0542583 -0.0205579 0.00651952 
71 0.0339762 -0.0228492 0.0102073 
72 0.0152991 -0.02342 0.0134716 
73 -0.0013752 -0.0228952 0.0162914 
74 -0.0157671 -0.0217357 0.018643 
75 -0.0276792 -0.0202674 0.0204967 
76 -0.0369713 -0.0187127 0.0218166 
77 -0.043544 -0.0172199 0.0225615 
78 -0.0473297 -0.0158853 0.0226874 
79 -0.048287 -0.0147703 0.0221498 
80 -0.046399 -0.0139123 0.0209062 
81 -0.0416721 -0.0133322 0.0189184 
82 -0.0341371 -0.0130379 0.016155 
83 -0.0238505 -0.0130264 0.0125933 
84 -0.0108981 -0.0132842 0.00822238 
85 0.00460018 -0.0137871 0.00304477 
86 0.0224838 -0.0144997 -0.00292047 
87 0.0425425 -0.0153748 -0.00963533 
88 0.0645046 -0.0163534 -0.0170404 
89 0.0880233 -0.0173649 -0.0250524 
90 0.112662 -0.018329 -0.0335633 
91 0.137881 -0.0191577 -0.0424391 
92 0.163026 -0.0197598 -0.0515214 
93 0.187324 -0.020046 -0.0606309 
94 0.209894 -0.0199361 -0.0695734 
95 0.229762 -0.0193664 -0.0781486 
96 0.245903 -0.0182975 -0.086162 
97 0.257294 -0.0167214 -0.0934382 
98 0.262976 -0.0146666 -0.0998349 
99 0.262127 -0.0122 -0.105256 
100 0.254132 -0.00942524 -0.10966 
101 0.238634 -0.00647852 -0.113067 
102 0.215572 -0.00352065 -0.115555 
103 0.185192 -0.000728601 -0.117257 
104 0.148034 0.00171285 -0.118349 
105 0.104913 0.00361777 -0.119035 
106 0.0568816 0.00480299 -0.119538 
107 0.00520473 0.00508925 -0.120077 
108 -0.0486604 0.00430025 -0.12086 
109 -0.103063 0.0022612 -0.122064 
110 -0.156148 -0.00120054 -0.123815 
111 -0.205829 -0.00624937 -0.126169 
112 -0.249784 -0.0130256 -0.129083 
113 -0.285475 -0.0216161 -0.132377 
114 -0.310251 -0.0320083 -0.135699 
115 -0.321571 -0.0440308 -0.138499 
116 -0.317357 -0.0572891 -0.140016 
117 -0.296476 -0.0711203 -0.139324 
118 -0.259237 -0.0845935 -0.135433 
119 -0.207722 -0.0965846 -0.127441 
120 -0.145772 -0.105926 -0.114719 
121 -0.0785042 -0.111602 -0.0970526 
122 -0.0114844 -0.112918 -0.0746921 
123 0.0501986 -0.109598 -0.0482911 
124 0.102641 -0.101774 -0.0187589 
125 0.143446 -0.089891 0.0129117 
126 0.171668 -0.0745778 0.0457883 
127 0.187509 -0.0565234 0.0790859 
128 0.191936 -0.0363882 0.112198 
129 0.186322 -0.0147543 0.144685 
130 0.172187 0.00789331 0.176246 
131 0.151021 0.0311634 0.206679 
132 0.124193 0.0547453 0.235843 
133 0.0929164 0.0783903 0.263627 
134 0.0582438 0.101894 0.289927 
135 0.0210872 0.125076 0.31462 
136 -0.0177545 0.14777 0.337547 
137 -0.057563 0.1698 0.358494 
138 -0.0976664 0.190977 0.377174 
139 -0.137403 0.211073 0.393203 
140 -0.176085 0.229812 0.406073 
