3,3,250
0.562016 -0.602809 -0.289339 
-0.602809 2.39389 -0.23036 
-0.289339 -0.23036 0.583454 
0.648596 -0.70536 -0.336409 
-0.70536 2.79872 -0.265898 
-0.336409 -0.265898 0.671753 
0.704008 -0.769674 -0.366186 
-0.769674 3.05294 -0.288646 
-0.366186 -0.288646 0.728454 
0.732783 -0.80276 -0.381572 
-0.80276 3.18378 -0.300453 
-0.381572 -0.300453 0.757959 
0.738897 -0.809805 -0.384856 
-0.809805 3.21158 -0.302948 
-0.384856 -0.302948 0.764267 
0.723324 -0.792049 -0.376599 
-0.792049 3.14118 -0.296522 
-0.376599 -0.296522 0.74838 
0.683694 -0.746562 -0.355498 
-0.746562 2.96095 -0.280181 
-0.355498 -0.280181 0.707966 
0.615262 -0.667065 -0.318846 
-0.667065 2.64606 -0.251922 
-0.318846 -0.251922 0.638438 
0.515142 -0.547958 -0.264611 
-0.547958 2.1744 -0.210434 
-0.264611 -0.210434 0.53755 
0.393491 -0.395857 -0.197119 
-0.395857 1.57235 -0.159623 
-0.197119 -0.159623 0.417229 
0.28645 -0.245159 -0.13413 
-0.245159 0.976274 -0.113959 
-0.13413 -0.113959 0.316653 
0.239262 -0.146495 -0.0995504 
-0.146495 0.586339 -0.0919213 
-0.0995504 -0.0919213 0.282671 
0.253556 -0.114481 -0.0970726 
-0.114481 0.459604 -0.0947985 
-0.0970726 -0.0947985 0.313265 
0.288316 -0.117712 -0.108188 
-0.117712 0.471288 -0.10659 
-0.108188 -0.10659 0.361616 
0.315637 -0.127376 -0.118624 
-0.127376 0.507631 -0.116083 
-0.118624 -0.116083 0.397924 
0.332962 -0.13506 -0.125777 
-0.13506 0.5358 -0.121991 
-0.125777 -0.121991 0.421071 
0.345291 -0.141027 -0.131118 
-0.141027 0.557096 -0.126087 
-0.131118 -0.126087 0.437806 
0.356249 -0.146464 -0.135946 
-0.146464 0.576292 -0.129697 
-0.135946 -0.129697 0.452769 
0.367471 -0.152003 -0.14087 
-0.152003 0.595897 -0.133416 
-0.14087 -0.133416 0.468035 
0.379568 -0.157896 -0.146126 
-0.157896 0.616895 -0.137466 
-0.146126 -0.137466 0.484385 
0.392766 -0.164241 -0.151803 
-0.164241 0.63966 -0.141926 
-0.151803 -0.141926 0.502115 
0.407172 -0.171086 -0.157946 
-0.171086 0.664373 -0.146834 
-0.157946 -0.146834 0.521364 
0.422859 -0.178469 -0.164587 
-0.178469 0.691162 -0.152214 
-0.164587 -0.152214 0.542235 
0.4399 -0.186422 -0.171755 
-0.186422 0.720149 -0.15809 
-0.171755 -0.15809 0.56482 
0.458363 -0.194979 -0.179482 
-0.194979 0.751455 -0.164485 
-0.179482 -0.164485 0.589215 
0.478321 -0.204174 -0.187796 
-0.204174 0.785203 -0.171425 
-0.187796 -0.171425 0.615516 
0.499848 -0.21404 -0.196729 
-0.21404 0.821517 -0.178935 
-0.196729 -0.178935 0.64382 
0.523016 -0.224611 -0.206311 
-0.224611 0.86052 -0.187039 
-0.206311 -0.187039 0.674223 
0.547896 -0.235918 -0.216571 
-0.235918 0.902331 -0.195763 
-0.216571 -0.195763 0.706818 
0.574556 -0.247992 -0.227535 
-0.247992 0.947064 -0.205131 
-0.227535 -0.205131 0.741694 
0.60306 -0.260859 -0.23923 
-0.260859 0.994823 -0.215165 
-0.23923 -0.215165 0.778933 
0.633463 -0.274545 -0.251676 
-0.274545 1.0457 -0.225885 
-0.251676 -0.225885 0.818606 
0.665811 -0.289066 -0.264892 
-0.289066 1.09977 -0.237308 
-0.264892 -0.237308 0.86077 
0.700137 -0.304436 -0.278889 
-0.304436 1.15707 -0.249446 
-0.278889 -0.249446 0.905468 
0.736459 -0.320659 -0.293671 
-0.320659 1.21765 -0.262307 
-0.293671 -0.262307 0.952719 
0.774775 -0.337732 -0.309238 
-0.337732 1.28149 -0.275892 
-0.309238 -0.275892 1.00252 
0.815063 -0.35564 -0.325574 
-0.35564 1.34854 -0.290193 
-0.325574 -0.290193 1.05483 
0.857273 -0.374355 -0.342659 
-0.374355 1.41871 -0.305197 
-0.342659 -0.305197 1.10958 
0.901328 -0.393838 -0.360455 
-0.393838 1.49188 -0.320877 
-0.360455 -0.320877 1.16667 
0.947115 -0.414033 -0.378914 
-0.414033 1.56783 -0.337198 
-0.378914 -0.337198 1.22595 
0.994492 -0.434868 -0.397971 
-0.434868 1.64632 -0.35411 
-0.397971 -0.35411 1.28721 
1.04327 -0.456254 -0.417547 
-0.456254 1.72703 -0.371552 
-0.417547 -0.371552 1.35021 
1.09324 -0.478083 -0.437547 
-0.478083 1.80957 -0.389449 
-0.437547 -0.389449 1.41465 
1.14412 -0.50023 -0.457856 
-0.50023 1.8935 -0.407713 
-0.457856 -0.407713 1.48018 
1.19562 -0.522551 -0.478347 
-0.522551 1.97829 -0.42624 
-0.478347 -0.42624 1.54639 
1.2474 -0.544885 -0.498876 
-0.544885 2.06337 -0.444916 
-0.498876 -0.444916 1.61284 
1.29909 -0.567055 -0.519283 
-0.567055 2.14809 -0.463611 
-0.519283 -0.463611 1.67902 
1.35027 -0.588871 -0.539396 
-0.588871 2.23176 -0.482189 
-0.539396 -0.482189 1.74439 
1.40053 -0.610133 -0.559037 
-0.610133 2.31365 -0.500502 
-0.559037 -0.500502 1.80838 
1.44941 -0.630632 -0.578017 
-0.630632 2.393 -0.518396 
-0.578017 -0.518396 1.8704 
1.49647 -0.650157 -0.596145 
-0.650157 2.46903 -0.535715 
-0.596145 -0.535715 1.92985 
1.54123 -0.668496 -0.613231 
-0.668496 2.54099 -0.552302 
-0.613231 -0.552302 1.98613 
1.58327 -0.685446 -0.62909 
-0.685446 2.6081 -0.568004 
-0.62909 -0.568004 2.03864 
1.62216 -0.70081 -0.643545 
-0.70081 2.66966 -0.582675 
-0.643545 -0.582675 2.08683 
1.65751 -0.71441 -0.656435 
-0.71441 2.72501 -0.596177 
-0.656435 -0.596177 2.13018 
1.68895 -0.726082 -0.667612 
-0.726082 2.77354 -0.608389 
-0.667612 -0.608389 2.16823 
1.71619 -0.73569 -0.676952 
-0.73569 2.81474 -0.619202 
-0.676952 -0.619202 2.20056 
1.73898 -0.74312 -0.684351 
-0.74312 2.84819 -0.62853 
-0.684351 -0.62853 2.22686 
1.75711 -0.748287 -0.689732 
-0.748287 2.87357 -0.636303 
-0.689732 -0.636303 2.24688 
1.77047 -0.751136 -0.693044 
-0.751136 2.89066 -0.642475 
-0.693044 -0.642475 2.26044 
1.77899 -0.751641 -0.694263 
-0.751641 2.89938 -0.647022 
-0.694263 -0.647022 2.26747 
1.78266 -0.749807 -0.693391 
-0.749807 2.89971 -0.649941 
-0.693391 -0.649941 2.26797 
1.78155 -0.745667 -0.690458 
-0.745667 2.89177 -0.651249 
-0.690458 -0.651249 2.26202 
1.77576 -0.739278 -0.685515 
-0.739278 2.87577 -0.650986 
-0.685515 -0.650986 2.24979 
1.76548 -0.730727 -0.678637 
-0.730727 2.852 -0.649206 
-0.678637 -0.649206 2.2315 
1.75091 -0.720116 -0.669917 
-0.720116 2.82083 -0.64598 
-0.669917 -0.64598 2.20745 
1.7323 -0.707571 -0.659465 
-0.707571 2.7827 -0.641393 
-0.659465 -0.641393 2.17797 
1.70995 -0.693228 -0.647404 
-0.693228 2.7381 -0.635539 
-0.647404 -0.635539 2.14345 
1.68415 -0.677237 -0.633866 
-0.677237 2.68758 -0.628521 
-0.633866 -0.628521 2.10431 
1.65523 -0.659756 -0.618993 
-0.659756 2.63168 -0.620445 
-0.618993 -0.620445 2.06099 
1.62352 -0.640947 -0.602928 
-0.640947 2.57098 -0.611423 
-0.602928 -0.611423 2.01393 
1.58936 -0.620975 -0.585817 
-0.620975 2.50608 -0.601564 
-0.585817 -0.601564 1.96359 
1.55308 -0.600006 -0.567806 
-0.600006 2.43754 -0.590975 
-0.567806 -0.590975 1.91042 
1.51501 -0.5782 -0.549035 
-0.5782 2.36594 -0.579761 
-0.549035 -0.579761 1.85488 
1.47544 -0.555715 -0.529641 
-0.555715 2.29182 -0.568018 
-0.529641 -0.568018 1.79738 
1.43469 -0.532703 -0.509754 
-0.532703 2.21569 -0.555835 
-0.509754 -0.555835 1.73834 
1.39302 -0.509309 -0.489497 
-0.509309 2.13806 -0.543294 
-0.489497 -0.543294 1.67816 
1.35069 -0.48567 -0.46898 
-0.48567 2.05937 -0.530464 
-0.46898 -0.530464 1.61719 
1.30795 -0.461914 -0.448306 
-0.461914 1.98005 -0.517406 
-0.448306 -0.517406 1.55579 
1.26501 -0.438162 -0.427566 
-0.438162 1.90047 -0.504167 
-0.427566 -0.504167 1.49428 
1.22209 -0.414526 -0.406837 
-0.414526 1.82099 -0.490785 
-0.406837 -0.490785 1.43297 
1.17937 -0.391109 -0.386183 
-0.391109 1.74191 -0.477284 
-0.386183 -0.477284 1.37215 
1.13706 -0.368006 -0.365653 
-0.368006 1.66352 -0.463677 
-0.365653 -0.463677 1.31211 
1.09535 -0.345305 -0.345281 
-0.345305 1.58607 -0.449968 
-0.345281 -0.449968 1.25314 
1.05444 -0.323085 -0.325083 
-0.323085 1.50978 -0.43615 
-0.325083 -0.43615 1.19552 
1.01457 -0.301421 -0.305054 
-0.301421 1.43487 -0.42221 
-0.305054 -0.42221 1.13958 
0.975986 -0.280377 -0.285172 
-0.280377 1.36153 -0.408127 
-0.285172 -0.408127 1.08565 
0.939002 -0.260014 -0.265388 
-0.260014 1.28996 -0.393876 
-0.265388 -0.393876 1.03413 
0.903975 -0.240386 -0.245636 
-0.240386 1.22035 -0.379435 
-0.245636 -0.379435 0.985428 
0.871326 -0.221536 -0.22582 
-0.221536 1.15289 -0.364779 
-0.22582 -0.364779 0.940049 
0.841544 -0.203506 -0.205824 
-0.203506 1.08779 -0.349891 
-0.205824 -0.349891 0.898535 
0.815187 -0.186328 -0.18551 
-0.186328 1.02527 -0.334762 
-0.18551 -0.334762 0.861494 
0.792876 -0.170025 -0.164723 
-0.170025 0.965578 -0.319394 
-0.164723 -0.319394 0.829584 
0.775277 -0.154613 -0.143292 
-0.154613 0.908947 -0.303803 
-0.143292 -0.303803 0.803496 
0.763089 -0.140102 -0.121043 
-0.140102 0.855635 -0.288019 
-0.121043 -0.288019 0.783935 
0.757003 -0.12649 -0.0978054 
-0.12649 0.805896 -0.272089 
-0.0978054 -0.272089 0.771588 
0.757676 -0.11377 -0.0734209 
-0.11377 0.759969 -0.256075 
-0.0734209 -0.256075 0.767086 
0.765685 -0.101923 -0.0477568 
-0.101923 0.718073 -0.240054 
-0.0477568 -0.240054 0.770966 
0.781491 -0.0909265 -0.0207153 
-0.0909265 0.680387 -0.224112 
-0.0207153 -0.224112 0.783634 
0.8054 -0.0807499 0.00775695 
-0.0807499 0.647041 -0.208344 
0.00775695 -0.208344 0.805327 
0.837531 -0.0713576 0.0376618 
-0.0713576 0.618104 -0.192849 
0.0376618 -0.192849 0.836084 
0.877801 -0.0627099 0.0689455 
-0.0627099 0.593574 -0.177724 
0.0689455 -0.177724 0.875734 
0.925913 -0.0547643 0.101498 
-0.0547643 0.573378 -0.163062 
0.101498 -0.163062 0.923886 
0.981364 -0.0474769 0.135157 
-0.0474769 0.55737 -0.148946 
0.135157 -0.148946 0.979942 
1.04346 -0.0408033 0.169712 
-0.0408033 0.545334 -0.135447 
0.169712 -0.135447 1.04311 
1.11135 -0.0346999 0.204916 
-0.0346999 0.536991 -0.122625 
0.204916 -0.122625 1.11246 
1.18404 -0.0291243 0.240491 
-0.0291243 0.532016 -0.110521 
0.240491 -0.110521 1.18691 
1.26048 -0.0240361 0.276145 
-0.0240361 0.530042 -0.0991636 
0.276145 -0.0991636 1.26532 
1.33953 -0.0193975 0.311577 
-0.0193975 0.530679 -0.0885664 
0.311577 -0.0885663 1.3465 
1.42008 -0.0151731 0.346491 
-0.0151731 0.533522 -0.0787295 
0.346491 -0.0787295 1.42926 
1.50101 -0.0113303 0.380601 
-0.0113303 0.538168 -0.069642 
0.380601 -0.069642 1.51245 
1.58126 -0.0078393 0.413637 
-0.0078393 0.544221 -0.0612833 
0.413637 -0.0612833 1.59494 
1.65982 -0.00467309 0.445352 
-0.00467309 0.551301 -0.0536255 
0.445352 -0.0536255 1.67571 
1.73577 -0.00180723 0.47552 
-0.00180723 0.55905 -0.0466353 
0.47552 -0.0466353 1.75381 
1.80826 0.00078012 0.503942 
0.00078012 0.567135 -0.0402756 
0.503942 -0.0402756 1.82835 
1.87651 0.00310839 0.530437 
0.00310839 0.575249 -0.0345073 
0.530437 -0.0345073 1.89856 
1.93986 0.00519466 0.554848 
0.00519466 0.583113 -0.0292902 
0.554848 -0.0292902 1.96374 
1.99766 0.0070537 0.577035 
0.0070537 0.590474 -0.0245847 
0.577035 -0.0245846 2.02327 
2.04936 0.00869812 0.596871 
0.00869812 0.597105 -0.0203517 
0.596871 -0.0203517 2.07658 
2.09446 0.0101384 0.614244 
0.0101384 0.602799 -0.016554 
0.614244 -0.016554 2.12317 
2.13249 0.0113827 0.629046 
0.0113827 0.607372 -0.0131561 
0.629046 -0.0131561 2.16258 
2.16302 0.0124373 0.64118 
0.0124373 0.61066 -0.0101242 
0.64118 -0.0101242 2.19439 
2.18564 0.0133063 0.650551 
0.0133063 0.612515 -0.00742687 
0.650551 -0.00742685 2.21822 
2.19999 0.0139913 0.657067 
0.0139913 0.61281 -0.00503408 
0.657067 -0.00503406 2.23372 
2.20572 0.0144919 0.66064 
0.0144919 0.611434 -0.00291751 
0.66064 -0.00291749 2.24056 
2.2025 0.0148055 0.661186 
0.0148055 0.608298 -0.00104994 
0.661186 -0.00104992 2.23847 
2.19006 0.0149269 0.65863 
0.0149269 0.603334 0.000595176 
0.65863 0.000595191 2.22721 
2.16818 0.0148485 0.652904 
0.0148485 0.596505 0.0020442 
0.652904 0.00204421 2.20662 
2.13668 0.0145604 0.643959 
0.0145604 0.587804 0.00332386 
0.643959 0.00332388 2.17659 
2.0955 0.0140503 0.631767 
0.0140503 0.577264 0.00446186 
0.631767 0.00446187 2.13714 
2.04468 0.0133035 0.616331 
0.0133035 0.564965 0.00548733 
0.616331 0.00548734 2.08843 
1.98442 0.0123033 0.597693 
0.0123033 0.55104 0.00643137 
0.597693 0.00643138 2.03074 
1.91507 0.0110317 0.575942 
0.0110317 0.535684 0.00732733 
0.575942 0.00732735 1.96458 
1.8372 0.0094695 0.551229 
0.0094695 0.519157 0.00821093 
0.551229 0.00821094 1.89065 
1.75159 0.00759766 0.523765 
0.00759766 0.501788 0.00912003 
0.523765 0.00912004 1.80991 
1.65927 0.0053983 0.493838 
0.0053983 0.483974 0.0100941 
0.493838 0.0100941 1.72355 
1.56151 0.00285629 0.461806 
0.00285629 0.46617 0.0111731 
0.461806 0.0111731 1.63299 
1.45978 -3.90223e-05 0.4281 
-3.90223e-05 0.448881 0.0123962 
0.4281 0.0123962 1.53989 
1.35577 -0.00329184 0.393214 
-0.00329184 0.432637 0.0137996 
0.393214 0.0137996 1.44605 
1.25127 -0.00689785 0.357693 
-0.00689785 0.417967 0.0154143 
0.357693 0.0154143 1.35338 
1.14815 -0.0108424 0.322111 
-0.0108424 0.40537 0.0172637 
0.322111 0.0172637 1.2638 
1.04825 -0.0150991 0.287049 
-0.0150991 0.395278 0.0193612 
0.287049 0.0193612 1.17914 
0.953262 -0.0196285 0.253067 
-0.0196285 0.388024 0.0217079 
0.253067 0.0217079 1.10102 
0.864679 -0.0243785 0.220674 
-0.0243785 0.383814 0.0242916 
0.220674 0.0242916 1.03078 
0.783688 -0.0292852 0.19031 
-0.0292852 0.382703 0.027086 
0.19031 0.027086 0.969369 
0.711121 -0.0342743 0.162319 
-0.0342743 0.38459 0.0300517 
0.162319 0.0300517 0.917311 
0.647423 -0.0392644 0.136942 
-0.0392644 0.389224 0.0331377 
0.136942 0.0331377 0.874685 
0.592655 -0.0441704 0.114309 
-0.0441704 0.396215 0.0362841 
0.114309 0.0362841 0.841141 
0.546524 -0.0489073 0.0944461 
-0.0489073 0.405068 0.0394257 
0.0944461 0.0394257 0.815954 
0.508443 -0.0533938 0.0772863 
-0.0533938 0.415214 0.0424959 
0.0772863 0.0424959 0.798103 
0.477595 -0.0575562 0.0626856 
-0.0575562 0.426053 0.0454298 
0.0626856 0.0454298 0.786362 
0.45302 -0.0613308 0.0504429 
-0.0613308 0.436988 0.0481681 
0.0504429 0.0481681 0.779399 
0.433682 -0.0646658 0.0403202 
-0.0646658 0.447455 0.0506595 
0.0403202 0.0506595 0.775865 
0.418544 -0.0675227 0.0320609 
-0.0675227 0.456955 0.052862 
0.0320609 0.052862 0.774471 
0.40662 -0.069876 0.0254064 
-0.069876 0.465066 0.0547446 
0.0254064 0.0547446 0.774047 
0.397013 -0.0717128 0.020108 
-0.0717128 0.471456 0.0562866 
0.020108 0.0562866 0.773581 
0.38894 -0.0730315 0.0159358 
-0.0730315 0.47588 0.0574775 
0.0159358 0.0574775 0.772238 
0.381745 -0.0738402 0.0126842 
-0.0738402 0.47818 0.0583161 
0.0126842 0.0583161 0.769364 
0.374895 -0.0741555 0.0101739 
-0.0741555 0.478276 0.0588088 
0.0101739 0.0588088 0.76448 
0.367981 -0.0739999 0.00825281 
-0.0739999 0.476154 0.0589685 
0.00825281 0.0589685 0.757265 
0.360697 -0.0734009 0.00679408 
-0.0734009 0.471857 0.0588131 
0.00679408 0.0588131 0.747536 
0.352832 -0.0723895 0.00569409 
-0.0723895 0.465474 0.0583643 
0.00569409 0.0583643 0.735226 
0.344256 -0.0709985 0.00486953 
-0.0709985 0.457126 0.0576463 
0.00486953 0.0576463 0.720359 
0.334898 -0.0692621 0.00425445 
-0.0692621 0.446961 0.0566851 
0.00425445 0.0566851 0.703037 
0.324742 -0.0672148 0.00379732 
-0.0672148 0.435141 0.0555075 
0.00379732 0.0555075 0.683413 
0.313808 -0.064891 0.00345843 
-0.064891 0.421845 0.0541406 
0.00345843 0.0541406 0.661683 
0.302148 -0.0623248 0.00320754 
-0.0623248 0.407252 0.0526112 
0.00320754 0.0526112 0.638073 
0.289836 -0.0595492 0.0030219 
-0.0595492 0.391548 0.0509458 
0.0030219 0.0509458 0.612826 
0.276959 -0.0565967 0.00288457 
-0.0565967 0.374918 0.04917 
0.00288457 0.04917 0.586195 
0.263617 -0.0534988 0.0027831 
-0.0534988 0.357543 0.0473084 
0.0027831 0.0473084 0.558442 
0.249915 -0.0502858 0.0027084 
-0.0502858 0.339601 0.0453847 
0.0027084 0.0453847 0.529827 
0.235962 -0.0469875 0.00265394 
-0.0469875 0.321264 0.0434211 
0.00265394 0.0434211 0.500609 
0.221866 -0.0436323 0.00261504 
-0.0436323 0.302701 0.0414387 
0.00261504 0.0414387 0.471039 
0.207738 -0.0402481 0.00258833 
-0.0402481 0.28407 0.0394571 
0.00258833 0.0394571 0.441363 
0.193682 -0.0368615 0.00257141 
-0.0368615 0.265522 0.037494 
0.00257141 0.037494 0.411815 
0.179799 -0.0334984 0.00256245 
-0.0334984 0.2472 0.0355659 
0.00256245 0.0355659 0.382618 
0.166187 -0.0301833 0.00256006 
-0.0301833 0.229236 0.033687 
0.00256006 0.033687 0.353978 
0.152934 -0.0269396 0.00256304 
-0.0269396 0.21175 0.0318696 
0.00256304 0.0318696 0.326089 
0.14012 -0.0237897 0.00257027 
-0.0237897 0.194851 0.0301239 
0.00257027 0.0301239 0.299123 
0.12782 -0.0207541 0.00258064 
-0.0207541 0.178634 0.0284579 
0.00258064 0.0284579 0.273234 
0.116094 -0.0178519 0.00259295 
-0.0178519 0.163181 0.0268769 
0.00259295 0.0268769 0.248554 
0.104995 -0.0151004 0.00260592 
-0.0151004 0.148556 0.0253842 
0.00260592 0.0253842 0.225194 
0.0945653 -0.0125147 0.00261812 
-0.0125147 0.134811 0.0239806 
0.00261812 0.0239806 0.203238 
0.0848328 -0.010108 0.00262806 
-0.010108 0.12198 0.0226645 
0.00262806 0.0226645 0.182746 
0.0758161 -0.00789089 0.00263412 
-0.00789089 0.110081 0.0214324 
0.00263412 0.0214324 0.163755 
0.0675217 -0.00587134 0.00263468 
-0.00587134 0.0991168 0.0202787 
0.00263468 0.0202787 0.146277 
0.0599449 -0.0040547 0.00262813 
-0.0040547 0.0890764 0.0191965 
0.00262813 0.0191965 0.130298 
0.0530708 -0.00244339 0.00261294 
-0.00244339 0.0799347 0.0181778 
0.00261294 0.0181778 0.115786 
0.0468754 -0.00103689 0.00258777 
-0.00103689 0.0716551 0.0172139 
0.00258777 0.0172139 0.102688 
0.0413264 0.000168281 0.00255154 
0.000168281 0.0641912 0.0162961 
0.00255154 0.0162961 0.0909333 
0.036385 0.00117852 0.00250349 
0.00117852 0.0574895 0.015416 
0.00250349 0.015416 0.0804398 
0.0320075 0.00200303 0.00244325 
0.00200303 0.0514911 0.0145665 
0.00244325 0.0145665 0.0711143 
0.0281471 0.00265354 0.00237091 
0.00265354 0.0461347 0.0137415 
0.00237091 0.0137415 0.0628582 
0.0247554 0.00314401 0.00228702 
0.00314401 0.0413589 0.0129367 
0.00228702 0.0129367 0.0555701 
0.0217842 0.0034902 0.00219257 
0.0034902 0.0371038 0.0121497 
0.00219257 0.0121497 0.0491497 
0.0191868 0.00370918 0.00208898 
0.00370918 0.0333133 0.0113801 
0.00208898 0.0113801 0.0435007 
0.0169191 0.00381879 0.00197804 
0.00381879 0.029936 0.0106291 
0.00197804 0.0106291 0.0385327 
0.0149407 0.00383703 0.00186178 
0.00383703 0.0269259 0.00989941 
0.00186178 0.00989941 0.0341636 
0.0132151 0.00378155 0.00174239 
0.00378155 0.0242429 0.00919507 
0.00174239 0.00919507 0.0303198 
0.0117101 0.00366912 0.0016221 
0.00366912 0.0218527 0.00852061 
0.0016221 0.00852061 0.0269368 
0.0103976 0.00351516 0.00150307 
0.00351516 0.0197258 0.00788081 
0.00150307 0.00788081 0.0239591 
0.00925359 0.00333344 0.00138728 
0.00333344 0.0178374 0.00728022 
0.00138728 0.00728022 0.0213389 
0.00825733 0.00313587 0.00127645 
0.00313587 0.0161661 0.00672274 
0.00127645 0.00672274 0.0190358 
0.00739127 0.00293233 0.00117199 
0.00293233 0.0146934 0.00621139 
0.00117199 0.00621139 0.0170151 
0.00664026 0.00273076 0.00107498 
0.00273076 0.0134027 0.00574806 
0.00107498 0.00574806 0.0152469 
0.00599123 0.00253721 0.000986139 
0.00253721 0.0122786 0.00533349 
0.000986139 0.00533349 0.0137051 
0.00543269 0.00235601 0.000905864 
0.00235601 0.0113068 0.00496731 
0.000905864 0.00496731 0.0123665 
0.00495443 0.00218999 0.000834255 
0.00218999 0.0104737 0.00464809 
0.000834255 0.00464809 0.0112102 
0.00454731 0.00204074 0.000771163 
0.00204074 0.00976581 0.00437355 
0.000771163 0.00437355 0.0102169 
0.004203 0.00190884 0.000716235 
0.00190884 0.00917044 0.00414076 
0.000716235 0.00414076 0.00936902 
0.00391393 0.00179411 0.000668972 
0.00179411 0.00867519 0.00394627 
0.000668972 0.00394627 0.00865003 
0.00367319 0.00169577 0.000628771 
0.00169577 0.00826827 0.0037864 
0.000628771 0.0037864 0.00804471 
0.00347446 0.0016127 0.00059497 
0.0016127 0.00793855 0.00365733 
0.00059497 0.00365733 0.00753897 
0.00331204 0.00154352 0.000566886 
0.00154352 0.00767567 0.00355528 
0.000566886 0.00355528 0.00711988 
0.00318075 0.00148677 0.000543839 
0.00148677 0.00747007 0.00347661 
0.000543839 0.00347661 0.00677564 
0.00307598 0.00144094 0.000525177 
0.00144094 0.0073131 0.00341792 
0.000525177 0.00341792 0.0064956 
0.00299363 0.00140458 0.000510289 
0.00140458 0.00719698 0.00337607 
0.000510289 0.00337607 0.00627025 
0.00293008 0.00137632 0.000498615 
0.00137632 0.00711483 0.00334823 
0.000498615 0.00334823 0.00609111 
0.00288217 0.00135492 0.000489649 
0.00135492 0.00706062 0.00333191 
0.000489649 0.00333191 0.00595077 
0.00284718 0.00133924 0.000482944 
0.00133924 0.00702913 0.00332491 
0.000482944 0.00332491 0.00584276 
0.00282275 0.00132829 0.000478108 
0.00132829 0.00701586 0.00332535 
0.000478108 0.00332535 0.00576148 
0.00280688 0.00132121 0.000474801 
0.00132121 0.007017 0.0033316 
0.000474801 0.0033316 0.00570215 
0.00279789 0.00131725 0.000472732 
0.00131725 0.00702936 0.00334232 
0.000472732 0.00334232 0.00566068 
0.00279434 0.00131578 0.000471655 
0.00131578 0.00705026 0.00335637 
0.000471655 0.00335637 0.00563362 
0.00279506 0.00131626 0.000471361 
0.00131626 0.00707749 0.00337281 
0.000471361 0.00337281 0.00561809 
0.00279906 0.00131825 0.00047168 
0.00131825 0.00710924 0.00339088 
0.00047168 0.00339088 0.00561168 
0.00280555 0.00132138 0.000472466 
0.00132138 0.00714405 0.00340997 
0.000472466 0.00340997 0.00561239 
0.00281385 0.00132535 0.000473602 
0.00132535 0.00718075 0.00342958 
0.000473602 0.00342958 0.00561857 
0.00282344 0.00132991 0.000474993 
0.00132991 0.00721839 0.00344933 
0.000474993 0.00344933 0.00562889 
0.00283388 0.00133487 0.000476561 
0.00133487 0.00725626 0.00346892 
0.000476561 0.00346892 0.00564224 
0.00284485 0.00134006 0.000478245 
0.00134006 0.00729379 0.00348812 
0.000478245 0.00348812 0.00565774 
0.00285607 0.00134537 0.000479995 
0.00134537 0.00733054 0.00350677 
0.000479995 0.00350677 0.0056747 
0.00286734 0.00135069 0.000481772 
0.00135069 0.00736622 0.00352473 
0.000481772 0.00352473 0.00569255 
0.00287849 0.00135596 0.000483547 
0.00135596 0.00740059 0.00354194 
0.000483547 0.00354194 0.00571084 
0.0028894 0.00136111 0.000485297 
0.00136111 0.00743351 0.00355834 
0.000485297 0.00355834 0.00572923 
0.00289999 0.00136611 0.000487005 
0.00136611 0.00746487 0.0035739 
0.000487005 0.0035739 0.00574746 
0.0029102 0.00137092 0.000488659 
0.00137092 0.00749463 0.00358861 
0.000488659 0.00358861 0.00576534 
0.00291997 0.00137554 0.000490249 
0.00137554 0.00752277 0.00360248 
0.000490249 0.00360248 0.0057827 
0.00292929 0.00137993 0.00049177 
0.00137993 0.00754931 0.00361552 
0.00049177 0.00361552 0.00579946 
0.00293814 0.00138411 0.000493219 
0.00138411 0.00757428 0.00362776 
0.000493219 0.00362776 0.00581554 
0.00294652 0.00138806 0.000494594 
0.00138806 0.00759772 0.00363923 
0.000494594 0.00363923 0.00583089 
0.00295443 0.00139179 0.000495895 
0.00139179 0.00761969 0.00364997 
0.000495895 0.00364997 0.0058455 
0.00296189 0.0013953 0.000497123 
0.0013953 0.00764026 0.00366 
0.000497123 0.00366 0.00585934 
0.0029689 0.00139861 0.000498279 
0.00139861 0.00765948 0.00366936 
0.000498279 0.00366936 0.00587243 
0.00297548 0.00140171 0.000499366 
0.00140171 0.00767745 0.00367809 
0.000499366 0.00367809 0.00588478 
0.00298165 0.00140462 0.000500387 
0.00140462 0.00769421 0.00368624 
0.000500387 0.00368624 0.00589642 
0.00298742 0.00140734 0.000501344 
0.00140734 0.00770986 0.00369383 
0.000501344 0.00369383 0.00590735 
0.00299283 0.00140989 0.000502241 
0.00140989 0.00772444 0.0037009 
0.000502241 0.0037009 0.00591762 
0.00299789 0.00141227 0.00050308 
0.00141227 0.00773804 0.00370749 
0.00050308 0.00370749 0.00592726 
0.00300262 0.0014145 0.000503865 
0.0014145 0.00775071 0.00371362 
0.000503865 0.00371362 0.00593629 
