4,250
1 0.32906 0.668224 1.48145 
2 0.499944 0.864783 1.73019 
3 0.719856 1.12866 2.10064 
4 0.969333 1.43424 2.5477 
5 1.23638 1.76607 3.04444 
6 1.51312 2.11461 3.57502 
7 1.7933 2.47326 4.12964 
8 2.06996 2.83582 4.70062 
9 2.33285 3.19356 5.27787 
10 2.56502 3.53119 5.84227 
11 2.74063 3.82268 6.35689 
12 2.83058 4.03322 6.76442 
13 2.82341 4.13794 7.01028 
14 2.74732 4.14973 7.0905 
15 2.65581 4.11664 7.06494 
16 2.58697 4.08323 7.00603 
17 2.54873 4.06737 6.95349 
18 2.53305 4.0679 6.9159 
19 2.53021 4.07838 6.8891 
20 2.5338 4.09354 6.86746 
21 2.54067 4.11042 6.8472 
22 2.54957 4.12764 6.82621 
23 2.56018 4.14466 6.8033 
24 2.57256 4.16129 6.77767 
25 2.58688 4.17755 6.7486 
26 2.60336 4.19352 6.71534 
27 2.62218 4.20939 6.67711 
28 2.64345 4.22546 6.63307 
29 2.6672 4.24213 6.5824 
30 2.69329 4.2599 6.52434 
31 2.72147 4.27943 6.45824 
32 2.75126 4.30146 6.38364 
33 2.78201 4.32682 6.30034 
34 2.81288 4.3564 6.20848 
35 2.84286 4.39104 6.10857 
36 2.87086 4.43152 6.00149 
37 2.89571 4.4785 5.8885 
38 2.91633 4.53239 5.77116 
39 2.9317 4.59339 5.65123 
40 2.94103 4.66141 5.53061 
41 2.94374 4.73609 5.41121 
42 2.93952 4.81681 5.29485 
43 2.92832 4.9027 5.18322 
44 2.91034 4.99269 5.07781 
45 2.88605 5.08553 4.97992 
46 2.85608 5.17978 4.89067 
47 2.82129 5.27386 4.81105 
48 2.78267 5.366 4.74199 
49 2.74137 5.45421 4.68439 
50 2.6987 5.53625 4.63922 
51 2.65614 5.60958 4.60757 
52 2.61535 5.67131 4.59067 
53 2.57817 5.71819 4.58995 
54 2.54662 5.74667 4.60691 
55 2.52286 5.75308 4.64305 
56 2.50903 5.7339 4.69961 
57 2.50709 5.68632 4.77722 
58 2.51845 5.60888 4.87545 
59 2.54366 5.50227 4.99238 
60 2.58205 5.3699 5.12429 
61 2.63153 5.21811 5.26575 
62 2.68875 5.05564 5.41008 
63 2.7495 4.8925 5.55028 
64 2.8094 4.73833 5.68011 
65 2.86464 4.60098 5.79495 
66 2.9124 4.48557 5.89225 
67 2.95112 4.39435 5.97145 
68 2.98037 4.32708 6.03356 
69 3.00057 4.28178 6.08055 
70 3.01268 4.25554 6.11488 
71 3.01791 4.24511 6.139 
72 3.0175 4.24735 6.15516 
73 3.01263 4.25948 6.16529 
74 3.0043 4.27914 6.17093 
75 2.99335 4.30444 6.1733 
76 2.98045 4.3339 6.17333 
77 2.96611 4.36639 6.17171 
78 2.95074 4.40105 6.16894 
79 2.93466 4.43724 6.16539 
80 2.91808 4.47451 6.16133 
81 2.90121 4.51249 6.15696 
82 2.88418 4.55091 6.15247 
83 2.86712 4.58955 6.14798 
84 2.85017 4.62819 6.14368 
85 2.83346 4.6666 6.13974 
86 2.81713 4.70447 6.13641 
87 2.80133 4.74141 6.13404 
88 2.78618 4.77684 6.13307 
89 2.77178 4.80995 6.13411 
90 2.75808 4.83958 6.13796 
91 2.74481 4.86413 6.14562 
92 2.73125 4.88139 6.15832 
93 2.71598 4.88853 6.17742 
94 2.69658 4.88198 6.20428 
95 2.66919 4.85764 6.24003 
96 2.62831 4.81118 6.28512 
97 2.56676 4.73877 6.33887 
98 2.4761 4.63805 6.3989 
99 2.34782 4.50923 6.46094 
100 2.17487 4.3558 6.51895 
101 1.95343 4.18462 6.56597 
102 1.68387 4.00485 6.5953 
103 1.37075 3.82627 6.60166 
104 1.02157 3.65743 6.582 
105 0.645029 3.50441 6.53547 
106 0.249312 3.37039 6.46301 
107 -0.158973 3.25589 6.36651 
108 -0.575258 3.1595 6.24813 
109 -0.996947 3.07855 6.10977 
110 -1.42309 3.00971 5.95267 
111 -1.85399 2.94938 5.77736 
112 -2.29072 2.89384 5.58359 
113 -2.73483 2.83941 5.37036 
114 -3.18792 2.78243 5.13616 
115 -3.65125 2.71926 4.87905 
116 -4.12534 2.64633 4.59709 
117 -4.60941 2.56029 4.28874 
118 -5.10084 2.45825 3.95344 
119 -5.59466 2.33815 3.59239 
120 -6.08327 2.19928 3.20917 
121 -6.55661 2.04276 2.81023 
122 -7.003 1.87183 2.40484 
123 -7.41065 1.69178 2.00425 
124 -7.76956 1.50937 1.62023 
125 -8.07327 1.33187 1.26322 
126 -8.3198 1.1659 0.940717 
127 -8.51163 1.01659 0.656331 
128 -8.65466 0.887034 0.409862 
129 -8.75677 0.778445 0.198053 
130 -8.82634 0.690495 0.0157253 
131 -8.87118 0.621908 -0.143111 
132 -8.89789 0.570973 -0.284401 
133 -8.91168 0.535959 -0.41351 
134 -8.9164 0.515366 -0.534969 
135 -8.91475 0.508057 -0.652409 
136 -8.90851 0.513291 -0.768605 
137 -8.89881 0.530691 -0.885573 
138 -8.88629 0.560187 -1.00467 
139 -8.87127 0.601924 -1.12666 
140 -8.85391 0.65617 -1.2518 
141 -8.83422 0.723209 -1.3799 
142 -8.81221 0.803241 -1.51032 
143 -8.78788 0.896277 -1.64203 
144 -8.76127 1.00205 -1.77365 
145 -8.73251 1.11995 -1.9035 
146 -8.70179 1.24895 -2.02972 
147 -8.6694 1.38763 -2.15032 
148 -8.63569 1.53422 -2.26337 
149 -8.6011 1.68662 -2.36707 
150 -8.56609 1.84257 -2.45996 
151 -8.53112 1.99976 -2.54091 
152 -8.49666 2.15598 -2.6093 
153 -8.46312 2.30921 -2.66494 
154 -8.43084 2.45776 -2.70813 
155 -8.40011 2.60033 -2.73952 
156 -8.3711 2.73597 -2.76008 
157 -8.34394 2.86412 -2.77099 
158 -8.31867 2.98456 -2.77351 
159 -8.29526 3.09734 -2.76898 
160 -8.27366 3.20271 -2.75865 
161 -8.25377 3.30109 -2.74374 
162 -8.23547 3.39299 -2.72531 
163 -8.21862 3.47897 -2.70434 
164 -8.20308 3.55963 -2.68166 
165 -8.1887 3.63554 -2.65799 
166 -8.17534 3.70726 -2.63394 
167 -8.16285 3.77532 -2.61005 
168 -8.1511 3.84023 -2.58676 
169 -8.13995 3.90242 -2.56447 
170 -8.12929 3.9623 -2.54352 
171 -8.119 4.02021 -2.52424 
172 -8.10897 4.07646 -2.50692 
173 -8.09912 4.13125 -2.4918 
174 -8.08938 4.18474 -2.47912 
175 -8.0797 4.23699 -2.46907 
176 -8.07006 4.28795 -2.46179 
177 -8.06048 4.3375 -2.45735 
178 -8.051 4.38539 -2.45573 
179 -8.04169 4.4313 -2.45682 
180 -8.03268 4.47485 -2.46039 
181 -8.02409 4.51562 -2.46612 
182 -8.01605 4.55322 -2.47358 
183 -8.00871 4.58729 -2.48228 
184 -8.00217 4.61757 -2.49172 
185 -7.99654 4.64391 -2.50139 
186 -7.99188 4.66629 -2.51083 
187 -7.9882 4.68482 -2.51966 
188 -7.98549 4.69968 -2.52758 
189 -7.98371 4.71118 -2.53441 
190 -7.98279 4.71964 -2.54004 
191 -7.98264 4.72543 -2.54448 
192 -7.98316 4.72893 -2.54777 
193 -7.98424 4.73048 -2.55004 
194 -7.9858 4.73043 -2.55147 
195 -7.9877 4.72908 -2.55226 
196 -7.98987 4.72672 -2.55263 
197 -7.99219 4.72359 -2.55285 
198 -7.99457 4.71993 -2.55317 
199 -7.99691 4.71594 -2.55391 
200 -7.9991 4.71182 -2.55535 
201 -8.00104 4.70775 -2.55781 
202 -8.00263 4.70392 -2.56162 
203 -8.00377 4.70051 -2.56711 
204 -8.00433 4.6977 -2.57458 
205 -8.00422 4.69565 -2.5843 
206 -8.00335 4.69453 -2.59649 
207 -8.00164 4.69448 -2.61128 
208 -7.99906 4.69561 -2.62867 
209 -7.99559 4.69798 -2.64851 
210 -7.99129 4.70161 -2.67051 
211 -7.98623 4.70642 -2.69418 
212 -7.98057 4.71231 -2.71893 
213 -7.97447 4.71908 -2.74406 
214 -7.96814 4.7265 -2.76883 
215 -7.96178 4.73433 -2.79254 
216 -7.95557 4.7423 -2.8146 
217 -7.9497 4.75019 -2.83454 
218 -7.94428 4.75781 -2.85204 
219 -7.93939 4.765 -2.86696 
220 -7.93509 4.77166 -2.87927 
221 -7.93138 4.77774 -2.88907 
222 -7.92824 4.78323 -2.89653 
223 -7.92565 4.78812 -2.90185 
224 -7.92355 4.79246 -2.9053 
225 -7.9219 4.79629 -2.9071 
226 -7.92064 4.79966 -2.90748 
227 -7.91972 4.80261 -2.90668 
228 -7.91909 4.80522 -2.90487 
229 -7.9187 4.80751 -2.90223 
230 -7.91852 4.80954 -2.8989 
231 -7.91852 4.81135 -2.89501 
232 -7.91865 4.81298 -2.89066 
233 -7.91891 4.81445 -2.88593 
234 -7.91925 4.81579 -2.8809 
235 -7.91968 4.81702 -2.87562 
236 -7.92018 4.81816 -2.87015 
237 -7.92073 4.81923 -2.86452 
238 -7.92132 4.82024 -2.85876 
239 -7.92194 4.8212 -2.8529 
240 -7.9226 4.82212 -2.84696 
241 -7.92327 4.82301 -2.84095 
242 -7.92397 4.82388 -2.8349 
243 -7.92468 4.82472 -2.8288 
244 -7.9254 4.82555 -2.82267 
245 -7.92613 4.82636 -2.81651 
246 -7.92687 4.82716 -2.81033 
247 -7.92761 4.82795 -2.80414 
248 -7.92836 4.82873 -2.79793 
249 -7.92911 4.82951 -2.79171 
250 -7.92987 4.83028 -2.78549 
