4,250
1 1.91082 2.68208 4.53096 
2 1.85556 2.61906 4.41946 
3 1.71309 2.43807 4.10007 
4 1.51815 2.18527 3.65413 
5 1.29208 1.88892 3.13143 
6 1.04784 1.56575 2.56147 
7 0.794548 1.22683 1.96379 
8 0.541603 0.882754 1.35702 
9 0.303327 0.549639 0.769599 
10 0.103596 0.256037 0.251837 
11 -0.0263936 0.0429164 -0.124086 
12 -0.0688769 -0.0596631 -0.305258 
13 -0.0450048 -0.0680999 -0.320643 
14 -0.000330054 -0.0356271 -0.264079 
15 0.0348429 -0.00380094 -0.208784 
16 0.0548576 0.015079 -0.176411 
17 0.0646701 0.0238498 -0.161945 
18 0.0695086 0.0275211 -0.156555 
19 0.0723437 0.0292405 -0.15469 
20 0.0744519 0.0304181 -0.153862 
21 0.0762846 0.0315592 -0.153177 
22 0.0779771 0.0328103 -0.152371 
23 0.0795621 0.0342014 -0.151384 
24 0.0810439 0.0357303 -0.150212 
25 0.0824185 0.0373871 -0.148861 
26 0.0836789 0.0391608 -0.147341 
27 0.0848168 0.0410399 -0.145657 
28 0.0858221 0.0430132 -0.143817 
29 0.0866834 0.0450693 -0.141824 
30 0.0873877 0.0471967 -0.13968 
31 0.0879209 0.0493838 -0.137386 
32 0.0882676 0.0516191 -0.134943 
33 0.0884113 0.0538905 -0.13235 
34 0.0883345 0.056186 -0.129602 
35 0.0880188 0.058493 -0.126698 
36 0.0874451 0.060799 -0.123632 
37 0.0865944 0.0630911 -0.120399 
38 0.0854469 0.0653561 -0.116994 
39 0.0839834 0.0675809 -0.113412 
40 0.0821852 0.069752 -0.109645 
41 0.0800343 0.071856 -0.105688 
42 0.0775144 0.0738796 -0.101536 
43 0.0746105 0.0758097 -0.0971847 
44 0.07131 0.0776333 -0.0926296 
45 0.0676028 0.0793381 -0.0878688 
46 0.0634818 0.0809122 -0.0829016 
47 0.0589432 0.0823445 -0.0777293 
48 0.0539869 0.0836248 -0.0723551 
49 0.0486165 0.0847437 -0.0667851 
50 0.0428398 0.0856931 -0.0610273 
51 0.0366688 0.0864659 -0.055093 
52 0.030119 0.0870562 -0.0489961 
53 0.0232102 0.0874596 -0.0427531 
54 0.0159655 0.0876724 -0.0363837 
55 0.00841102 0.0876926 -0.02991 
56 0.000575341 0.0875186 -0.0233567 
57 -0.00751114 0.0871501 -0.0167507 
58 -0.0158172 0.0865871 -0.0101212 
59 -0.0243114 0.0858299 -0.00349889 
60 -0.0329636 0.084879 0.00308408 
61 -0.0417454 0.0837343 0.00959438 
62 -0.0506318 0.0823951 0.015998 
63 -0.0596024 0.0808593 0.0222603 
64 -0.0686423 0.0791233 0.0283468 
65 -0.0777437 0.0771812 0.0342228 
66 -0.0869074 0.0750245 0.039854 
67 -0.096144 0.0726412 0.0452062 
68 -0.105475 0.0700157 0.050246 
69 -0.114936 0.0671278 0.05494 
70 -0.124575 0.0639526 0.0592554 
71 -0.134458 0.0604592 0.0631593 
72 -0.144666 0.0566108 0.0666185 
73 -0.155302 0.0523637 0.0695993 
74 -0.166486 0.0476672 0.0720668 
75 -0.178363 0.0424628 0.0739842 
76 -0.191096 0.0366841 0.0753124 
77 -0.204876 0.0302569 0.0760093 
78 -0.219913 0.0230989 0.0760283 
79 -0.236442 0.0151207 0.0753182 
80 -0.254717 0.00622592 0.0738215 
81 -0.275011 -0.0036869 0.0714744 
82 -0.297612 -0.0147229 0.0682049 
83 -0.322815 -0.0269882 0.0639332 
84 -0.350916 -0.0405872 0.0585705 
85 -0.382205 -0.0556181 0.0520193 
86 -0.416953 -0.0721692 0.0441737 
87 -0.455397 -0.0903128 0.0349201 
88 -0.49773 -0.1101 0.024139 
89 -0.544084 -0.131556 0.0117075 
90 -0.594512 -0.154671 -0.00249822 
91 -0.648976 -0.179396 -0.0185987 
92 -0.707331 -0.20564 -0.0367067 
93 -0.769318 -0.233264 -0.0569222 
94 -0.834553 -0.262079 -0.0793272 
95 -0.902528 -0.291848 -0.103981 
96 -0.972615 -0.322289 -0.130913 
97 -1.04408 -0.353078 -0.160123 
98 -1.1161 -0.38386 -0.191575 
99 -1.18778 -0.414257 -0.225196 
100 -1.25819 -0.443881 -0.260878 
101 -1.3264 -0.472343 -0.298477 
102 -1.39147 -0.49927 -0.337819 
103 -1.45253 -0.524311 -0.378705 
104 -1.50881 -0.547151 -0.420913 
105 -1.55958 -0.567516 -0.464205 
106 -1.60426 -0.585176 -0.508336 
107 -1.64238 -0.599953 -0.553056 
108 -1.67358 -0.611716 -0.598115 
109 -1.69763 -0.620379 -0.643269 
110 -1.7144 -0.6259 -0.68828 
111 -1.72386 -0.628274 -0.732919 
112 -1.72607 -0.627528 -0.776968 
113 -1.72117 -0.623715 -0.820216 
114 -1.70933 -0.616906 -0.86246 
115 -1.69081 -0.607188 -0.903503 
116 -1.66586 -0.594656 -0.943151 
117 -1.63479 -0.579409 -0.981211 
118 -1.59789 -0.561548 -1.01749 
119 -1.55547 -0.541172 -1.05177 
120 -1.50787 -0.518377 -1.08386 
121 -1.45538 -0.493251 -1.11353 
122 -1.39832 -0.465881 -1.14055 
123 -1.33701 -0.436346 -1.16465 
124 -1.27173 -0.404722 -1.18558 
125 -1.20281 -0.371082 -1.20305 
126 -1.13055 -0.3355 -1.21675 
127 -1.05527 -0.298053 -1.22636 
128 -0.977316 -0.258824 -1.23155 
129 -0.897032 -0.217909 -1.23198 
130 -0.814805 -0.175419 -1.22733 
131 -0.731052 -0.131487 -1.21725 
132 -0.646227 -0.0862699 -1.20145 
133 -0.560829 -0.0399607 -1.17967 
134 -0.475404 0.0072137 -1.15168 
135 -0.390546 0.054985 -1.11737 
136 -0.306889 0.103042 -1.07669 
137 -0.225111 0.151032 -1.0297 
138 -0.145911 0.19856 -0.976629 
139 -0.0700025 0.245196 -0.917818 
140 0.0019105 0.290485 -0.853777 
141 0.0691551 0.333957 -0.785169 
142 0.131115 0.375143 -0.712807 
143 0.187254 0.41359 -0.637633 
144 0.237145 0.448881 -0.560689 
145 0.28048 0.480652 -0.483087 
146 0.317093 0.508604 -0.405962 
147 0.346961 0.532516 -0.330431 
148 0.370202 0.552257 -0.257552 
149 0.387067 0.56778 -0.188278 
150 0.397923 0.579126 -0.123433 
151 0.403229 0.586412 -0.0636875 
152 0.403516 0.589826 -0.00954497 
153 0.399358 0.589609 0.0386578 
154 0.391348 0.586044 0.0807458 
155 0.38008 0.579442 0.116691 
156 0.366126 0.570127 0.146594 
157 0.350026 0.558429 0.170664 
158 0.332274 0.544668 0.189194 
159 0.313317 0.529155 0.202543 
160 0.293551 0.512181 0.211113 
161 0.273317 0.494015 0.215334 
162 0.252909 0.474904 0.215648 
163 0.232575 0.455073 0.212498 
164 0.21252 0.434722 0.206319 
165 0.192912 0.414033 0.19753 
166 0.173887 0.393166 0.186531 
167 0.155555 0.372265 0.1737 
168 0.138001 0.351456 0.15939 
169 0.121291 0.330855 0.143929 
170 0.105476 0.310562 0.127621 
171 0.0905925 0.290668 0.110744 
172 0.076666 0.271256 0.093555 
173 0.0637137 0.252398 0.0762856 
174 0.0517445 0.23416 0.0591472 
175 0.0407609 0.216602 0.0423301 
176 0.0307596 0.199774 0.0260053 
177 0.0217318 0.183721 0.0103242 
178 0.0136636 0.168484 -0.00457972 
179 0.00653639 0.154093 -0.0185911 
180 0.000326467 0.140573 -0.031612 
181 -0.00499469 0.127943 -0.0435615 
182 -0.00946059 0.116211 -0.0543758 
183 -0.0131097 0.105381 -0.0640078 
184 -0.0159856 0.0954455 -0.0724269 
185 -0.0181367 0.0863916 -0.0796188 
186 -0.019616 0.0781966 -0.0855855 
187 -0.020481 0.0708302 -0.0903447 
188 -0.0207931 0.0642543 -0.0939292 
189 -0.0206167 0.0584237 -0.0963863 
190 -0.0200188 0.0532869 -0.0977767 
191 -0.0190676 0.0487866 -0.0981736 
192 -0.0178318 0.0448618 -0.0976605 
193 -0.0163787 0.0414484 -0.0963301 
194 -0.0147737 0.038481 -0.0942816 
195 -0.0130783 0.0358945 -0.0916188 
196 -0.0113495 0.0336256 -0.0884471 
197 -0.00963805 0.0316144 -0.0848716 
198 -0.00798816 0.0298057 -0.0809942 
199 -0.00643657 0.0281499 -0.0769111 
200 -0.00501228 0.0266041 -0.0727114 
201 -0.00373663 0.0251324 -0.068475 
202 -0.00262351 0.0237058 -0.0642715 
203 -0.00167993 0.0223027 -0.0601598 
204 -0.000906837 0.0209076 -0.0561875 
205 -0.000299942 0.0195111 -0.0523915 
206 0.000149186 0.0181086 -0.0487983 
207 0.00045217 0.0166997 -0.0454254 
208 0.000622827 0.0152873 -0.0422818 
209 0.000676294 0.0138764 -0.0393699 
210 0.000628241 0.0124735 -0.0366862 
211 0.000494243 0.0110859 -0.0342229 
212 0.000289287 0.00972129 -0.031969 
213 2.73921e-05 0.00838691 -0.029911 
214 -0.000278638 0.00708952 -0.0280341 
215 -0.00061734 0.0058351 -0.0263229 
216 -0.000978668 0.00462867 -0.0247619 
217 -0.00135398 0.00347428 -0.0233357 
218 -0.00173598 0.00237503 -0.0220298 
219 -0.00211862 0.00133304 -0.0208305 
220 -0.00249698 0.000349581 -0.019725 
221 -0.00286719 -0.00057485 -0.0187017 
222 -0.00322623 -0.00144043 -0.0177502 
223 -0.00357187 -0.00224793 -0.0168608 
224 -0.00390252 -0.00299857 -0.0160252 
225 -0.00421715 -0.00369395 -0.015236 
226 -0.00451515 -0.004336 -0.0144865 
227 -0.0047963 -0.00492684 -0.0137711 
228 -0.00506064 -0.00546875 -0.0130848 
229 -0.00530846 -0.00596411 -0.0124232 
230 -0.0055402 -0.00641533 -0.0117825 
231 -0.00575643 -0.00682488 -0.0111596 
232 -0.00595782 -0.00719514 -0.0105516 
233 -0.00614508 -0.0075285 -0.00995623 
234 -0.00631898 -0.00782725 -0.0093714 
235 -0.00648027 -0.0080936 -0.00879539 
236 -0.00662974 -0.0083297 -0.00822671 
237 -0.00676813 -0.00853754 -0.0076641 
238 -0.00689618 -0.00871907 -0.00710652 
239 -0.0070146 -0.00887609 -0.00655304 
240 -0.00712407 -0.00901033 -0.00600291 
241 -0.00722524 -0.00912337 -0.00545549 
242 -0.00731871 -0.00921674 -0.00491023 
243 -0.00740505 -0.00929184 -0.00436668 
244 -0.0074848 -0.00934998 -0.00382446 
245 -0.00755845 -0.00939238 -0.00328324 
246 -0.00762649 -0.00942019 -0.00274276 
247 -0.00768933 -0.00943445 -0.0022028 
248 -0.00774738 -0.00943616 -0.00166318 
249 -0.00780102 -0.00942622 -0.00112374 
250 -0.00785057 -0.00940547 -0.000584363 
