3,3,75
1.2129 -0.567781 0.545669 
-0.567781 0.353785 -0.278781 
0.545669 -0.278781 0.30409 
1.21014 -0.566476 0.544398 
-0.566476 0.352971 -0.278138 
0.544398 -0.278138 0.303396 
1.20386 -0.5635 0.541492 
-0.5635 0.351116 -0.276669 
0.541492 -0.276669 0.301814 
1.19222 -0.557968 0.536071 
-0.557968 0.347667 -0.273936 
0.536071 -0.273936 0.298881 
1.17159 -0.548104 0.526326 
-0.548104 0.341517 -0.269049 
0.526326 -0.269049 0.293671 
1.13535 -0.530564 0.50873 
-0.530564 0.330576 -0.260317 
0.50873 -0.260317 0.284482 
1.0734 -0.499775 0.476845 
-0.499775 0.311357 -0.244828 
0.476845 -0.244828 0.268627 
0.979904 -0.449995 0.42129 
-0.449995 0.280223 -0.219135 
0.42129 -0.219135 0.244103 
0.896791 -0.390956 0.338726 
-0.390956 0.243045 -0.18596 
0.338726 -0.18596 0.219635 
1.01091 -0.387314 0.262024 
-0.387314 0.239669 -0.172303 
0.262024 -0.172303 0.237958 
1.55711 -0.533675 0.262448 
-0.533675 0.328746 -0.221429 
0.262448 -0.221429 0.355183 
2.31897 -0.770535 0.336432 
-0.770535 0.474011 -0.312815 
0.336432 -0.312815 0.524594 
2.84683 -0.941562 0.403215 
-0.941562 0.579103 -0.380967 
0.403215 -0.380967 0.643217 
3.0803 -1.01825 0.435096 
-1.01825 0.626256 -0.411841 
0.435096 -0.411841 0.695874 
3.15982 -1.04449 0.446215 
-1.04449 0.642389 -0.422437 
0.446215 -0.422437 0.713827 
3.18275 -1.05207 0.449446 
-1.05207 0.64705 -0.425501 
0.449446 -0.425501 0.719008 
3.18823 -1.05388 0.450218 
-1.05388 0.648164 -0.426233 
0.450218 -0.426233 0.720245 
3.18838 -1.05393 0.45024 
-1.05393 0.648194 -0.426253 
0.45024 -0.426253 0.72028 
3.18572 -1.05304 0.449864 
-1.05304 0.647653 -0.425897 
0.449864 -0.425897 0.719678 
3.17894 -1.0508 0.448906 
-1.0508 0.646274 -0.42499 
0.448906 -0.42499 0.718146 
3.16359 -1.04573 0.44674 
-1.04573 0.643156 -0.42294 
0.44674 -0.42294 0.71468 
3.13022 -1.0347 0.442029 
-1.0347 0.636376 -0.418481 
0.442029 -0.418481 0.707146 
3.06048 -1.01165 0.432189 
-1.01165 0.622214 -0.40917 
0.432189 -0.40917 0.691407 
2.92224 -0.965979 0.412702 
-0.965979 0.59418 -0.390741 
0.412702 -0.390741 0.660249 
2.66879 -0.882286 0.377047 
-0.882286 0.54293 -0.357062 
0.377047 -0.357062 0.603272 
2.2565 -0.746285 0.319276 
-0.746285 0.460027 -0.302624 
0.319276 -0.302624 0.511058 
1.69554 -0.561628 0.24128 
-0.561628 0.348467 -0.229474 
0.24128 -0.229474 0.386843 
1.09801 -0.365704 0.15943 
-0.365704 0.232145 -0.153422 
0.15943 -0.153422 0.257071 
0.62314 -0.211176 0.0962479 
-0.211176 0.1435 -0.0958042 
0.0962479 -0.0958042 0.15778 
0.343626 -0.121548 0.0611697 
-0.121548 0.095627 -0.0650881 
0.0611697 -0.0650881 0.103688 
0.217986 -0.0824625 0.0473116 
-0.0824625 0.0779987 -0.0541725 
0.0473116 -0.0541725 0.083309 
0.173495 -0.0695645 0.0439016 
-0.0695645 0.0748078 -0.0525747 
0.0439016 -0.0525747 0.0791784 
0.161538 -0.0667967 0.0440938 
-0.0667967 0.0762103 -0.0538242 
0.0440938 -0.0538242 0.0803529 
0.159732 -0.0668908 0.0449314 
-0.0668908 0.0780749 -0.0552378 
0.0449314 -0.0552378 0.0821953 
0.159417 -0.0670906 0.0453439 
-0.0670906 0.0789693 -0.0558903 
0.0453439 -0.0558903 0.0830593 
0.156993 -0.0662522 0.0448184 
-0.0662522 0.0782355 -0.0553017 
0.0448184 -0.0553017 0.0821017 
0.15013 -0.0636883 0.0428169 
-0.0636883 0.0753354 -0.0528792 
0.0428169 -0.0528792 0.0782769 
0.137509 -0.0595397 0.0387789 
-0.0595397 0.0706104 -0.0480132 
0.0387789 -0.0480132 0.0701791 
0.122817 -0.0573349 0.0330237 
-0.0573349 0.0685135 -0.0412918 
0.0330237 -0.0412918 0.0572169 
0.121177 -0.0672847 0.0283993 
-0.0672847 0.0816148 -0.0365984 
0.0283993 -0.0365984 0.0423025 
0.152335 -0.100596 0.0294448 
-0.100596 0.123536 -0.0398115 
0.0294448 -0.0398115 0.0320228 
0.214191 -0.152774 0.036972 
-0.152774 0.188514 -0.0515897 
0.036972 -0.0515897 0.0300504 
0.280453 -0.204571 0.0466361 
-0.204571 0.252763 -0.0657924 
0.0466361 -0.0657924 0.033351 
0.330343 -0.242354 0.054387 
-0.242354 0.299552 -0.0769554 
0.054387 -0.0769554 0.0374399 
0.359878 -0.264391 0.0590979 
-0.264391 0.326843 -0.083681 
0.0590979 -0.083681 0.0402733 
0.372327 -0.273543 0.0611022 
-0.273543 0.338291 -0.0865135 
0.0611022 -0.0865135 0.0415251 
0.369696 -0.271149 0.0606634 
-0.271149 0.335964 -0.0857826 
0.0606634 -0.0857826 0.0411772 
0.349974 -0.254426 0.0574416 
-0.254426 0.318178 -0.080699 
0.0574416 -0.080699 0.0388877 
0.309587 -0.215594 0.0508841 
-0.215594 0.281996 -0.0692759 
0.0508841 -0.0692759 0.0340491 
0.254925 -0.144394 0.042151 
-0.144394 0.23407 -0.049664 
0.042151 -0.049664 0.0268172 
0.217813 -0.0388395 0.0366564 
-0.0388395 0.204751 -0.023606 
0.0366564 -0.023606 0.019802 
0.235584 0.0815079 0.0405846 
0.0815079 0.228404 0.00197864 
0.0405846 0.00197863 0.0168718 
0.298632 0.184799 0.0520648 
0.184799 0.294116 0.0206558 
0.0520648 0.0206558 0.0183887 
0.36424 0.254005 0.0637209 
0.254005 0.360344 0.0315666 
0.0637209 0.0315666 0.0213762 
0.408315 0.29232 0.0714916 
0.29232 0.404383 0.0370799 
0.0714916 0.0370799 0.0236857 
0.429709 0.309442 0.0752621 
0.309442 0.425712 0.0394488 
0.0752621 0.0394488 0.0248679 
0.432855 0.312087 0.0758619 
0.312087 0.429015 0.0399232 
0.0758619 0.0399232 0.0250681 
0.418683 0.301807 0.0735711 
0.301807 0.415662 0.0390267 
0.0735711 0.0390267 0.0243848 
0.383641 0.27593 0.0682021 
0.27593 0.383694 0.037363 
0.0682021 0.037363 0.0229206 
0.326617 0.232512 0.0610435 
0.232512 0.337318 0.0378494 
0.0610435 0.0378494 0.0216956 
0.268956 0.183998 0.0595041 
0.183998 0.31081 0.0498946 
0.0595041 0.0498946 0.0246317 
0.26368 0.165217 0.0771037 
0.165217 0.371844 0.0869627 
0.0771037 0.0869627 0.0378953 
0.334434 0.195423 0.11527 
0.195423 0.534137 0.145728 
0.11527 0.145728 0.0608653 
0.430036 0.245781 0.155031 
0.245781 0.711189 0.201194 
0.155031 0.201194 0.0832532 
0.499897 0.284398 0.181838 
0.284398 0.832523 0.237165 
0.181838 0.237165 0.0979656 
0.537586 0.305586 0.195862 
0.305586 0.896416 0.255684 
0.195862 0.255684 0.105582 
0.554994 0.315436 0.20226 
0.315436 0.92564 0.264076 
0.20226 0.264076 0.109042 
0.562406 0.319642 0.20497 
0.319642 0.938037 0.267621 
0.20497 0.267621 0.110505 
0.565419 0.321353 0.20607 
0.321353 0.943067 0.269058 
0.20607 0.269058 0.111098 
0.566606 0.322028 0.206503 
0.322028 0.945048 0.269623 
0.206503 0.269623 0.111331 
0.567063 0.322287 0.206669 
0.322287 0.945809 0.26984 
0.206669 0.26984 0.111421 
0.567234 0.322384 0.206732 
0.322384 0.946095 0.269922 
0.206732 0.269922 0.111454 
0.567297 0.32242 0.206755 
0.32242 0.9462 0.269952 
0.206755 0.269952 0.111467 
0.56732 0.322433 0.206763 
0.322433 0.946238 0.269963 
0.206763 0.269963 0.111471 
0.567328 0.322438 0.206766 
0.322438 0.946251 0.269967 
0.206766 0.269967 0.111473 
