4  5
0.123709  0.2332  0.206697  0.21752  0.218874  
5.45366  -0.315324  1.1273  4.09701  
19.8548  -0.116203  1.03361  -0.473174  
37.3024  1.7562  -1.92305  0.185143  
54.7384  -0.160507  -0.601114  0.0268608  
71.1744  -0.0782929  -0.342179  -0.104561  
8.12814  0.0160944  -2.28577  -6.60363  
0.0160944  0.0407473  0.0114568  -0.018232  
-2.28577  0.0114568  0.996225  1.79336  
-6.60363  -0.018232  1.79336  5.43882  
31.4088  -1.05908  1.83193  0.0204841  
-1.05908  0.173677  0.0421621  -0.143177  
1.83193  0.0421621  0.761863  -0.354522  
0.0204841  -0.143177  -0.354522  0.457835  
27.3128  -1.27529  -4.30425  0.422103  
-1.27529  1.06473  -0.648378  0.0396805  
-4.30425  -0.648378  1.75752  -0.0994852  
0.422103  0.0396805  -0.0994852  0.0516374  
36.8071  0.136017  0.734151  -0.617451  
0.136017  0.0255197  -0.00802731  -0.000324631  
0.734151  -0.00802731  0.0683692  -0.0164884  
-0.617451  -0.000324631  -0.0164884  0.0225969  
35.5121  0.0448767  0.747121  0.101872  
0.0448767  0.00276267  0.00267931  0.000863196  
0.747121  0.00267931  0.0263934  0.00626035  
0.101872  0.000863196  0.00626035  0.00637985  
