4,80
1 -0.314698 2.35236 7.62353 
2 -0.312198 2.07255 6.81179 
3 -0.308704 1.79105 5.99274 
4 -0.303781 1.50815 5.16522 
5 -0.296499 1.22427 4.32633 
6 -0.284994 0.940768 3.47131 
7 -0.265617 0.662171 2.59452 
8 -0.231686 0.402091 1.69615 
9 -0.173463 0.195364 0.806055 
10 -0.0860982 0.105953 0.031167 
11 0.0101755 0.181173 -0.45422 
12 0.0736996 0.36113 -0.601883 
13 0.089207 0.53255 -0.574433 
14 0.0739373 0.653369 -0.523725 
15 0.0460077 0.73778 -0.493943 
16 0.0141536 0.805233 -0.481218 
17 -0.0184756 0.866364 -0.476403 
18 -0.0507123 0.925411 -0.474374 
19 -0.0817613 0.983657 -0.473033 
20 -0.110503 1.04113 -0.471554 
21 -0.134973 1.09703 -0.469418 
22 -0.151661 1.14943 -0.465945 
23 -0.154435 1.19434 -0.459967 
24 -0.133055 1.22393 -0.44946 
25 -0.0717591 1.22406 -0.43115 
26 0.0502113 1.17218 -0.400418 
27 0.252158 1.03929 -0.352354 
28 0.536352 0.80236 -0.284861 
29 0.871464 0.465617 -0.202597 
30 1.19782 0.0705558 -0.117017 
31 1.46056 -0.32517 -0.0401444 
32 1.63743 -0.680526 0.0218049 
33 1.73645 -0.982672 0.0689955 
34 1.77792 -1.23738 0.104752 
35 1.78113 -1.45641 0.132759 
36 1.7598 -1.6504 0.155898 
37 1.72205 -1.82662 0.176102 
38 1.67162 -1.98863 0.194539 
39 1.60887 -2.13634 0.21181 
40 1.53128 -2.26553 0.228034 
41 1.43359 -2.36694 0.242817 
42 1.30836 -2.42512 0.2551 
43 1.14781 -2.41893 0.263002 
44 0.948681 -2.32698 0.263956 
45 0.719198 -2.14049 0.255591 
46 0.482748 -1.87796 0.237327 
47 0.270238 -1.58511 0.211409 
48 0.104288 -1.31267 0.181942 
49 -0.0099405 -1.09203 0.15267 
50 -0.0807828 -0.929462 0.125617 
51 -0.121044 -0.81588 0.101222 
52 -0.142001 -0.737756 0.0790702 
53 -0.151582 -0.683109 0.0584911 
54 -0.154714 -0.643213 0.0388505 
55 -0.154237 -0.612347 0.0196431 
56 -0.151688 -0.587015 0.000504348 
57 -0.147841 -0.565222 -0.0187871 
58 -0.143043 -0.545927 -0.0382791 
59 -0.137418 -0.528669 -0.0577738 
60 -0.131026 -0.51327 -0.0767286 
61 -0.123981 -0.499571 -0.0942032 
62 -0.116554 -0.487207 -0.108975 
63 -0.109186 -0.475489 -0.119908 
64 -0.102377 -0.463523 -0.126438 
65 -0.0965096 -0.450496 -0.128839 
66 -0.0917329 -0.435937 -0.128047 
67 -0.0879736 -0.41977 -0.125214 
68 -0.0850349 -0.402196 -0.121331 
69 -0.082694 -0.383523 -0.117074 
70 -0.080759 -0.364054 -0.112823 
71 -0.0790868 -0.344039 -0.108751 
72 -0.077579 -0.323659 -0.104909 
73 -0.0761717 -0.303042 -0.101289 
74 -0.0748247 -0.282271 -0.0978587 
75 -0.0735135 -0.261402 -0.0945787 
76 -0.0722231 -0.240471 -0.0914137 
77 -0.0709447 -0.2195 -0.0883342 
78 -0.0696732 -0.198505 -0.0853169 
79 -0.0684055 -0.177493 -0.0823442 
80 -0.06714 -0.156472 -0.0794031 
