4,75
1 -1.31647 3.47407 6.87539 
2 -1.18186 3.09311 6.15226 
3 -1.04736 2.71013 5.42834 
4 -0.913035 2.32368 4.70336 
5 -0.778994 1.93113 3.97723 
6 -0.645385 1.52787 3.25105 
7 -0.512296 1.10683 2.5305 
8 -0.379274 0.661561 1.83643 
9 -0.243793 0.204604 1.22866 
10 -0.0990912 -0.187128 0.817996 
11 0.0617749 -0.379122 0.657945 
12 0.234402 -0.350141 0.604199 
13 0.408155 -0.221396 0.49549 
14 0.578362 -0.0802494 0.309939 
15 0.744575 0.0534383 0.0815459 
16 0.906404 0.18275 -0.163504 
17 1.0621 0.312778 -0.412404 
18 1.2079 0.447294 -0.658692 
19 1.33701 0.589509 -0.896857 
20 1.43757 0.742767 -1.11869 
21 1.48968 0.910253 -1.30972 
22 1.46248 1.09283 -1.44513 
23 1.31578 1.28361 -1.48771 
24 1.01697 1.45964 -1.39642 
25 0.579454 1.57905 -1.1562 
26 0.0917599 1.59963 -0.81332 
27 -0.32333 1.51161 -0.462359 
28 -0.59373 1.34379 -0.180317 
29 -0.723846 1.1356 0.0118691 
30 -0.755338 0.914041 0.13153 
31 -0.729127 0.691291 0.204636 
32 -0.672719 0.470864 0.251545 
33 -0.601617 0.252861 0.2849 
34 -0.523737 0.0365276 0.311656 
35 -0.442866 -0.178847 0.335356 
36 -0.360739 -0.393747 0.357708 
37 -0.278143 -0.608484 0.379512 
38 -0.195488 -0.823299 0.401156 
39 -0.113153 -1.03848 0.422886 
40 -0.0318099 -1.2545 0.444975 
41 0.0470334 -1.47208 0.467856 
42 0.119986 -1.69216 0.492237 
43 0.179838 -1.91518 0.519127 
44 0.212625 -2.13883 0.549447 
45 0.195321 -2.35289 0.582673 
46 0.100319 -2.53246 0.614105 
47 -0.0844253 -2.63892 0.632793 
48 -0.328978 -2.64247 0.625594 
49 -0.568773 -2.55103 0.587347 
50 -0.751092 -2.40478 0.524647 
51 -0.862164 -2.24342 0.448588 
52 -0.91448 -2.08838 0.367536 
53 -0.926497 -1.94597 0.285722 
54 -0.913055 -1.81538 0.204655 
55 -0.883803 -1.69349 0.124527 
56 -0.844171 -1.57671 0.0449683 
57 -0.796334 -1.46101 -0.0346111 
58 -0.73945 -1.34106 -0.114726 
59 -0.669213 -1.20919 -0.19498 
60 -0.578078 -1.05606 -0.271793 
61 -0.460596 -0.878493 -0.33486 
62 -0.327266 -0.695709 -0.368671 
63 -0.208726 -0.547731 -0.367318 
64 -0.128503 -0.457357 -0.344141 
65 -0.0839438 -0.41335 -0.316527 
66 -0.0608121 -0.394361 -0.292618 
67 -0.0479358 -0.386084 -0.273368 
68 -0.0394377 -0.381788 -0.257482 
69 -0.0327021 -0.378805 -0.243624 
70 -0.0266512 -0.376189 -0.230897 
71 -0.0208582 -0.373636 -0.218773 
72 -0.0151589 -0.371067 -0.206964 
73 -0.00949175 -0.368469 -0.195317 
74 -0.00383447 -0.365849 -0.183752 
75 0.00182049 -0.363215 -0.17223 
