4,80
1 0.0137577 -0.0462582 -0.137801 
2 -0.0303464 0.210326 0.704886 
3 -0.0744624 0.466891 1.54771 
4 -0.118608 0.723405 2.39084 
5 -0.162836 0.979803 3.23487 
6 -0.207379 1.23606 4.0824 
7 -0.25359 1.49259 4.94581 
8 -0.308909 1.74424 5.85773 
9 -0.390056 1.92937 6.71989 
10 -0.47284 1.98297 7.17485 
11 -0.528594 2.01216 7.40918 
12 -0.57277 2.05466 7.65042 
13 -0.613101 2.09455 7.91702 
14 -0.644028 2.1221 8.16626 
15 -0.644813 2.17919 8.24794 
16 -0.61896 2.34101 8.10124 
17 -0.598098 2.55605 7.92672 
18 -0.583623 2.77534 7.77841 
19 -0.570885 2.9942 7.63781 
20 -0.55899 3.21402 7.49786 
21 -0.548587 3.43635 7.35714 
22 -0.541335 3.66393 7.21492 
23 -0.540382 3.90157 7.07058 
24 -0.550848 4.15646 6.92449 
25 -0.578776 4.4355 6.78041 
26 -0.625836 4.73634 6.64872 
27 -0.680746 5.03613 6.54469 
28 -0.72033 5.2989 6.47672 
29 -0.7269 5.50503 6.43727 
30 -0.698543 5.66226 6.41127 
31 -0.639931 5.78772 6.38823 
32 -0.549705 5.88963 6.36518 
33 -0.413312 5.95802 6.34504 
34 -0.201417 5.95879 6.33551 
35 0.118524 5.8379 6.34713 
36 0.549515 5.55574 6.38655 
37 1.04077 5.1357 6.44816 
38 1.52096 4.655 6.51718 
39 1.95205 4.17956 6.58173 
40 2.33677 3.73086 6.63784 
41 2.69598 3.29842 6.68616 
42 3.0516 2.85794 6.72816 
43 3.41702 2.38261 6.76475 
44 3.78479 1.85849 6.79683 
45 4.11536 1.31007 6.8271 
46 4.35621 0.803339 6.86026 
47 4.48996 0.39393 6.8999 
48 4.54475 0.0838329 6.94602 
49 4.5593 -0.158917 6.99649 
50 4.55896 -0.366661 7.04908 
51 4.55506 -0.560796 7.10175 
52 4.55078 -0.753735 7.15175 
53 4.54494 -0.95171 7.19406 
54 4.53354 -1.15353 7.22027 
55 4.51212 -1.34669 7.22194 
56 4.48061 -1.5122 7.20025 
57 4.445 -1.64249 7.16863 
58 4.41142 -1.747 7.13979 
59 4.38182 -1.83859 7.11741 
60 4.35559 -1.92474 7.09985 
61 4.33167 -2.00829 7.08476 
62 4.30933 -2.09003 7.07063 
63 4.28814 -2.17019 7.0567 
64 4.2679 -2.2489 7.04266 
65 4.24843 -2.32635 7.02836 
66 4.22959 -2.40282 7.01376 
67 4.21123 -2.47867 6.9988 
68 4.19314 -2.55435 6.98346 
69 4.1751 -2.63037 6.96772 
70 4.15689 -2.70726 6.95155 
71 4.13825 -2.78556 6.93493 
72 4.11895 -2.86576 6.91788 
73 4.09879 -2.94822 6.90038 
74 4.07763 -3.03316 6.88247 
75 4.05537 -3.12065 6.86416 
76 4.03198 -3.2106 6.84548 
77 4.00748 -3.30279 6.82645 
78 3.98193 -3.39692 6.8071 
79 3.9554 -3.49265 6.78744 
80 3.92796 -3.58966 6.76749 
