3,3,80
0.0398262 0.01564 -0.00505936 
0.01564 0.345643 -0.0623199 
-0.00505936 -0.0623199 0.0721766 
0.0397383 0.0156068 -0.00505157 
0.0156068 0.344866 -0.0621862 
-0.00505157 -0.0621862 0.0720229 
0.0395446 0.0155342 -0.00503564 
0.0155342 0.343147 -0.0618927 
-0.00503564 -0.0618927 0.0716863 
0.0391897 0.0154029 -0.00501099 
0.0154029 0.339977 -0.0613602 
-0.00501099 -0.0613602 0.071077 
0.0385655 0.0151783 -0.00498302 
0.0151783 0.334338 -0.0604409 
-0.00498301 -0.0604409 0.0700311 
0.0374804 0.0148091 -0.0049883 
0.0148091 0.324299 -0.0589031 
-0.0049883 -0.0589031 0.0683027 
0.0356626 0.0142726 -0.00520279 
0.0142726 0.30659 -0.0565571 
-0.00520279 -0.0565571 0.065749 
0.0330676 0.0138527 -0.00637786 
0.0138527 0.277538 -0.0541802 
-0.00637786 -0.0541802 0.0635482 
0.0314714 0.0152593 -0.0112824 
0.0152593 0.241517 -0.0573975 
-0.0112824 -0.0573975 0.069148 
0.0381397 0.0238164 -0.0270443 
0.0238164 0.234656 -0.0845215 
-0.0270443 -0.0845215 0.106034 
0.0627014 0.0453956 -0.060137 
0.0453956 0.317733 -0.156494 
-0.060137 -0.156494 0.200386 
0.0970172 0.0726794 -0.0991758 
0.0726794 0.465034 -0.248998 
-0.0991758 -0.248998 0.320243 
0.121485 0.0914608 -0.125323 
0.0914608 0.577389 -0.313064 
-0.125323 -0.313064 0.402894 
0.132569 0.0998622 -0.136899 
0.0998622 0.629457 -0.341787 
-0.136899 -0.341787 0.439891 
0.136399 0.102752 -0.140867 
0.102752 0.647581 -0.351676 
-0.140867 -0.351676 0.45262 
0.137496 0.103579 -0.142001 
0.103579 0.652784 -0.354505 
-0.142001 -0.354505 0.456262 
0.137719 0.103747 -0.142231 
0.103747 0.653842 -0.355079 
-0.142231 -0.355079 0.457001 
0.137646 0.103691 -0.142155 
0.103691 0.653495 -0.35489 
-0.142155 -0.35489 0.456758 
0.137392 0.103494 -0.141889 
0.103494 0.652276 -0.354227 
-0.141889 -0.354227 0.455904 
0.136894 0.103101 -0.141362 
0.103101 0.649869 -0.352913 
-0.141362 -0.352913 0.454214 
0.135979 0.102348 -0.140374 
0.102348 0.645381 -0.350454 
-0.140374 -0.350454 0.451049 
0.134359 0.100907 -0.13855 
0.100907 0.637181 -0.345925 
-0.13855 -0.345925 0.44522 
0.131644 0.0981157 -0.135237 
0.0981157 0.622577 -0.337738 
-0.135237 -0.337738 0.434683 
0.127575 0.0926051 -0.129364 
0.0926051 0.597638 -0.323352 
-0.129364 -0.323352 0.416173 
0.122922 0.0814867 -0.119357 
0.0814867 0.558046 -0.29923 
-0.119357 -0.29923 0.385139 
0.121895 0.0588368 -0.103352 
0.0588368 0.502882 -0.261741 
-0.103352 -0.261741 0.336926 
0.136204 0.0139957 -0.0801343 
0.0139957 0.442962 -0.210051 
-0.0801343 -0.210051 0.270492 
0.186319 -0.0669096 -0.0508321 
-0.0669096 0.408131 -0.150283 
-0.0508321 -0.150283 0.193767 
0.289765 -0.190767 -0.0198211 
-0.190767 0.435411 -0.0956269 
-0.0198211 -0.0956269 0.12376 
0.439186 -0.343843 0.00732858 
-0.343843 0.534186 -0.0578132 
0.00732858 -0.0578132 0.075536 
0.600133 -0.495288 0.0273913 
-0.495288 0.671475 -0.0384876 
0.0273913 -0.0384876 0.0511191 
0.737739 -0.61881 0.0404729 
-0.61881 0.802555 -0.031457 
0.0404729 -0.031457 0.0424502 
0.837236 -0.70581 0.0483519 
-0.70581 0.902648 -0.0300564 
0.0483519 -0.0300564 0.0409184 
0.901145 -0.760885 0.0528613 
-0.760885 0.968796 -0.0304424 
0.0528613 -0.0304424 0.0415878 
0.938267 -0.792624 0.0553085 
-0.792624 1.0078 -0.0310678 
0.0553085 -0.0310678 0.0424926 
0.9567 -0.808324 0.0564829 
-0.808324 1.0273 -0.0314737 
0.0564829 -0.0314737 0.0430647 
0.96159 -0.812496 0.0568001 
-0.812496 1.03246 -0.0315686 
0.0568001 -0.0315686 0.0432006 
0.954975 -0.806918 0.0564187 
-0.806918 1.02533 -0.0313308 
0.0564187 -0.0313308 0.0428786 
0.936062 -0.790935 0.0553045 
-0.790935 1.00503 -0.0307056 
0.0553045 -0.0307056 0.0420276 
0.901385 -0.761618 0.0532575 
-0.761618 0.967843 -0.0295714 
0.0532575 -0.0295714 0.0404861 
0.845043 -0.713968 0.0499309 
-0.713968 0.907461 -0.0277367 
0.0499309 -0.0277367 0.0380023 
0.759888 -0.641909 0.0449047 
-0.641909 0.816308 -0.0249779 
0.0449047 -0.0249779 0.0342935 
0.641175 -0.541353 0.0379021 
-0.541353 0.689489 -0.0211641 
0.0379021 -0.0211641 0.0292289 
0.493449 -0.416011 0.0291979 
-0.416011 0.532221 -0.0164862 
0.0291979 -0.0164862 0.0231523 
0.336576 -0.282519 0.0199725 
-0.282519 0.366219 -0.0116439 
0.0199725 -0.0116439 0.0171145 
0.200607 -0.166225 0.0120038 
-0.166225 0.223864 -0.00763746 
0.0120038 -0.00763746 0.0125132 
0.107175 -0.0855837 0.00656152 
-0.0855837 0.127927 -0.00511929 
0.00656152 -0.00511929 0.0101304 
0.0564929 -0.0411072 0.00364309 
-0.0411072 0.0777777 -0.00398943 
0.00364309 -0.00398943 0.00962074 
0.0344596 -0.0211513 0.00240295 
-0.0211513 0.0575796 -0.0036983 
0.00240295 -0.0036983 0.0100626 
0.026683 -0.0136434 0.00198664 
-0.0136434 0.0516509 -0.00374528 
0.00198664 -0.00374528 0.0107151 
0.0245157 -0.0112294 0.00188543 
-0.0112294 0.0508293 -0.00386199 
0.00188543 -0.00386199 0.0112407 
0.0241089 -0.0105662 0.00187613 
-0.0105662 0.051218 -0.00395152 
0.00187613 -0.00395152 0.0115641 
0.0240663 -0.0103955 0.00187984 
-0.0103955 0.0515201 -0.00399322 
0.00187984 -0.00399322 0.0117063 
0.0239506 -0.0102999 0.00187296 
-0.0102999 0.05139 -0.0039879 
0.00187296 -0.0039879 0.011699 
0.0236247 -0.0101457 0.00184827 
-0.0101457 0.0507258 -0.00393606 
0.00184827 -0.00393606 0.0115554 
0.0230136 -0.00987707 0.00180111 
-0.00987707 0.0494274 -0.00383115 
0.00180111 -0.00383115 0.0112648 
0.0220321 -0.0094484 0.0017255 
-0.0094484 0.0473326 -0.00365786 
0.0017255 -0.00365786 0.0107959 
0.020576 -0.0088086 0.0016142 
-0.0088086 0.0442304 -0.00339235 
0.0016142 -0.00339235 0.0101076 
0.0185513 -0.00790774 0.0014615 
-0.00790774 0.0399353 -0.00300491 
0.0014615 -0.00300491 0.00916894 
0.0159381 -0.0067213 0.00126872 
-0.0067213 0.0344317 -0.00246726 
0.00126872 -0.00246726 0.00799665 
0.0128752 -0.00528584 0.00105086 
-0.00528584 0.0280564 -0.00176633 
0.00105086 -0.00176633 0.00669644 
0.0097021 -0.00372326 0.000838768 
-0.00372326 0.0215781 -0.000921198 
0.000838768 -0.000921198 0.00547341 
0.00687237 -0.00221861 0.000669693 
-0.00221861 0.0159876 7.8046e-06 
0.000669693 7.8046e-06 0.00456558 
0.00474576 -0.000944934 0.000568416 
-0.000944934 0.0120262 0.000931327 
0.000568416 0.000931327 0.00411832 
0.00341961 1.11641e-05 0.000534465 
1.11641e-05 0.00982756 0.00176245 
0.000534465 0.00176245 0.00410554 
0.0027476 0.000662255 0.000547325 
0.000662255 0.00899316 0.00244634 
0.000547325 0.00244634 0.00437303 
0.00249003 0.00107702 0.000582069 
0.00107702 0.00895073 0.00296901 
0.000582069 0.00296901 0.00474723 
0.0024423 0.00133183 0.00062062 
0.00133183 0.00924166 0.0033465 
0.00062062 0.0033465 0.00510921 
0.00247744 0.00148643 0.00065399 
0.00148643 0.00960202 0.00360823 
0.00065399 0.00360823 0.00540543 
0.00253269 0.00158044 0.000679558 
0.00158044 0.00991835 0.00378468 
0.000679558 0.00378468 0.00562607 
0.00258325 0.00163812 0.000697838 
0.00163812 0.0101602 0.00390143 
0.000697838 0.00390143 0.00578134 
0.00262232 0.00167387 0.000710375 
0.00167387 0.0103323 0.00397776 
0.000710375 0.00397776 0.00588684 
0.00265023 0.00169625 0.000718758 
0.00169625 0.0104499 0.00402729 
0.000718758 0.00402729 0.005957 
0.00266932 0.00171036 0.000724277 
0.00171036 0.0105284 0.00405928 
0.000724277 0.00405928 0.00600302 
0.00268207 0.0017193 0.000727876 
0.0017193 0.01058 0.00407989 
0.000727876 0.00407989 0.00603296 
0.00269045 0.001725 0.00073021 
0.001725 0.0106136 0.00409316 
0.00073021 0.00409316 0.00605235 
0.00269592 0.00172864 0.000731718 
0.00172864 0.0106354 0.00410169 
0.000731718 0.00410169 0.00606487 
0.00269947 0.00173097 0.000732691 
0.00173097 0.0106495 0.00410717 
0.000732691 0.00410717 0.00607295 
0.00270177 0.00173247 0.000733318 
0.00173247 0.0106586 0.0041107 
0.000733318 0.0041107 0.00607815 
0.00270325 0.00173343 0.000733723 
0.00173343 0.0106645 0.00411297 
0.000733723 0.00411297 0.0060815 
