4,75
1 0.0305524 -0.0297251 0.058995 
2 -0.136188 0.344622 0.782069 
3 -0.30717 0.720948 1.51371 
4 -0.483257 1.09914 2.25545 
5 -0.66653 1.47915 3.01111 
6 -0.860719 1.86046 3.78734 
7 -1.07142 2.24034 4.59336 
8 -1.30398 2.60895 5.43514 
9 -1.5522 2.93862 6.29054 
10 -1.77063 3.17543 7.05503 
11 -1.86694 3.27575 7.54194 
12 -1.79429 3.28202 7.68173 
13 -1.61479 3.28267 7.62297 
14 -1.4039 3.3144 7.51865 
15 -1.19197 3.37047 7.42196 
16 -0.983552 3.43825 7.33635 
17 -0.777146 3.51047 7.2564 
18 -0.571243 3.58424 7.1784 
19 -0.364855 3.6587 7.10062 
20 -0.157044 3.73395 7.02209 
21 0.0535282 3.81076 6.94172 
22 0.268904 3.89084 6.85772 
23 0.491788 3.97764 6.767 
24 0.724526 4.07751 6.66477 
25 0.965779 4.20085 6.54485 
26 1.20367 4.36111 6.40256 
27 1.40836 4.56817 6.24134 
28 1.53636 4.81568 6.07938 
29 1.55661 5.07573 5.94459 
30 1.47549 5.31447 5.85645 
31 1.3282 5.5137 5.81523 
32 1.15102 5.67429 5.80888 
33 0.966615 5.80638 5.82417 
34 0.785085 5.92097 5.85195 
35 0.609911 6.02673 5.88763 
36 0.442979 6.12917 5.9305 
37 0.288734 6.22865 5.98359 
38 0.1586 6.31468 6.05404 
39 0.0742251 6.3564 6.15173 
40 0.0612367 6.30128 6.28206 
41 0.125933 6.10589 6.43447 
42 0.23797 5.78285 6.58359 
43 0.352745 5.39372 6.7091 
44 0.444303 4.99447 6.80767 
45 0.508772 4.60921 6.88636 
46 0.551369 4.23871 6.95382 
47 0.576575 3.87282 7.01723 
48 0.583177 3.49551 7.08287 
49 0.560801 3.08614 7.15699 
50 0.489296 2.6262 7.24459 
51 0.350618 2.12006 7.34403 
52 0.154346 1.6118 7.44288 
53 -0.059322 1.15591 7.52643 
54 -0.254933 0.77027 7.59019 
55 -0.423217 0.437929 7.63893 
56 -0.571539 0.134348 7.67892 
57 -0.711508 -0.159625 7.71411 
58 -0.85504 -0.458008 7.74559 
59 -1.01481 -0.772265 7.77105 
60 -1.20293 -1.10934 7.78321 
61 -1.4206 -1.45987 7.76961 
62 -1.64023 -1.78464 7.72094 
63 -1.81327 -2.03527 7.64575 
64 -1.91607 -2.20274 7.5661 
65 -1.96433 -2.31645 7.49635 
66 -1.9837 -2.40669 7.43801 
67 -1.99089 -2.48947 7.38746 
68 -1.99364 -2.57074 7.34125 
69 -1.99495 -2.65213 7.2972 
70 -1.99584 -2.73389 7.25416 
71 -1.99665 -2.81591 7.21158 
72 -1.99745 -2.89807 7.16919 
73 -1.99825 -2.98032 7.12688 
74 -1.99907 -3.0626 7.08461 
75 -1.99988 -3.14489 7.04235 
