4,77
1 -2.10867 -5.05512 5.26735 
2 -1.88245 -4.51621 4.69967 
3 -1.65308 -3.96819 4.11993 
4 -1.42114 -3.41199 3.52973 
5 -1.18668 -2.84662 2.92837 
6 -0.949887 -2.26988 2.31434 
7 -0.712706 -1.68122 1.69012 
8 -0.483843 -1.09255 1.07838 
9 -0.287899 -0.554569 0.556953 
10 -0.160591 -0.164039 0.257561 
11 -0.102602 0.0397846 0.212979 
12 -0.0684083 0.146234 0.282886 
13 -0.0271944 0.242922 0.350398 
14 0.0235486 0.35261 0.393441 
15 0.0789851 0.471857 0.422113 
16 0.135883 0.596031 0.445067 
17 0.192856 0.723333 0.46588 
18 0.249315 0.853714 0.485482 
19 0.304843 0.987938 0.503785 
20 0.358931 1.12725 0.520264 
21 0.410825 1.27331 0.534036 
22 0.459381 1.42822 0.543757 
23 0.502883 1.59444 0.547442 
24 0.538827 1.77445 0.542246 
25 0.563757 1.96984 0.524319 
26 0.573338 2.17964 0.488979 
27 0.563083 2.39756 0.431611 
28 0.530095 2.60923 0.349717 
29 0.475676 2.79193 0.245761 
30 0.407149 2.92 0.128911 
31 0.336508 2.97543 0.0130878 
32 0.275734 2.95608 -0.0885331 
33 0.232179 2.87467 -0.16851 
34 0.207351 2.75051 -0.226083 
35 0.198749 2.6013 -0.264794 
36 0.202385 2.43958 -0.289573 
37 0.214448 2.27273 -0.304918 
38 0.231964 2.10445 -0.314244 
39 0.252854 1.93635 -0.319892 
40 0.275765 1.76892 -0.323361 
41 0.299848 1.60217 -0.325567 
42 0.324589 1.43596 -0.327052 
43 0.349673 1.27008 -0.328116 
44 0.374891 1.10436 -0.328903 
45 0.40007 0.938563 -0.329442 
46 0.424996 0.772392 -0.329646 
47 0.449328 0.605361 -0.329268 
48 0.47245 0.436633 -0.3278 
49 0.493234 0.264754 -0.324278 
50 0.509657 0.087269 -0.316972 
51 0.5182 -0.0997848 -0.302888 
52 0.513014 -0.302423 -0.277097 
53 0.484966 -0.528944 -0.231998 
54 0.421124 -0.789043 -0.15701 
55 0.306035 -1.09036 -0.0398454 
56 0.126997 -1.43113 0.128878 
57 -0.115672 -1.79054 0.34706 
58 -0.398317 -2.12497 0.593031 
59 -0.67554 -2.38073 0.827891 
60 -0.899259 -2.51961 1.01211 
61 -1.04077 -2.53543 1.12357 
62 -1.09712 -2.44854 1.16188 
63 -1.08208 -2.28895 1.14007 
64 -1.01437 -2.08359 1.07461 
65 -0.910671 -1.85173 0.979749 
66 -0.783416 -1.60554 0.865911 
67 -0.641081 -1.35209 0.740099 
68 -0.489177 -1.0953 0.606801 
69 -0.331204 -0.837228 0.468829 
70 -0.169363 -0.57891 0.327931 
71 -0.00503908 -0.320827 0.185189 
72 0.160894 -0.0631773 0.0412768 
73 0.327881 0.193987 -0.103383 
74 0.495564 0.450678 -0.248523 
75 0.663711 0.706936 -0.393973 
76 0.832169 0.962805 -0.539622 
77 1.00084 1.21833 -0.685398 
