4,77
1 -0.546595 -0.810301 1.73824 
2 -0.664468 -1.20724 1.90707 
3 -0.78324 -1.60555 2.07822 
4 -0.90309 -2.00527 2.25244 
5 -1.02422 -2.40634 2.43072 
6 -1.14681 -2.80841 2.61438 
7 -1.27104 -3.21066 2.80517 
8 -1.39693 -3.61148 3.00534 
9 -1.52431 -4.00792 3.21781 
10 -1.65253 -4.39495 3.44613 
11 -1.78022 -4.76444 3.69439 
12 -1.9048 -5.10398 3.96683 
13 -2.02203 -5.39587 4.26685 
14 -2.12566 -5.61719 4.59541 
15 -2.20758 -5.74204 4.94885 
16 -2.25899 -5.74726 5.31696 
17 -2.27273 -5.62072 5.68279 
18 -2.24599 -5.3687 6.0256 
19 -2.18189 -5.01707 6.3265 
20 -2.08866 -4.60409 6.57393 
21 -1.97682 -4.16864 6.76586 
22 -1.85608 -3.74066 6.9081 
23 -1.73356 -3.3376 7.01053 
24 -1.61335 -2.96591 7.08366 
25 -1.4972 -2.62469 7.13659 
26 -1.38526 -2.30921 7.17627 
27 -1.27679 -2.01321 7.20764 
28 -1.17058 -1.73007 7.23399 
29 -1.06517 -1.45301 7.25741 
30 -0.958828 -1.17466 7.27913 
31 -0.849583 -0.886204 7.29971 
32 -0.735262 -0.57635 7.31898 
33 -0.613815 -0.230507 7.33592 
34 -0.484181 0.168666 7.34821 
35 -0.347922 0.637611 7.35194 
36 -0.211291 1.18349 7.34185 
37 -0.0861772 1.7929 7.31274 
38 0.012431 2.42638 7.26219 
39 0.0726372 3.02884 7.19258 
40 0.091202 3.55293 7.1104 
41 0.0737602 3.97672 7.02323 
42 0.0304232 4.30395 6.93678 
43 -0.0288493 4.5527 6.85401 
44 -0.0965152 4.74424 6.77567 
45 -0.167634 4.897 6.70124 
46 -0.239139 5.02487 6.62957 
47 -0.308974 5.13771 6.55932 
48 -0.375339 5.24237 6.48899 
49 -0.436022 5.34363 6.41694 
50 -0.487721 5.44466 6.3414 
51 -0.525291 5.54692 6.2606 
52 -0.541032 5.64898 6.17336 
53 -0.52462 5.74406 6.08049 
54 -0.465168 5.81671 5.98734 
55 -0.357282 5.84109 5.90641 
56 -0.210251 5.78705 5.85683 
57 -0.0521329 5.63625 5.85674 
58 0.0810693 5.39701 5.91205 
59 0.164735 5.10013 6.01318 
60 0.19448 4.77959 6.14289 
61 0.179913 4.45821 6.28596 
62 0.1345 4.14604 6.433 
63 0.0696854 3.84498 6.57963 
64 -0.0065993 3.55344 6.72444 
65 -0.0894097 3.26895 6.86731 
66 -0.175843 2.98928 7.00861 
67 -0.264255 2.71274 7.14879 
68 -0.353734 2.43815 7.28821 
69 -0.443784 2.16477 7.42714 
70 -0.534136 1.89211 7.56578 
71 -0.624647 1.61987 7.70423 
72 -0.715241 1.34787 7.84257 
73 -0.805879 1.07601 7.98085 
74 -0.896539 0.804226 8.11909 
75 -0.98721 0.532488 8.25731 
76 -1.07789 0.260775 8.39552 
77 -1.16857 -0.010925 8.53373 
