4,120
1 0.0348088 -0.131957 0.0588559 
2 0.458535 -0.425916 0.72034 
3 0.882924 -0.720589 1.38285 
4 1.30839 -1.01648 2.04701 
5 1.7356 -1.31449 2.71389 
6 2.1656 -1.61624 3.38508 
7 2.59974 -1.92456 4.06277 
8 3.0389 -2.24411 4.7485 
9 3.47988 -2.58092 5.43786 
10 3.90416 -2.93689 6.10356 
11 4.25675 -3.29061 6.66307 
12 4.44975 -3.5744 6.98264 
13 4.45702 -3.71808 7.01981 
14 4.3733 -3.74048 6.91582 
15 4.29396 -3.71305 6.81562 
16 4.24421 -3.67932 6.75885 
17 4.21559 -3.65155 6.73357 
18 4.19699 -3.63094 6.72334 
19 4.18169 -3.61742 6.71805 
20 4.16631 -3.61203 6.71249 
21 4.1491 -3.61716 6.70384 
22 4.12899 -3.63628 6.69018 
23 4.10523 -3.67347 6.66992 
24 4.07751 -3.73245 6.64193 
25 4.0462 -3.81476 6.60611 
26 4.01272 -3.91768 6.56401 
27 3.97936 -4.03331 6.51904 
28 3.94864 -4.15043 6.47546 
29 3.92224 -4.2588 6.43671 
30 3.90039 -4.35299 6.40407 
31 3.88204 -4.43331 6.37649 
32 3.86538 -4.50423 6.35124 
33 3.84835 -4.57222 6.32474 
34 3.82897 -4.64416 6.29297 
35 3.8054 -4.72649 6.25173 
36 3.77615 -4.82459 6.19686 
37 3.74026 -4.94197 6.12478 
38 3.69772 -5.07916 6.03346 
39 3.64978 -5.23283 5.92347 
40 3.59892 -5.39573 5.79855 
41 3.54841 -5.55822 5.6651 
42 3.50139 -5.71085 5.53058 
43 3.46014 -5.84673 5.40149 
44 3.42569 -5.96267 5.28213 
45 3.39801 -6.05877 5.17429 
46 3.37641 -6.13734 5.07788 
47 3.35992 -6.20164 4.99165 
48 3.34772 -6.25511 4.91398 
49 3.33926 -6.30088 4.84336 
50 3.33452 -6.34163 4.77868 
51 3.33417 -6.37939 4.7196 
52 3.3398 -6.41527 4.66683 
53 3.35428 -6.44857 4.62277 
54 3.38191 -6.47486 4.59233 
55 3.42832 -6.48271 4.58396 
56 3.49915 -6.4489 4.61032 
57 3.59671 -6.33479 4.6868 
58 3.71467 -6.08983 4.82603 
59 3.83396 -5.6695 5.02818 
60 3.92611 -5.06302 5.274 
61 3.96567 -4.30729 5.52989 
62 3.94194 -3.46896 5.76377 
63 3.85995 -2.61089 5.95772 
64 3.73278 -1.77192 6.1088 
65 3.57366 -0.966589 6.2229 
66 3.39217 -0.19406 6.30851 
67 3.19343 0.553569 6.37335 
68 2.9787 1.28619 6.42313 
69 2.74585 2.01308 6.46145 
70 2.48986 2.74118 6.4899 
71 2.20337 3.47276 6.50813 
72 1.8782 4.20147 6.51399 
73 1.50905 4.90682 6.5038 
74 1.10007 5.55027 6.47374 
75 0.671416 6.08036 6.42232 
76 0.258683 6.45275 6.35316 
77 -0.100483 6.65576 6.27497 
78 -0.384254 6.71787 6.19792 
79 -0.593335 6.68909 6.12924 
80 -0.743389 6.61573 6.07179 
81 -0.853665 6.5277 6.02531 
82 -0.940105 6.43894 5.98842 
83 -1.01355 6.35303 5.95992 
84 -1.08044 6.2682 5.93935 
85 -1.1441 6.18041 5.92719 
86 -1.20576 6.08478 5.92469 
87 -1.26516 5.97632 5.93378 
88 -1.32094 5.85023 5.95678 
89 -1.37083 5.7024 5.99597 
90 -1.41197 5.53006 6.05303 
91 -1.44134 5.33249 6.12841 
92 -1.45635 5.11168 6.22081 
93 -1.45547 4.87231 6.32706 
94 -1.43866 4.62111 6.44255 
95 -1.40738 4.36549 6.56211 
96 -1.36417 4.11217 6.68101 
97 -1.31208 3.86618 6.79566 
98 -1.25411 3.63059 6.9039 
99 -1.19284 3.40699 7.00482 
100 -1.13042 3.19628 7.09822 
101 -1.0688 2.99995 7.18407 
102 -1.01009 2.82115 7.26182 
103 -0.956943 2.66573 7.32988 
104 -0.912743 2.5422 7.38541 
105 -0.88116 2.45988 7.42475 
106 -0.864967 2.42498 7.4449 
107 -0.86456 2.43616 7.44535 
108 -0.877287 2.48313 7.42902 
109 -0.898311 2.54991 7.40149 
110 -0.922422 2.62052 7.36894 
111 -0.945521 2.68324 7.33638 
112 -0.965121 2.73158 7.30702 
113 -0.98009 2.76321 7.28244 
114 -0.990141 2.77816 7.26318 
115 -0.995373 2.77744 7.2493 
116 -0.995965 2.76212 7.24071 
117 -0.991987 2.73284 7.23743 
118 -0.983289 2.68948 7.23972 
119 -0.969418 2.63104 7.24817 
120 -0.949529 2.55533 7.26386 
