4,120
1 4.00603 -2.99242 6.25898 
2 3.59777 -2.71984 5.62937 
3 3.17762 -2.43758 4.98175 
4 2.74909 -2.14822 4.32146 
5 2.31394 -1.85282 3.65123 
6 1.87309 -1.55152 2.97253 
7 1.42767 -1.24409 2.28724 
8 0.981065 -0.931056 1.6008 
9 0.543743 -0.616843 0.929622 
10 0.14269 -0.316739 0.315541 
11 -0.169571 -0.0661832 -0.16084 
12 -0.33332 0.085969 -0.409046 
13 -0.34541 0.121644 -0.426444 
14 -0.281029 0.0826213 -0.329669 
15 -0.215803 0.0246206 -0.234136 
16 -0.175434 -0.0261699 -0.178076 
17 -0.155478 -0.0669818 -0.153876 
18 -0.146449 -0.101707 -0.146637 
19 -0.142123 -0.1337 -0.146698 
20 -0.139556 -0.164737 -0.149528 
21 -0.137613 -0.195604 -0.153408 
22 -0.135938 -0.226652 -0.157845 
23 -0.134475 -0.258109 -0.162833 
24 -0.133285 -0.290222 -0.168592 
25 -0.132497 -0.323315 -0.175509 
26 -0.132314 -0.357842 -0.18417 
27 -0.133022 -0.394414 -0.195422 
28 -0.135022 -0.433826 -0.210444 
29 -0.138847 -0.47703 -0.230821 
30 -0.145153 -0.525038 -0.258538 
31 -0.154673 -0.578656 -0.295846 
32 -0.168048 -0.637979 -0.34481 
33 -0.185524 -0.701611 -0.406439 
34 -0.206512 -0.765801 -0.479376 
35 -0.229178 -0.824015 -0.558633 
36 -0.250412 -0.867752 -0.635387 
37 -0.266493 -0.888885 -0.698768 
38 -0.274274 -0.882538 -0.739296 
39 -0.272194 -0.848632 -0.751925 
40 -0.260483 -0.791167 -0.736825 
41 -0.240616 -0.716084 -0.697923 
42 -0.21452 -0.62923 -0.640662 
43 -0.183989 -0.535233 -0.570284 
44 -0.150393 -0.437228 -0.490995 
45 -0.114601 -0.337008 -0.40578 
46 -0.0769743 -0.235244 -0.31651 
47 -0.0373286 -0.131573 -0.224101 
48 0.00517067 -0.0244134 -0.128594 
49 0.0522216 0.0895714 -0.0291191 
50 0.106661 0.216485 0.0762527 
51 0.172643 0.366705 0.190639 
52 0.255276 0.556547 0.318153 
53 0.358785 0.808654 0.462674 
54 0.481964 1.14769 0.624605 
55 0.611042 1.58681 0.795443 
56 0.715173 2.1065 0.95372 
57 0.754544 2.64471 1.06987 
58 0.701687 3.12065 1.12156 
59 0.556691 3.47841 1.10594 
60 0.341189 3.70717 1.03669 
61 0.0818515 3.82771 0.932355 
62 -0.200368 3.86977 0.808031 
63 -0.49228 3.85868 0.673276 
64 -0.786355 3.81149 0.533214 
65 -1.07797 3.73764 0.390216 
66 -1.36314 3.64034 0.245238 
67 -1.6365 3.5176 0.0987909 
68 -1.88935 3.36245 -0.0481936 
69 -2.10726 3.16312 -0.193289 
70 -2.26828 2.90429 -0.331142 
71 -2.34388 2.57209 -0.45209 
72 -2.30742 2.1646 -0.542452 
73 -2.15134 1.7043 -0.588901 
74 -1.90254 1.23905 -0.586429 
75 -1.61564 0.821799 -0.543133 
76 -1.34444 0.483658 -0.47564 
77 -1.11865 0.225848 -0.39972 
78 -0.942741 0.0313084 -0.324847 
79 -0.807478 -0.120743 -0.254487 
80 -0.700301 -0.247122 -0.188627 
81 -0.610408 -0.359096 -0.125904 
82 -0.529987 -0.463422 -0.0647118 
83 -0.453812 -0.563811 -0.00361386 
84 -0.378465 -0.662049 0.0585819 
85 -0.301679 -0.758649 0.122828 
86 -0.221952 -0.853136 0.189806 
87 -0.138438 -0.944077 0.259788 
88 -0.0510884 -1.02898 0.33238 
89 0.039025 -1.10425 0.406166 
90 0.129342 -1.16529 0.478383 
91 0.215641 -1.20712 0.544813 
92 0.29234 -1.22534 0.600161 
93 0.353444 -1.2174 0.638979 
94 0.393904 -1.18345 0.656918 
95 0.41085 -1.12639 0.651755 
96 0.404132 -1.05094 0.623715 
97 0.376011 -0.962191 0.575001 
98 0.330357 -0.864349 0.508943 
99 0.27187 -0.759996 0.429236 
100 0.205666 -0.650131 0.339658 
101 0.137284 -0.534872 0.244322 
102 0.072803 -0.414769 0.148286 
103 0.0185381 -0.292421 0.0579738 
104 -0.0201992 -0.173526 -0.0194103 
105 -0.0410245 -0.0661228 -0.0778645 
106 -0.0457098 0.0222709 -0.114999 
107 -0.0393663 0.0877698 -0.1329 
108 -0.028033 0.131108 -0.136655 
109 -0.0165093 0.156207 -0.131915 
110 -0.00755842 0.167977 -0.123184 
111 -0.00221931 0.170803 -0.113334 
112 -0.000481568 0.167978 -0.103882 
113 -0.00185634 0.161731 -0.0954562 
114 -0.00572325 0.153477 -0.0881986 
115 -0.0114982 0.144079 -0.082022 
116 -0.0186946 0.134044 -0.0767555 
117 -0.0269323 0.123668 -0.072216 
118 -0.0359247 0.113115 -0.0682393 
119 -0.0454609 0.102479 -0.0646894 
120 -0.0553875 0.0918091 -0.061459 
