4  7
0.107734  0.140218  0.208189  0.0566819  0.221486  0.114164  0.151527  
5.89501  -4.30253  1.47885  -0.249856  
18.4809  0.459544  0.164266  0.18594  
35.5938  0.667255  0.647151  0.677213  
48.9517  2.31586  -1.51202  3.52265  
62.9096  -0.0633147  -0.0851786  -0.247998  
79.541  0.296802  -0.731856  0.686818  
92.8833  -0.046193  0.338575  -0.180236  
9.67522  8.53646  -3.01334  0.53188  
8.53646  7.6167  -2.67861  0.461462  
-3.01334  -2.67861  0.991322  -0.170594  
0.53188  0.461462  -0.170594  0.035452  
19.1304  1.82231  1.26641  0.438085  
1.82231  0.329473  0.256916  0.0730851  
1.26641  0.256916  0.341423  0.0926296  
0.438085  0.0730851  0.0926296  0.210546  
39.4863  2.73875  1.06167  9.91205  
2.73875  1.28721  0.398186  0.910813  
1.06167  0.398186  1.2178  0.223267  
9.91205  0.910813  0.223267  3.30265  
3.41997  -0.251149  -2.32032  -4.41276  
-0.251149  0.81374  -0.694772  0.820489  
-2.32032  -0.694772  4.08389  2.43417  
-4.41276  0.820489  2.43417  6.71389  
43.1086  -6.86411  4.1077  -2.39752  
-6.86411  2.85166  -1.54818  0.241909  
4.1077  -1.54818  2.56041  -0.427643  
-2.39752  0.241909  -0.427643  0.583241  
13.1322  -1.61026  -0.257022  -0.394981  
-1.61026  0.466471  -0.0808511  -0.11387  
-0.257022  -0.0808511  0.728891  0.296557  
-0.394981  -0.11387  0.296557  1.26042  
19.663  -0.0690668  -0.999237  0.118855  
-0.0690668  0.127696  0.0277154  -0.000885547  
-0.999237  0.0277154  0.166301  -0.0438338  
0.118855  -0.000885547  -0.0438338  0.102028  
