4,100
1 -0.506894 0.162089 -0.0279721 
2 -1.26902 0.429194 -0.0740386 
3 -2.03245 0.696488 -0.120338 
4 -2.79783 0.964037 -0.167 
5 -3.56615 1.23191 -0.214224 
6 -4.33879 1.50014 -0.262326 
7 -5.11761 1.76861 -0.311789 
8 -5.9047 2.03676 -0.363317 
9 -6.70116 2.30289 -0.417833 
10 -7.50346 2.56256 -0.476225 
11 -8.29441 2.80562 -0.538401 
12 -9.02642 3.01221 -0.600905 
13 -9.60687 3.1531 -0.653413 
14 -9.92512 3.20565 -0.678931 
15 -9.94655 3.18228 -0.664858 
16 -9.76743 3.13024 -0.615888 
17 -9.528 3.09206 -0.548941 
18 -9.31171 3.08184 -0.478825 
19 -9.13882 3.09464 -0.413324 
20 -9.00132 3.12088 -0.35601 
21 -8.88634 3.15269 -0.30957 
22 -8.78408 3.18497 -0.277585 
23 -8.68856 3.21492 -0.26517 
24 -8.59654 3.2418 -0.27878 
25 -8.50631 3.26718 -0.324909 
26 -8.41686 3.29545 -0.407249 
27 -8.32741 3.33381 -0.522667 
28 -8.23726 3.39058 -0.658413 
29 -8.1458 3.47195 -0.794153 
30 -8.05277 3.57918 -0.909368 
31 -7.95824 3.70843 -0.991117 
32 -7.86253 3.85327 -1.03659 
33 -7.76604 4.00744 -1.05034 
34 -7.66912 4.16637 -1.03987 
35 -7.57206 4.32736 -1.01254 
36 -7.47518 4.48925 -0.974225 
37 -7.37896 4.65207 -0.929102 
38 -7.28427 4.8171 -0.87981 
39 -7.19267 4.98727 -0.827324 
40 -7.10662 5.1681 -0.769749 
41 -7.02897 5.3683 -0.698763 
42 -6.96005 5.59803 -0.592177 
43 -6.89007 5.86022 -0.404398 
44 -6.78874 6.1316 -0.069185 
45 -6.60805 6.3504 0.459802 
46 -6.31516 6.44703 1.1498 
47 -5.9231 6.40091 1.89984 
48 -5.47397 6.24613 2.62164 
49 -5.00396 6.03008 3.28156 
50 -4.53133 5.78562 3.88366 
51 -4.06131 5.52878 4.44404 
52 -3.59279 5.26453 4.97828 
53 -3.12193 4.99132 5.49816 
54 -2.64399 4.70294 6.01088 
55 -2.1559 4.38943 6.51658 
56 -1.66314 4.04021 7.00042 
57 -1.19478 3.65608 7.41816 
58 -0.818577 3.27335 7.69039 
59 -0.616645 2.97275 7.74759 
60 -0.606742 2.82401 7.61337 
61 -0.717543 2.82016 7.39493 
62 -0.864979 2.90332 7.18184 
63 -1.00616 3.02364 7.00455 
64 -1.13137 3.15639 6.8595 
65 -1.24338 3.29322 6.73536 
66 -1.34668 3.43292 6.62301 
67 -1.44421 3.5766 6.5173 
68 -1.53693 3.72564 6.41658 
69 -1.62387 3.88023 6.32244 
70 -1.70218 4.03721 6.24016 
71 -1.76747 4.18697 6.17916 
72 -1.81535 4.31103 6.15146 
73 -1.84469 4.38545 6.16585 
74 -1.86057 4.39326 6.21983 
75 -1.87281 4.33697 6.29818 
76 -1.89025 4.23618 6.38204 
77 -1.91687 4.1136 6.4588 
78 -1.95237 3.98487 6.52428 
79 -1.99457 3.85737 6.57948 
80 -2.04111 3.73318 6.62724 
81 -2.09006 3.61193 6.67048 
82 -2.13973 3.49246 6.71174 
83 -2.18833 3.37363 6.7534 
84 -2.23317 3.25503 6.79803 
85 -2.26986 3.1383 6.84845 
86 -2.2918 3.02954 6.90687 
87 -2.29162 2.94174 6.97237 
88 -2.26637 2.89294 7.03756 
89 -2.22372 2.89545 7.08928 
90 -2.18012 2.94435 7.11646 
91 -2.15003 3.02055 7.11738 
92 -2.13873 3.10485 7.09814 
93 -2.14424 3.18614 7.06646 
94 -2.16211 3.26058 7.02818 
95 -2.18822 3.32813 6.98676 
96 -2.21961 3.39003 6.944 
97 -2.25433 3.44769 6.90076 
98 -2.29117 3.50227 6.85745 
99 -2.32936 3.55462 6.81421 
100 -2.36844 3.60536 6.7711 
