4,100
1 -8.61336 2.99906 -0.518628 
2 -7.72802 2.6859 -0.463532 
3 -6.84096 2.37171 -0.408368 
4 -5.95113 2.05581 -0.353094 
5 -5.05685 1.73701 -0.297646 
6 -4.15574 1.41335 -0.241936 
7 -3.2454 1.0819 -0.18589 
8 -2.32732 0.739538 -0.129635 
9 -1.42087 0.387952 -0.0741232 
10 -0.597053 0.0495625 -0.0226182 
11 -0.00481463 -0.210253 0.0182383 
12 0.238087 -0.31475 0.0433241 
13 0.235335 -0.27713 0.0571622 
14 0.190651 -0.183944 0.068217 
15 0.193959 -0.0908305 0.0795505 
16 0.242769 -0.00949985 0.0898362 
17 0.315706 0.0633933 0.0964009 
18 0.397463 0.131946 0.0959564 
19 0.479352 0.19829 0.0841093 
20 0.555574 0.262934 0.0545307 
21 0.620211 0.325202 -0.00180772 
22 0.665309 0.38324 -0.0965632 
23 0.680323 0.433797 -0.241126 
24 0.654661 0.47241 -0.43763 
25 0.585626 0.495162 -0.663733 
26 0.488524 0.502305 -0.864951 
27 0.395166 0.500366 -0.977541 
28 0.334582 0.498602 -0.970539 
29 0.316499 0.503126 -0.858372 
30 0.33412 0.515188 -0.676461 
31 0.375519 0.533269 -0.456389 
32 0.43071 0.555296 -0.218038 
33 0.493251 0.579618 0.0282461 
34 0.559511 0.605157 0.277689 
35 0.627619 0.631261 0.52828 
36 0.696695 0.657526 0.77923 
37 0.766404 0.683646 1.03023 
38 0.836738 0.709284 1.28108 
39 0.907951 0.733932 1.53155 
40 0.980597 0.75672 1.78117 
41 1.05581 0.776307 2.02986 
42 1.13671 0.791772 2.28419 
43 1.23525 0.806918 2.59069 
44 1.39239 0.830072 3.12247 
45 1.67366 0.807903 4.09464 
46 2.01099 0.545086 5.01841 
47 2.21183 -0.00320355 5.04492 
48 2.26149 -0.658943 4.30519 
49 2.23233 -1.30115 3.23396 
50 2.16177 -1.85689 2.0736 
51 2.04952 -2.19663 1.00024 
52 1.87078 -2.09383 0.290252 
53 1.6309 -1.55243 0.149042 
54 1.40339 -1.07176 0.24081 
55 1.21571 -0.846712 0.24292 
56 1.0468 -0.732836 0.179168 
57 0.883391 -0.640665 0.106377 
58 0.721817 -0.549003 0.0390995 
59 0.561173 -0.455744 -0.0230794 
60 0.401101 -0.36147 -0.0822241 
61 0.241383 -0.266677 -0.139713 
62 0.081887 -0.171631 -0.196311 
63 -0.0774508 -0.0764669 -0.252418 
64 -0.2366 0.0187312 -0.308207 
65 -0.395335 0.113859 -0.363639 
66 -0.552932 0.208655 -0.418329 
67 -0.707379 0.302348 -0.471084 
68 -0.853541 0.392763 -0.518798 
69 -0.979427 0.474281 -0.554172 
70 -1.06021 0.534038 -0.562047 
71 -1.05394 0.547702 -0.516717 
72 -0.914062 0.482896 -0.389478 
73 -0.635284 0.323306 -0.176661 
74 -0.294118 0.0991377 0.0752907 
75 -0.0021972 -0.127422 0.298003 
76 0.180199 -0.312003 0.45414 
77 0.256855 -0.445401 0.54548 
78 0.257188 -0.5369 0.589443 
79 0.209098 -0.597898 0.602219 
80 0.132027 -0.635235 0.593961 
81 0.0387041 -0.64911 0.568761 
82 -0.0610006 -0.631153 0.524969 
83 -0.155403 -0.561967 0.455112 
84 -0.226205 -0.414111 0.348444 
85 -0.25023 -0.176889 0.203493 
86 -0.219264 0.100037 0.0472029 
87 -0.158829 0.322168 -0.0761297 
88 -0.104393 0.440643 -0.147301 
89 -0.0703441 0.474545 -0.17848 
90 -0.0536119 0.460879 -0.188136 
91 -0.0473085 0.425134 -0.188198 
92 -0.0463669 0.380132 -0.184402 
93 -0.0479505 0.331474 -0.179148 
94 -0.0506575 0.281432 -0.17337 
95 -0.0538432 0.230882 -0.16741 
96 -0.0572259 0.180153 -0.161391 
97 -0.0606876 0.129363 -0.155353 
98 -0.0641802 0.0785528 -0.149309 
99 -0.0676847 0.0277365 -0.143264 
100 -0.0711939 -0.0230815 -0.137219 
