4,100
1 -0.914528 4.21379 6.78696 
2 -0.796357 3.77291 6.07524 
3 -0.67735 3.32928 5.35967 
4 -0.557363 2.88229 4.6395 
5 -0.43613 2.43072 3.91327 
6 -0.313315 1.97274 3.17898 
7 -0.188802 1.50628 2.43498 
8 -0.0637366 1.03109 1.68393 
9 0.0564412 0.556389 0.945224 
10 0.155935 0.118688 0.28154 
11 0.206371 -0.203594 -0.186186 
12 0.189499 -0.341037 -0.367814 
13 0.127679 -0.330291 -0.342303 
14 0.0586864 -0.271472 -0.267936 
15 -0.00114628 -0.220812 -0.22166 
16 -0.0524553 -0.186406 -0.207368 
17 -0.0993191 -0.161853 -0.211179 
18 -0.144559 -0.14131 -0.222932 
19 -0.189665 -0.121514 -0.237876 
20 -0.235549 -0.100616 -0.254417 
21 -0.283125 -0.0770219 -0.272504 
22 -0.33375 -0.0485855 -0.293032 
23 -0.389658 -0.0119222 -0.317913 
24 -0.454535 0.0383412 -0.35062 
25 -0.53421 0.110335 -0.397123 
26 -0.63718 0.215182 -0.467039 
27 -0.773943 0.365129 -0.574126 
28 -0.953073 0.566833 -0.733817 
29 -1.1723 0.808531 -0.954564 
30 -1.40887 1.0493 -1.22453 
31 -1.62268 1.22952 -1.50729 
32 -1.77809 1.30484 -1.75961 
33 -1.86355 1.26987 -1.95619 
34 -1.88962 1.14872 -2.09605 
35 -1.87473 0.972215 -2.19163 
36 -1.83498 0.764365 -2.25738 
37 -1.78121 0.540056 -2.30456 
38 -1.71978 0.30726 -2.34048 
39 -1.65404 0.0696284 -2.3693 
40 -1.58546 -0.171766 -2.39273 
41 -1.51422 -0.417499 -2.41027 
42 -1.43938 -0.669277 -2.41872 
43 -1.35871 -0.929292 -2.4106 
44 -1.26842 -1.19854 -2.37162 
45 -1.16315 -1.47271 -2.27777 
46 -1.03765 -1.73465 -2.09612 
47 -0.891332 -1.94713 -1.79775 
48 -0.734544 -2.05919 -1.38648 
49 -0.58811 -2.03667 -0.919128 
50 -0.471111 -1.89135 -0.478688 
51 -0.389208 -1.66984 -0.12079 
52 -0.336203 -1.4186 0.14532 
53 -0.302386 -1.16518 0.337606 
54 -0.279842 -0.920248 0.479009 
55 -0.263562 -0.685567 0.587342 
56 -0.2508 -0.459731 0.673538 
57 -0.240256 -0.241158 0.742567 
58 -0.2315 -0.029659 0.794301 
59 -0.224658 0.172181 0.8236 
60 -0.220187 0.357115 0.819952 
61 -0.218552 0.511065 0.768308 
62 -0.219588 0.613158 0.654624 
63 -0.221646 0.643218 0.479024 
64 -0.221435 0.59812 0.269122 
65 -0.215605 0.502115 0.0730824 
66 -0.202908 0.393447 -0.06979 
67 -0.184444 0.300469 -0.148789 
68 -0.162214 0.232943 -0.175001 
69 -0.137911 0.188412 -0.16561 
70 -0.112593 0.160437 -0.134914 
71 -0.0868342 0.142915 -0.0924244 
72 -0.0609394 0.131279 -0.043891 
73 -0.0351213 0.122355 0.00722388 
74 -0.00963084 0.113879 0.0585537 
75 0.0151145 0.104044 0.107942 
76 0.0383796 0.0911979 0.152745 
77 0.0589505 0.0737956 0.189306 
78 0.0750715 0.0507412 0.212882 
79 0.0847361 0.0222215 0.218652 
80 0.0865741 -0.00933272 0.204235 
81 0.0810235 -0.0392634 0.172516 
82 0.0706594 -0.0625363 0.131726 
83 0.0589886 -0.0762402 0.0915203 
84 0.0487491 -0.080459 0.0585156 
85 0.041174 -0.0771895 0.0349214 
86 0.0363139 -0.0688365 0.0199164 
87 0.0336659 -0.0573617 0.0115091 
88 0.0326182 -0.044094 0.00769174 
89 0.0326485 -0.0298427 0.006878 
90 0.0333717 -0.0150696 0.00795216 
91 0.0345265 -2.68604e-05 0.0101799 
92 0.0359435 0.0151519 0.0130978 
93 0.0375167 0.0303979 0.0164215 
94 0.0391815 0.0456761 0.0199804 
95 0.0408993 0.0609695 0.0236737 
96 0.0426473 0.0762698 0.027443 
97 0.0444122 0.091573 0.0312548 
98 0.0461866 0.106878 0.0350899 
99 0.0479662 0.122182 0.0389379 
100 0.0497486 0.137488 0.0427927 
