4,100
1 -0.0702024 0.122211 0.235519 
2 -0.144136 0.543508 0.89785 
3 -0.218566 0.967275 1.56494 
4 -0.293483 1.39341 2.23681 
5 -0.368925 1.82201 2.91405 
6 -0.444952 2.2532 3.5976 
7 -0.521568 2.68668 4.28826 
8 -0.598512 3.12048 4.98508 
9 -0.674708 3.5479 5.68085 
10 -0.747047 3.95099 6.35155 
11 -0.808552 4.29131 6.93915 
12 -0.848404 4.51183 7.34774 
13 -0.859207 4.57774 7.50243 
14 -0.847355 4.52935 7.445 
15 -0.828295 4.45121 7.30541 
16 -0.812279 4.39561 7.17833 
17 -0.801341 4.37014 7.08828 
18 -0.794071 4.365 7.0268 
19 -0.788932 4.37037 6.9814 
20 -0.785145 4.38038 6.94404 
21 -0.782667 4.39226 6.91082 
22 -0.782087 4.40491 6.88018 
23 -0.78468 4.41803 6.85156 
24 -0.792657 4.4317 6.82448 
25 -0.809607 4.44628 6.79795 
26 -0.841115 4.4624 6.76975 
27 -0.895439 4.48107 6.73555 
28 -0.983952 4.50373 6.68784 
29 -1.12066 4.53222 6.61508 
30 -1.31985 4.56859 6.50194 
31 -1.59129 4.61445 6.3319 
32 -1.9342 4.6702 6.09243 
33 -2.33367 4.73442 5.78102 
34 -2.76351 4.80406 5.40774 
35 -3.19493 4.87547 4.99182 
36 -3.60553 4.94556 4.55445 
37 -3.98344 5.01244 4.11262 
38 -4.32622 5.07541 3.6766 
39 -4.63735 5.13451 3.2506 
40 -4.9228 5.19007 2.83459 
41 -5.18892 5.24227 2.42597 
42 -5.44145 5.29081 2.02061 
43 -5.68519 5.33442 1.61336 
44 -5.92402 5.37032 1.19817 
45 -6.16093 5.39322 0.768509 
46 -6.39791 5.39425 0.318403 
47 -6.63531 5.35986 -0.154969 
48 -6.87096 5.2722 -0.646623 
49 -7.09922 5.11273 -1.13807 
50 -7.31113 4.87021 -1.59471 
51 -7.49699 4.5505 -1.97264 
52 -7.65073 4.1796 -2.23561 
53 -7.77294 3.79471 -2.37128 
54 -7.8701 3.42905 -2.39345 
55 -7.95091 3.10221 -2.33067 
56 -8.02306 2.8202 -2.21257 
57 -8.09188 2.58088 -2.06219 
58 -8.16041 2.37959 -1.89452 
59 -8.22997 2.21283 -1.7182 
60 -8.30075 2.08028 -1.538 
61 -8.37195 1.98578 -1.35697 
62 -8.44182 1.93739 -1.1785 
63 -8.5075 1.94595 -1.00795 
64 -8.56513 2.02098 -0.853626 
65 -8.6106 2.16382 -0.72608 
66 -8.64117 2.36094 -0.6348 
67 -8.65702 2.58388 -0.583591 
68 -8.66156 2.79892 -0.568162 
69 -8.65977 2.98017 -0.578301 
70 -8.65616 3.11633 -0.602653 
71 -8.65358 3.2086 -0.63236 
72 -8.65325 3.26473 -0.662064 
73 -8.65529 3.29395 -0.689184 
74 -8.65927 3.30433 -0.712724 
75 -8.66452 3.30191 -0.732285 
76 -8.67027 3.2908 -0.747394 
77 -8.67568 3.27361 -0.75705 
78 -8.67973 3.2519 -0.75946 
79 -8.68126 3.22667 -0.75201 
80 -8.67907 3.19889 -0.731786 
81 -8.6723 3.16996 -0.696951 
82 -8.66111 3.14204 -0.648776 
83 -8.64709 3.11758 -0.592835 
84 -8.63283 3.09843 -0.537505 
85 -8.62078 3.08501 -0.490271 
86 -8.61227 3.07645 -0.454929 
87 -8.60743 3.07131 -0.431529 
88 -8.60571 3.06826 -0.41801 
89 -8.60632 3.06635 -0.411785 
90 -8.60856 3.06499 -0.410584 
91 -8.61189 3.06385 -0.412705 
92 -8.61593 3.06278 -0.416968 
93 -8.62042 3.06171 -0.422594 
94 -8.6252 3.0606 -0.429081 
95 -8.63017 3.05945 -0.436111 
96 -8.63526 3.05826 -0.443482 
97 -8.64042 3.05705 -0.451068 
98 -8.64563 3.05582 -0.45879 
99 -8.65087 3.05456 -0.466598 
100 -8.65612 3.0533 -0.47446 
