4,160
1 -8.00746 3.60281 -1.13631 
2 -7.25554 3.25207 -1.06517 
3 -6.45427 2.88163 -0.984778 
4 -5.62091 2.49881 -0.897644 
5 -4.76634 2.10847 -0.805004 
6 -3.89831 1.71442 -0.707175 
7 -3.02425 1.32074 -0.603743 
8 -2.15455 0.93344 -0.493663 
9 -1.30772 0.56297 -0.375496 
10 -0.518543 0.227932 -0.248176 
11 0.152873 -0.04148 -0.113029 
12 0.623218 -0.20678 0.022713 
13 0.823734 -0.242031 0.143708 
14 0.769555 -0.166005 0.232322 
15 0.57678 -0.0428982 0.281644 
16 0.377027 0.0644548 0.299835 
17 0.236511 0.130411 0.300601 
18 0.159155 0.159249 0.294078 
19 0.12501 0.164368 0.285265 
20 0.114574 0.156971 0.275996 
21 0.115379 0.143792 0.266756 
22 0.120943 0.12821 0.257602 
23 0.128337 0.111719 0.248504 
24 0.136379 0.0949104 0.239434 
25 0.144636 0.0779988 0.230378 
26 0.152966 0.0610541 0.221332 
27 0.161329 0.0440972 0.212295 
28 0.16972 0.0271328 0.203272 
29 0.178142 0.0101613 0.194265 
30 0.186607 -0.00681869 0.185283 
31 0.195129 -0.0238084 0.176334 
32 0.203727 -0.040809 0.167431 
33 0.212427 -0.0578206 0.158592 
34 0.221262 -0.0748416 0.149839 
35 0.230273 -0.0918664 0.141204 
36 0.239512 -0.108883 0.132729 
37 0.24904 -0.125867 0.12447 
38 0.258924 -0.142771 0.116505 
39 0.269217 -0.159477 0.108995 
40 0.279828 -0.175537 0.102534 
41 0.289892 -0.188921 0.0998878 
42 0.29523 -0.191318 0.112335 
43 0.281138 -0.156131 0.174747 
44 0.212176 -0.0266562 0.355788 
45 0.0475098 0.242266 0.69126 
46 -0.184238 0.558278 1.02524 
47 -0.371946 0.721513 1.09446 
48 -0.449195 0.657331 0.838286 
49 -0.429589 0.429999 0.37483 
50 -0.346536 0.123698 -0.165109 
51 -0.223655 -0.194517 -0.673424 
52 -0.0773318 -0.458192 -1.03288 
53 0.0696201 -0.588493 -1.10859 
54 0.178571 -0.53916 -0.856048 
55 0.220932 -0.384069 -0.470557 
56 0.212659 -0.252804 -0.203684 
57 0.185941 -0.186523 -0.0979197 
58 0.156554 -0.160447 -0.079224 
59 0.127825 -0.149877 -0.0910324 
60 0.0997836 -0.144068 -0.110869 
61 0.0722071 -0.139765 -0.132419 
62 0.0449836 -0.136136 -0.154296 
63 0.0180508 -0.132939 -0.176239 
64 -0.00864052 -0.130055 -0.198191 
65 -0.0351302 -0.1274 -0.220129 
66 -0.0614452 -0.124906 -0.242029 
67 -0.0875913 -0.122511 -0.263848 
68 -0.113538 -0.120142 -0.285499 
69 -0.139192 -0.117698 -0.306811 
70 -0.164347 -0.115014 -0.327449 
71 -0.188601 -0.111807 -0.346779 
72 -0.211222 -0.107593 -0.36367 
73 -0.230959 -0.101574 -0.376184 
74 -0.245794 -0.0925117 -0.381185 
75 -0.252691 -0.0786147 -0.373937 
76 -0.247495 -0.0575671 -0.347904 
77 -0.225262 -0.0268703 -0.295233 
78 -0.181469 0.0152569 -0.208585 
79 -0.114363 0.0683473 -0.0848112 
80 -0.0279451 0.128021 0.0702991 
81 0.0663693 0.18549 0.239181 
82 0.151772 0.229524 0.395372 
83 0.211797 0.250394 0.512322 
84 0.236214 0.243253 0.572683 
85 0.223282 0.208829 0.572066 
86 0.17807 0.151753 0.516585 
87 0.109301 0.0783374 0.417933 
88 0.0268791 -0.0048982 0.289428 
89 -0.0592517 -0.0917185 0.144134 
90 -0.139304 -0.176004 -0.00540819 
91 -0.203543 -0.251359 -0.146701 
92 -0.24255 -0.310895 -0.26693 
93 -0.248422 -0.347627 -0.353518 
94 -0.217153 -0.355837 -0.396245 
95 -0.151474 -0.333262 -0.39074 
96 -0.0621732 -0.283032 -0.341581 
97 0.0341842 -0.213619 -0.262184 
98 0.120761 -0.136136 -0.170387 
99 0.185852 -0.0605325 -0.0822256 
100 0.224989 0.00692758 -0.00780901 
101 0.239574 0.063915 0.049111 
102 0.234084 0.110817 0.089164 
103 0.213687 0.149243 0.114931 
104 0.182897 0.180925 0.129145 
105 0.145113 0.207086 0.133672 
106 0.102638 0.228136 0.129037 
107 0.056916 0.243508 0.114226 
108 0.00884536 0.251542 0.0866595 
109 -0.0408722 0.249425 0.0423844 
110 -0.0913168 0.233328 -0.0232416 
111 -0.140876 0.199022 -0.113961 
112 -0.18682 0.143315 -0.229847 
113 -0.225232 0.0663299 -0.363896 
114 -0.251697 -0.026317 -0.500068 
115 -0.26278 -0.123291 -0.615656 
116 -0.257543 -0.210571 -0.688486 
117 -0.237946 -0.276333 -0.704876 
118 -0.207831 -0.314395 -0.662943 
119 -0.171361 -0.324414 -0.57013 
120 -0.131914 -0.309814 -0.438226 
121 -0.0917401 -0.275413 -0.279324 
122 -0.052129 -0.225864 -0.10392 
123 -0.0137429 -0.165003 0.0793178 
124 0.0230603 -0.0958028 0.262888 
125 0.0579738 -0.020637 0.439475 
126 0.0905469 0.0583019 0.600942 
127 0.120036 0.138492 0.737572 
128 0.145321 0.216554 0.837987 
129 0.164966 0.287898 0.89045 
130 0.177523 0.346918 0.886181 
131 0.182111 0.38813 0.824146 
132 0.179041 0.408109 0.714629 
133 0.169999 0.407112 0.577882 
134 0.157523 0.389066 0.437258 
135 0.144084 0.359779 0.311187 
136 0.131397 0.324758 0.209124 
137 0.120274 0.287921 0.132431 
138 0.110847 0.25144 0.0776717 
139 0.102887 0.216186 0.0397103 
140 0.0960489 0.18229 0.0135965 
141 0.089999 0.149549 -0.00465 
142 0.0844711 0.117671 -0.017913 
143 0.0792723 0.0863847 -0.0281406 
144 0.0742729 0.0554806 -0.0365817 
145 0.06939 0.0248112 -0.0440035 
146 0.064573 -0.00572029 -0.0508606 
147 0.0597921 -0.0361735 -0.0574135 
148 0.0550304 -0.0665839 -0.0638068 
149 0.0502787 -0.0969716 -0.0701187 
150 0.0455319 -0.127348 -0.07639 
151 0.0407876 -0.157718 -0.0826416 
152 0.0360445 -0.188085 -0.088884 
153 0.031302 -0.218451 -0.095122 
154 0.0265596 -0.248817 -0.101358 
155 0.0218174 -0.279182 -0.107593 
156 0.0170752 -0.309547 -0.113828 
157 0.0123331 -0.339912 -0.120063 
158 0.00759095 -0.370277 -0.126298 
159 0.00284881 -0.400642 -0.132532 
160 -0.00189333 -0.431007 -0.138767 
