4,160
1 -0.374162 0.165011 -0.101096 
2 -1.19128 0.539181 -0.212115 
3 -2.07122 0.939795 -0.338672 
4 -2.99076 1.35693 -0.47584 
5 -3.93881 1.7857 -0.621952 
6 -4.9097 2.22337 -0.777523 
7 -5.89689 2.66647 -0.944666 
8 -6.8805 3.10527 -1.12567 
9 -7.80048 3.5122 -1.31776 
10 -8.5252 3.82947 -1.5009 
11 -8.90033 3.99307 -1.6319 
12 -8.93338 4.01249 -1.67919 
13 -8.81878 3.9752 -1.66129 
14 -8.71092 3.94618 -1.61636 
15 -8.64453 3.93765 -1.56575 
16 -8.60544 3.94186 -1.51538 
17 -8.57825 3.95151 -1.46575 
18 -8.55513 3.96305 -1.41648 
19 -8.5332 3.97517 -1.36731 
20 -8.51154 3.98755 -1.31812 
21 -8.48995 4.00018 -1.26886 
22 -8.46838 4.0132 -1.21945 
23 -8.44686 4.02689 -1.16981 
24 -8.42546 4.04168 -1.11981 
25 -8.40433 4.05824 -1.06923 
26 -8.3837 4.07758 -1.01781 
27 -8.36401 4.10101 -0.965188 
28 -8.34592 4.13018 -0.910989 
29 -8.33043 4.16675 -0.854904 
30 -8.31887 4.21187 -0.796914 
31 -8.31273 4.2651 -0.737614 
32 -8.31331 4.32327 -0.678541 
33 -8.32102 4.37964 -0.622291 
34 -8.33477 4.42469 -0.572121 
35 -8.35173 4.4487 -0.530992 
36 -8.36805 4.44533 -0.500515 
37 -8.37989 4.41384 -0.480464 
38 -8.38438 4.35884 -0.469119 
39 -8.37992 4.28835 -0.464047 
40 -8.36598 4.21165 -0.46283 
41 -8.34272 4.13781 -0.463459 
42 -8.31082 4.07503 -0.464457 
43 -8.27145 4.03019 -0.464856 
44 -8.22634 4.00825 -0.464149 
45 -8.17802 4.01142 -0.462248 
46 -8.12964 4.03836 -0.459438 
47 -8.08468 4.08388 -0.456282 
48 -8.04621 4.13991 -0.453461 
49 -8.01625 4.19745 -0.451585 
50 -7.99543 4.24881 -0.451047 
51 -7.9831 4.28905 -0.451966 
52 -7.97785 4.31629 -0.454236 
53 -7.97797 4.331 -0.457619 
54 -7.98187 4.33496 -0.461827 
55 -7.98824 4.33037 -0.466578 
56 -7.99612 4.31921 -0.471623 
57 -8.00484 4.30287 -0.476739 
58 -8.01395 4.282 -0.481726 
59 -8.02316 4.25644 -0.486408 
60 -8.0324 4.22519 -0.490667 
61 -8.04181 4.18658 -0.494537 
62 -8.05195 4.13867 -0.498371 
63 -8.06388 4.08017 -0.503073 
64 -8.07925 4.01193 -0.510264 
65 -8.09995 3.93823 -0.522148 
66 -8.12748 3.86675 -0.540932 
67 -8.16212 3.80634 -0.567994 
68 -8.20282 3.76363 -0.603428 
69 -8.24759 3.74102 -0.646323 
70 -8.29432 3.73688 -0.695508 
71 -8.34123 3.74732 -0.750233 
72 -8.38699 3.76777 -0.810504 
73 -8.4305 3.79383 -0.87715 
74 -8.47067 3.82146 -0.951716 
75 -8.5061 3.84675 -1.03622 
76 -8.53491 3.86564 -1.1326 
77 -8.55474 3.87384 -1.24169 
78 -8.56304 3.86737 -1.36146 
79 -8.55811 3.84382 -1.48508 
80 -8.54043 3.80433 -1.60024 
81 -8.51369 3.75464 -1.69185 
82 -8.48399 3.70364 -1.74795 
83 -8.45748 3.6598 -1.7648 
84 -8.43802 3.62798 -1.74702 
85 -8.42667 3.60891 -1.70367 
86 -8.42249 3.60065 -1.64398 
87 -8.42377 3.60032 -1.57507 
88 -8.42877 3.60517 -1.50173 
89 -8.43609 3.61296 -1.42699 
90 -8.44466 3.62199 -1.35289 
91 -8.45366 3.63087 -1.28113 
92 -8.46238 3.63838 -1.21361 
93 -8.47013 3.64325 -1.15275 
94 -8.47606 3.64414 -1.10189 
95 -8.47913 3.63961 -1.06526 
96 -8.47812 3.62842 -1.04764 
97 -8.47187 3.61007 -1.05317 
98 -8.45965 3.58552 -1.08334 
99 -8.44176 3.55767 -1.13476 
100 -8.41974 3.53106 -1.19861 
101 -8.3961 3.51047 -1.26278 
102 -8.37345 3.49927 -1.31603 
103 -8.35365 3.49864 -1.35135 
104 -8.33757 3.50779 -1.36669 
105 -8.32522 3.52492 -1.36363 
106 -8.31616 3.54805 -1.34551 
107 -8.30983 3.57545 -1.31602 
108 -8.30574 3.60592 -1.27861 
109 -8.30362 3.6388 -1.23644 
110 -8.30352 3.67398 -1.19291 
111 -8.30601 3.71179 -1.15257 
112 -8.31232 3.75274 -1.12265 
113 -8.32453 3.79662 -1.11465 
114 -8.34533 3.84094 -1.14425 
115 -8.37675 3.87917 -1.22657 
116 -8.41815 3.90131 -1.36562 
117 -8.46518 3.89844 -1.54587 
118 -8.51167 3.86823 -1.73773 
119 -8.55293 3.81565 -1.91361 
120 -8.58722 3.74887 -2.05819 
121 -8.61498 3.67543 -2.1671 
122 -8.63741 3.60101 -2.24085 
123 -8.6556 3.53011 -2.2798 
124 -8.67002 3.46715 -2.28175 
125 -8.68038 3.41742 -2.24175 
126 -8.68562 3.38721 -2.15454 
127 -8.68416 3.38219 -2.02036 
128 -8.67488 3.40373 -1.85206 
129 -8.65815 3.44581 -1.67591 
130 -8.63607 3.49696 -1.52005 
131 -8.61121 3.54687 -1.39953 
132 -8.58521 3.59104 -1.31298 
133 -8.55849 3.63018 -1.2502 
134 -8.53074 3.66717 -1.20042 
135 -8.5015 3.70486 -1.15595 
136 -8.47044 3.74517 -1.11244 
137 -8.43753 3.78897 -1.06809 
138 -8.40301 3.83629 -1.02265 
139 -8.36738 3.88647 -0.976884 
140 -8.33135 3.93836 -0.932073 
141 -8.29576 3.99049 -0.889783 
142 -8.26149 4.04122 -0.851621 
143 -8.22942 4.08893 -0.819063 
144 -8.2003 4.13211 -0.793306 
145 -8.17471 4.16955 -0.775183 
146 -8.15305 4.20034 -0.765121 
147 -8.1355 4.22396 -0.763156 
148 -8.12208 4.24019 -0.768976 
149 -8.11262 4.24911 -0.781992 
150 -8.10687 4.25102 -0.801407 
151 -8.10446 4.24641 -0.826281 
152 -8.10498 4.23585 -0.855587 
153 -8.10799 4.22001 -0.888246 
154 -8.11301 4.19959 -0.923155 
155 -8.11958 4.17529 -0.959199 
156 -8.12721 4.14785 -0.995263 
157 -8.13544 4.118 -1.03023 
158 -8.14376 4.08646 -1.06299 
159 -8.15171 4.054 -1.09244 
160 -8.15881 4.02135 -1.11751 
