-1 -14724 4284 -824 -88 17 43 0
-1 -14668 4336 -820 -169 189 -35 0
-1 -14940 4416 -452 -232 151 -147 0
-1 -14804 4292 -444 -555 -1 -14 0
-1 -14732 4136 -792 -164 -231 25 0
-1 -14748 4184 -900 197 -414 107 0
-1 -14660 4240 -844 366 -360 65 0
-1 -14812 4004 -876 163 -200 21 0
-1 -14816 4044 -568 561 -189 -121 0
-1 -14880 4240 -396 292 -158 -154 0
-1 -14812 4216 -416 -439 2 -167 0
-1 -14784 3956 -488 -713 101 -268 0
-1 -15176 3900 -396 -832 181 -231 0
-1 -14916 3720 -336 -1033 132 137 0
-1 -14560 4112 -324 -873 82 803 0
-1 -14924 3976 -232 -1807 626 924 0
-1 -14944 3284 12 -477 332 1185 0
-1 -15128 5328 96 598 -571 2720 0
-1 -15204 5276 184 2230 -1718 5278 0
-1 -14096 7920 48 3239 -2002 7610 0
-1 -12740 6668 -224 -3591 491 8137 0
-1 -12604 7148 316 -2348 1694 7872 0
-1 -11532 9260 -664 -13229 4843 7046 0
-1 -11708 5976 -572 -16184 6485 6367 0
-1 -11744 8208 84 -17007 7427 5779 0
-1 -12460 4516 -876 -16525 8622 5249 0
-1 -13268 6464 -2188 -10087 8850 4567 0
-1 -13780 8212 -2968 -7675 8086 4387 0
-1 -16080 7412 4260 -7252 4117 5089 1
-1 -11300 9308 -1884 -2729 3113 5587 1
-1 -11588 9320 -1448 -7579 4915 5192 1
-1 -11232 8588 196 -4 1930 4633 1
-1 -10324 11952 256 -1187 1762 2752 1
-1 -10372 8644 1124 1205 -115 1193 1
-1 -9856 10012 792 -3348 -251 2112 1
-1 -10132 9032 632 -4053 -637 1431 1
-1 -10116 12348 852 -2729 -1924 2600 1
-1 -11128 9096 320 -6714 -2514 1579 1
-1 -11956 10852 1780 -3310 -4815 2510 1
-1 -12268 10284 2884 -4234 -6527 3094 1
-1 -10784 10284 3008 -5544 -7266 3298 1
-1 -9584 9868 4796 -4927 -8441 1903 1
-1 -7964 11088 3652 -3097 -9130 1563 1
-1 -9152 10896 6564 -8250 -8601 1384 1
-1 -7748 9764 7656 -4753 -9886 1308 1
-1 -5204 10372 8760 -4662 -8270 3504 1
-1 -3768 8796 11984 -6491 -6888 4591 1
-1 -2816 9952 14448 -2408 -8337 3878 1
-1 -3272 12404 13676 -1284 -6765 2754 1
-1 -4016 8440 12220 -8721 -4872 3239 1
-1 -3136 3892 9964 -9239 -4189 2729 1
-1 -1636 2816 9980 -8552 -4503 1416 1
-1 1304 5404 11028 -927 -3951 1293 1
-1 2496 6724 11800 -233 -2571 1315 1
-1 2380 5636 12024 -1327 -1218 2018 1
-1 1180 3620 11996 -2832 -198 2549 1
-1 1032 2996 12824 -902 -380 2101 1
-1 1668 4328 12844 2734 -1647 2450 1
-1 1220 5548 12320 1608 -814 2903 1
-1 1524 5212 10432 1446 757 3816 1
-1 -836 5412 10564 4553 2278 2519 1
-1 2608 5208 12708 2838 2820 1376 1
-1 3832 4280 14612 2435 1696 123 1
-1 3296 4176 12524 5051 1311 -146 1
-1 1156 7056 12580 7466 2655 292 1
-1 172 8132 10736 7162 4957 -2375 1
-1 -2924 9400 10668 7701 7771 -7875 1
-1 -4192 9268 12656 8563 8307 -9279 1
-1 -6716 13132 13884 -1593 5715 -5275 1
-1 -6568 6908 8840 -7479 5972 -1150 1
-1 -11732 9296 13724 -3828 4582 2496 1
-1 -3988 8984 8932 -5547 162 -241 1
-1 -3500 5892 7288 -2995 791 1549 1
-1 -5412 7480 9456 -16 -865 -3900 1
-1 -3064 10212 9924 -3190 -4878 -531 1
-1 96 7608 14236 -11494 -7671 3375 1
-1 -4000 1924 8676 -6878 -3029 5834 1
-1 -2048 5396 9492 -2790 -1705 2748 1
-1 -2936 3552 11356 -7444 1036 1307 1
-1 -2916 4612 12612 -254 115 1267 1
-1 -3328 3884 10348 -2378 1738 -178 1
-1 -3612 4172 12356 421 1218 -601 1
-1 -2992 3336 12268 -1283 3185 -1304 1
-1 -4044 3056 13408 1972 2365 -2497 1
-1 -4408 2536 12536 4422 464 -2713 1
-1 -4596 4656 11852 5525 173 -2483 1
-1 -4544 5792 12876 426 -4 116 1
-1 -4608 3592 11712 3584 -1300 1516 1
-1 -4364 6644 11956 3550 -1248 161 1
-1 -3624 5168 10572 1793 -546 -1030 1
-1 -4460 5156 12792 1394 -561 -312 1
-1 -3812 5884 11704 1033 -864 -389 1
-1 -3636 5792 10536 1691 -459 -32 1
-1 -4160 6428 11904 54 44 90 1
-1 -4300 3376 11756 631 -392 -1079 1
-1 -4136 6432 11196 1026 -744 -1771 1
-1 -3880 4724 11664 1603 -1174 -1728 1
-1 -3968 6496 11144 2347 -1026 -1247 1
-1 -4064 6828 11660 1012 -809 -370 1
-1 -4148 5800 11336 98 -1308 -1230 1