-1 -14284 5492 -968 663 -153 164 1
-1 -14328 5440 -956 482 -92 146 1
-1 -14368 5500 -784 434 -33 147 1
-1 -14324 5612 -864 267 -1 209 1
-1 -14308 5476 -768 -72 41 188 1
-1 -14400 5408 -884 -103 69 195 1
-1 -14568 5232 -940 -243 75 71 1
-1 -14316 5388 -1028 85 -81 109 1
-1 -14436 5408 -1132 162 -210 123 1
-1 -14452 5432 -808 264 -213 139 1
-1 -14464 5292 -924 312 -272 89 1
-1 -14380 5416 -1008 351 -303 98 1
-1 -14564 5388 -920 507 -266 30 1
-1 -14476 5252 -784 560 -295 -1 1
-1 -14696 5336 -856 578 -304 -135 1
-1 -15032 5236 -672 688 -426 -245 1
-1 -15256 5176 -448 738 -675 -598 1
-1 -15480 5180 -436 52 -1271 -587 1
-1 -15040 5264 -804 -1124 -2139 528 1
-1 -14488 4892 -792 -1548 -2548 1207 1
-1 -14000 4436 -364 334 -2484 1731 1
-1 -14236 5496 312 2311 -2543 2117 1
-1 -13340 6688 2308 2761 -3436 2561 1
-1 -11776 7232 2644 -714 -883 4195 1
-1 -10952 7252 1832 -5285 1980 4202 1
-1 -12104 6544 1844 -8752 3824 3993 1
-1 -12896 5676 1448 -10638 5235 4845 1
-1 -12692 6452 1348 -11573 6625 5257 1
-1 -13124 6716 556 -11000 7525 5966 1
-1 -14708 5948 892 -6476 6369 6832 1
-1 -12988 10180 -1660 -766 973 4777 1
-1 -11780 9500 -3244 -8446 2984 4359 1
-1 -12824 8480 -1832 784 1113 3757 1
-1 -12964 13728 888 -718 -746 3385 1
-1 -11176 9476 -284 7524 -1753 4614 1
-1 -8608 10880 184 5914 -975 3422 1
-1 -8396 10344 136 5450 -1268 2138 1
-1 -8824 12516 -540 2716 -2967 1373 1
-1 -10736 12360 -1352 -5967 -4095 611 1
-1 -11920 10596 -1840 -8274 -6327 -784 1
-1 -13108 11724 2524 -12422 -8131 -476 1
-1 -12760 5432 4128 -8774 -9086 -561 1
-1 -10648 6892 4000 -3591 -11515 -282 1
-1 -8344 7204 5564 -4761 -11831 -618 1
-1 -9076 9532 8836 -2331 -12259 -317 1
-1 -9144 13204 11344 170 -11113 1651 1
-1 -7980 12368 13200 -3178 -4878 6889 1
-1 -7916 11552 14004 -12368 4341 5523 1
-1 -8324 9936 10944 -10449 6758 4727 1
-1 -8312 7192 8172 -8324 5442 6381 1
-1 -6216 5276 8220 -8940 2279 4795 1
-1 -4796 5208 6596 -2820 -3522 1586 1
-1 -1668 4716 9232 -170 -7118 -1675 1
-1 -1140 -296 18020 -14411 2990 6824 1
-1 -3396 1288 10552 -9771 1134 5748 1
-1 -7872 3000 12484 3811 -1370 4858 1
-1 -7964 4856 11640 1598 -467 4434 1
-1 -6088 4192 10728 5528 -454 2049 1
-1 -1572 5024 8580 3443 1818 2083 1
-1 -1552 2816 8340 2474 5931 1736 1
-1 -5452 2844 10420 -1161 7007 2377 1
-1 -7648 2328 17436 3416 2478 4961 1
-1 -6496 7232 10656 15581 -7055 1802 1
-1 -5156 9744 6364 8082 975 -2982 1
-1 -720 10228 7980 2349 8794 -6826 1
-1 -14568 7676 21060 4242 8542 -5389 1
-1 -5928 11772 9940 8672 -2075 -1916 1
-1 -6760 7320 7360 -2455 -1482 2969 1
-1 -6736 6428 7448 -3498 -3806 4279 1
-1 -9028 6780 7764 -7047 -4232 976 1
-1 -6204 6644 7624 -3691 -6032 1229 1
-1 -4420 6520 9268 -2713 -3585 3347 1
-1 -3004 8336 13400 -5875 -5243 6624 1
-1 -3052 5492 12500 -5903 -5045 9902 1
-1 -1928 7160 9256 -9242 -825 7365 1
-1 -3052 6176 7700 -4701 1585 5002 1
-1 -5152 6460 6876 -358 3994 478 1
-1 -4904 7912 14588 -572 3953 -948 1
-1 -5760 7240 12536 -3272 1151 1796 1
-1 -5528 4800 9592 -2109 861 2694 1
-1 -4148 4292 11484 -1271 2269 1181 1
-1 -4608 3932 11900 422 1178 1204 1
-1 -4960 4080 10936 398 1528 574 1
-1 -5000 4824 11000 3385 692 219 1
-1 -5260 5892 11288 2197 1118 -822 1
-1 -5188 5780 12232 3121 4 -98 1
-1 -4640 4972 12952 562 -365 331 1
-1 -4956 5680 10544 2805 -1769 175 1
-1 -4504 6876 11228 1892 -1204 -38 1
-1 -4788 5592 10028 1928 -437 -503 1
-1 -4328 6372 10340 4032 -517 -915 1
-1 -4820 6936 10760 4087 -407 -2385 1
-1 -5208 6992 11356 294 176 -2910 1
-1 -6076 5688 10272 376 67 -3948 1
-1 -4992 6988 10232 4447 -25 -4541 1
-1 -5132 6372 10004 2559 767 -4195 1
-1 -5792 6264 10980 4754 572 -4628 1
-1 -6036 6296 11308 3532 -84 -4624 1
-1 -7072 6048 9832 7536 -1820 -5497 1
-1 -6332 10900 9152 5196 -3017 -5331 1