-1 -14424 5308 -944 110 66 113 0
-1 -14344 5328 -956 158 -5 109 0
-1 -14348 5436 -1052 187 28 149 0
-1 -14408 5348 -980 122 42 91 0
-1 -14360 5288 -944 172 97 122 0
-1 -14408 5484 -900 189 143 90 0
-1 -14372 5468 -928 10 94 161 0
-1 -14372 5392 -1068 126 90 122 0
-1 -14472 5244 -1004 113 129 176 0
-1 -14564 5512 -900 62 136 137 0
-1 -14456 5340 -944 -18 189 147 0
-1 -14416 5620 -1140 -519 407 148 0
-1 -14544 5200 -824 -971 808 -3 0
-1 -14520 5584 -736 -1416 1237 -260 0
-1 -14460 5328 -580 -2985 1961 -436 0
-1 -14784 5168 -688 -3999 2589 -655 0
-1 -15632 5264 -692 -4972 3293 -1055 0
-1 -16224 5312 -712 -6778 3721 -1370 0
-1 -15300 5408 -824 -9933 4714 -1033 0
-1 -15216 4932 -964 -13234 6666 -2122 0
-1 -14824 4748 -1808 -15224 8206 -3440 0
-1 -14020 4292 -2592 -16887 9090 -3423 0
-1 -13476 3320 -3032 -16014 8394 -3463 0
-1 -12852 3448 -3912 -12816 6538 -2410 0
-1 -11980 4636 -5084 -12520 5853 -775 0
-1 -14632 4288 -7796 -10419 4134 319 1
-1 -12728 3860 -7656 -7047 1816 2887 1
-1 -13596 3644 -7672 -2769 650 3878 1
-1 -15036 4416 -7108 -597 -39 3870 1
-1 -15672 5112 -5448 295 -1304 4300 1
-1 -16236 4744 -4928 1516 -3594 4307 1
-1 -16184 5696 -5644 4694 -5664 4915 1
-1 -13696 3988 -5704 7276 -6385 4970 1
-1 -12176 5376 -4684 7355 -6682 4756 1
-1 -12232 4668 -3824 6692 -6987 5198 1
-1 -13920 5948 -4780 9602 -5944 3648 1
-1 -13600 9092 -2860 2733 -3813 3498 1
-1 -12752 9072 -2504 427 -5939 8077 1
-1 -12144 10168 -2136 -5568 -6846 11710 1
-1 -13376 8116 2888 -9714 -10829 12043 1
-1 -10108 9932 -56 -2167 -15171 9766 1
-1 -8512 10632 492 -2958 -17103 6447 1
-1 -7672 12208 3700 -4869 -18120 4377 1
-1 -5840 13952 4808 -5400 -18400 3183 1
-1 -4356 14776 5592 -12020 -16220 2862 1
-1 -5044 11900 12260 -16534 -15016 1551 1
-1 -4736 7640 15356 -11731 -9118 -7750 1
-1 -808 5516 16468 -6375 -2964 -9710 1
-1 -1268 256 11424 61 -417 -6268 1
-1 -1384 2552 11032 267 738 -4136 1
-1 -1872 7156 13184 3626 -1194 -1347 1
-1 -1436 7616 9700 2733 -658 -1547 1
-1 -1508 9172 12608 -157 -17 -2045 1
-1 -1472 6432 11212 801 -866 -1010 1
-1 -2448 8292 11688 -900 -400 55 1
-1 -3516 3912 12048 -4825 33 77 1
-1 -2632 4080 11680 3389 -1578 -389 1
-1 -2216 5524 12196 2441 -1971 408 1
-1 -1960 5772 11940 4516 -2328 1797 1
-1 -804 5896 12916 3868 -2696 2865 1
-1 2012 5860 12136 3186 -966 2923 1
-1 100 9292 13936 -930 2071 1881 1
-1 -696 6364 11576 -52 2152 1569 1
-1 -2576 9040 10360 1732 632 4 1
-1 -3476 12148 13392 460 -2174 -672 1
-1 -1276 8680 10180 -3880 -3204 -449 1
-1 528 5364 9876 -3529 -767 -3225 1
-1 -16 5304 11372 -4552 -220 -4332 1
-1 -2164 6320 12484 -4056 -632 -4076 1
-1 -2420 6360 11612 -1147 -957 -1459 1
-1 -3348 8272 12732 -1773 -200 -717 1
-1 -3948 5884 10424 -6565 415 -2305 1
-1 -3476 4460 10012 -5026 202 -4203 1
-1 -3716 3316 9588 -747 386 -5429 1
-1 -2780 3644 9896 3219 972 -5333 1
-1 -2672 5128 10228 7899 2188 -3519 1
-1 -2832 5276 16308 -853 4965 -1878 1
-1 -5636 8296 16148 -897 -3832 1466 1
-1 -2072 3300 5220 5929 -2953 1656 1
-1 -2900 12240 15780 2082 -1060 2364 1
-1 -1424 3004 12216 -772 -1915 2373 1
-1 -600 5884 11948 1854 147 2650 1
-1 -2200 3360 13312 -2481 -27 2540 1
-1 -3100 4392 11696 2221 264 597 1
-1 -2808 8372 12068 1890 334 889 1
-1 -2192 6008 11568 -1953 1637 623 1
-1 -1356 5316 12440 992 718 90 1
-1 -860 6132 11836 1874 526 -24 1
-1 -1176 6548 12304 313 1025 342 1
-1 -2108 6152 11528 -347 721 865 1
-1 -2840 5948 11772 -187 676 712 1
-1 -3220 5068 11448 820 -325 -671 1
-1 -2840 6812 12300 755 -1296 -452 1
-1 -2640 5000 11692 -1274 -1676 -931 1
-1 -2084 5712 12232 32 -2654 -981 1
-1 -484 6424 12152 71 -2035 -502 1
-1 -1088 5900 12496 -1246 -462 -571 1
-1 -2072 5224 12336 -971 479 291 1
-1 -1800 4996 12372 337 805 1058 1
-1 -1604 5252 12124 1659 781 1333 1