-1 32687 0 1 2051 1 1928641016 1
-1 0 0 1 2051 1 1928641016 1
-1 872 16852 -780 280 664 135 1
-1 872 16852 -780 280 664 135 1
-1 444 16184 -1832 267 -115 374 1
-1 444 16184 -1832 267 -115 374 1
-1 416 16668 -1152 347 -245 284 1
-1 416 16668 -1152 347 -245 284 1
-1 216 16456 -1452 454 696 -933 1
-1 216 16456 -1452 454 696 -933 1
-1 328 16236 -1912 242 -822 629 1
-1 328 16236 -1912 242 -822 629 1
-1 816 16656 -1120 -125 859 -883 1
-1 816 16656 -1120 -125 859 -883 1
-1 -400 17040 -612 31 392 -335 1
-1 -400 17040 -612 31 392 -335 1
-1 -624 16764 -1468 148 -51 467 1
-1 -624 16764 -1468 148 -51 467 1
-1 -672 16932 -1148 584 -499 348 1
-1 -672 16932 -1148 584 -499 348 1
-1 -1868 17008 -1080 540 197 126 1
-1 -1868 17008 -1080 540 197 126 1
-1 -1072 16800 -1332 296 -1200 2263 1
-1 -1072 16800 -1332 296 -1200 2263 1
-1 -1204 16460 -1312 -228 1356 -1604 1
-1 -1204 16460 -1312 -228 1356 -1604 1
-1 -952 16848 -828 -151 279 -55 1
-1 -952 16848 -828 -151 279 -55 1
-1 -244 16352 -820 -257 1643 -1138 1
-1 -244 16352 -820 -257 1643 -1138 1
-1 -880 16508 -1040 -406 1161 87 1
-1 -880 16508 -1040 -406 1161 87 1
-1 592 16464 -696 265 934 868 1
-1 592 16464 -696 265 934 868 1
-1 684 16272 -1100 385 1197 660 1
-1 684 16272 -1100 385 1197 660 1
-1 376 16296 -1096 844 581 930 1
-1 376 16296 -1096 844 581 930 1
-1 -252 16120 -1384 428 746 1187 1
-1 -252 16120 -1384 428 746 1187 1
-1 584 16288 -1016 514 1200 812 1
-1 584 16288 -1016 514 1200 812 1
-1 500 15988 -1344 397 140 2294 1
-1 500 15988 -1344 397 140 2294 1
-1 552 15852 -1536 42 953 2125 1
-1 552 15852 -1536 42 953 2125 1
-1 652 15852 -1204 -454 1581 3319 1
-1 652 15852 -1204 -454 1581 3319 1
-1 2040 16064 -1168 -510 -606 9047 1
-1 2040 16064 -1168 -510 -606 9047 1
-1 2888 16352 -1284 -580 -723 11075 1
-1 2888 16352 -1284 -580 -723 11075 1
-1 5212 16032 -572 -501 -4043 20191 1
-1 5212 16032 -572 -501 -4043 20191 1
-1 7616 14744 -1128 -392 -1800 16204 1
-1 7616 14744 -1128 -392 -1800 16204 1
-1 9096 12876 -1524 -437 -501 15400 1
-1 9096 12876 -1524 -437 -501 15400 1
-1 10248 11332 -1532 -1474 -348 16568 1
-1 10248 11332 -1532 -1474 -348 16568 1
-1 12452 8972 -364 -1916 -193 20015 1
-1 12452 8972 -364 -1916 -193 20015 1
-1 12772 6680 -1828 -3348 -2250 23485 1
-1 12772 6680 -1828 -3348 -2250 23485 1
-1 14524 4744 -316 -2953 537 22685 1
-1 14524 4744 -316 -2953 537 22685 1
-1 15556 2512 -472 -3175 -24 24974 1
-1 15556 2512 -472 -3175 -24 24974 1
-1 18328 -808 232 -1650 2971 21374 1
-1 18328 -808 232 -1650 2971 21374 1
-1 17924 -1636 844 -2232 2446 17513 1
-1 17924 -1636 844 -2232 2446 17513 1
-1 16016 -2896 844 -2139 3739 15736 1
-1 16016 -2896 844 -2139 3739 15736 1
-1 14336 -4456 1104 -1045 5164 14078 1
-1 14336 -4456 1104 -1045 5164 14078 1
-1 12064 -5608 1624 -1155 6396 15047 1
-1 12064 -5608 1624 -1155 6396 15047 1
-1 16004 -9036 3508 -1248 4053 15937 1
-1 16004 -9036 3508 -1248 4053 15937 1
-1 13000 -9592 3184 194 4687 15119 1
-1 13000 -9592 3184 194 4687 15119 1
-1 13476 -10704 3384 1078 1301 12448 1
-1 13476 -10704 3384 1078 1301 12448 1
-1 12532 -13160 2812 -332 2536 11870 1
-1 12532 -13160 2812 -332 2536 11870 1
-1 11076 -14648 2596 784 680 10638 1
-1 11076 -14648 2596 784 680 10638 1
-1 9336 -13252 4528 332 421 10266 1
-1 9336 -13252 4528 332 421 10266 1
-1 7696 -14736 2292 -420 542 10875 1
-1 7696 -14736 2292 -420 542 10875 1
-1 6232 -14768 3068 -2054 4522 11955 1
-1 6232 -14768 3068 -2054 4522 11955 1
-1 4644 -15840 1952 -2534 4443 11611 1
-1 4644 -15840 1952 -2534 4443 11611 1
-1 4040 -14928 4456 -5176 5001 16619 1
-1 4040 -14928 4456 -5176 5001 16619 1
-1 2316 -17340 2064 -3347 2329 14533 1
-1 2316 -17340 2064 -3347 2329 14533 1
-1 2932 -18032 2520 -4842 7101 10904 1
-1 2932 -18032 2520 -4842 7101 10904 1
-1 -240 -16760 2048 -2399 -2584 11118 1
-1 -240 -16760 2048 -2399 -2584 11118 1
-1 -1708 -16700 1884 -2470 4492 7713 1
-1 -1708 -16700 1884 -2470 4492 7713 1
-1 -2376 -17268 920 -2740 25 9831 1
-1 -2376 -17268 920 -2740 25 9831 1
-1 -3252 -16748 992 -2270 4032 8099 1
-1 -3252 -16748 992 -2270 4032 8099 1
-1 -3152 -17420 544 -1594 305 5668 1
-1 -3152 -17420 544 -1594 305 5668 1
-1 -4264 -16860 -168 -1769 2526 3360 1
-1 -4264 -16860 -168 -1769 2526 3360 1
-1 -4904 -14896 1304 -2182 -781 5848 1
-1 -4904 -14896 1304 -2182 -781 5848 1
-1 -2732 -17144 644 -2971 -2160 3406 1
-1 -2732 -17144 644 -2971 -2160 3406 1
-1 -7300 -15288 -964 -1513 -1902 320 1
-1 -7300 -15288 -964 -1513 -1902 320 1
-1 -5152 -14804 -216 -1532 1628 -865 1
-1 -5152 -14804 -216 -1532 1628 -865 1
-1 -5600 -14760 20 -581 3457 -2981 1
-1 -5600 -14760 20 -581 3457 -2981 1
-1 -4728 -14144 464 -393 1231 -418 1
-1 -4728 -14144 464 -393 1231 -418 1
-1 -5960 -14488 -840 466 -343 -38 1
-1 -5960 -14488 -840 466 -343 -38 1
-1 -4604 -15220 -1408 1041 1121 -2358 1
-1 -4604 -15220 -1408 1041 1121 -2358 1
