-1 -13812 6448 -3576 1731 791 -1437 1
-1 -15948 6964 -5360 6586 -804 -1939 1
-1 -20844 8120 -6984 9995 -1672 -2255 1
-1 -20560 7580 -7872 10801 -1237 -4073 1
-1 -15888 5680 -5844 6340 -1002 -3723 1
-1 -12896 3196 -1700 2917 1218 -1240 1
-1 -12392 6188 -1324 1126 -892 -519 1
-1 -11980 3460 -2084 435 -2524 2046 1
-1 -10328 5012 -1576 988 -4643 1110 1
-1 -12656 6368 352 -1251 -5256 1545 1
-1 -16716 7060 -1544 -4684 -4499 2411 1
-1 -15288 5124 -3412 -4917 -4355 3676 1
-1 -13072 4200 -2084 -5087 -1834 3780 1
-1 -16860 4156 -3196 1333 -2363 2522 1
-1 -19748 6356 -2724 8184 -1316 1519 1
-1 -14756 4480 -4792 7017 -3495 2801 1
-1 -14516 4876 -4492 7186 -1772 3207 1
-1 -13792 5832 -4808 5398 -2648 744 1
-1 -12548 4996 -5092 8731 -3168 -286 1
-1 -11192 5756 -5108 10023 -2096 -392 1
-1 -10940 6328 -7036 10730 813 210 1
-1 -11148 5640 -5908 11561 2055 -1761 1
-1 -13148 7784 -4360 17666 1933 -6941 1
-1 -16048 10144 -5372 13459 1751 -10112 1
-1 -19368 11000 -4888 8404 1879 -8140 1
-1 -25640 10276 -4276 2664 -620 642 1
-1 -19772 8744 -448 -10474 -7561 6484 1
-1 -5104 -3020 -828 352 -10728 1547 1
-1 -12340 4584 1036 10542 -7678 -739 1
-1 -14296 6904 -1544 3903 -6983 1013 1
-1 -12872 4976 -1508 980 -5940 2784 1
-1 -11672 4884 -2576 -3336 -5425 3784 1
-1 -12728 3460 -2676 -2819 -5729 5049 1
-1 -16988 2396 -532 -6480 -4513 2704 1
-1 -16084 -3832 -2592 -5654 -4777 -1243 1
-1 -16888 748 -1768 20069 -2094 -1656 1
-1 -20164 11292 -3884 32767 -1183 474 1
-1 -14392 9252 -5112 19691 -2821 207 1
-1 -14092 8916 -5672 10122 1597 1101 1
-1 -12500 7432 -4688 1917 1337 -1747 1
-1 -11828 6284 -2556 5249 1070 -3380 1
-1 -11668 7100 -2108 6256 435 -4973 1
-1 -11796 7448 -1396 4147 335 -4368 1
-1 -11996 7276 -1148 466 -669 -2017 1
-1 -13256 6312 -1592 1118 -2310 1156 1
-1 -16160 7276 -1928 3703 -4084 2118 1
-1 -17176 7644 -2680 6489 -6016 1966 1
-1 -19992 8644 -4004 8132 -5405 1940 1
-1 -20692 8992 -3076 8199 -6017 -1238 1
-1 -10400 3980 -460 3220 -4577 202 1
-1 -15084 3800 -2588 610 -3104 1827 1
-1 -13552 2720 -1864 1126 -5459 844 1
-1 -9880 956 -2208 7101 -6033 170 1
-1 -10780 3880 -1272 7857 -4739 -2072 1
-1 -12436 3920 -1684 9598 -4597 -2380 1
-1 -13424 5056 -1368 12683 -5393 -2052 1
-1 -14372 6640 -1280 13713 -5599 -1312 1
-1 -15764 6268 -1568 17936 -3186 -2557 1
-1 -16868 11584 -852 21655 -2246 -4088 1
-1 -18532 12448 208 12262 2075 -3635 1
-1 -10428 9432 -580 -1774 4012 -335 1
-1 -14264 6096 -2608 -13116 5494 2691 1
-1 -14300 6128 -1884 -3092 -2006 1646 1
-1 -12588 7400 -2380 1988 -3295 2161 1
-1 -10920 8076 -1788 -2240 -1123 2084 1
-1 -11320 7020 -2124 -8209 1050 2047 1
-1 -12728 6136 -2140 -8990 454 2214 1
-1 -14496 6324 -2068 -6437 -909 1625 1
-1 -15820 6204 -2556 -2186 -2628 1223 1
-1 -16704 6856 -3128 2568 -2851 1464 1
-1 -19868 7632 -4064 5171 -2231 -1161 1
-1 -16096 7180 -4492 10292 -2870 -3710 1
-1 -11464 5804 -1936 7021 -725 -2463 1
-1 -14280 5356 -2988 4733 -339 -1719 1
-1 -12076 4904 -2376 7902 -2367 -1569 1
-1 -10452 5828 -1272 6699 -1691 -1705 1
-1 -10440 5520 -1500 5745 -805 -2185 1
-1 -11876 5356 -936 8944 -2142 -1823 1
-1 -12056 7000 668 7838 -1543 -2099 1
-1 -14672 8036 228 7108 -2577 -1649 1
-1 -18472 8908 -1612 8822 -4658 -1976 1
-1 -17332 9812 60 11012 -4235 -411 1
-1 -20648 11864 660 -6449 5003 -1146 1
-1 -12264 5600 -1452 -16977 5405 1882 1
-1 -15604 5456 -2904 -11829 286 5654 1
-1 -14440 4440 -3340 266 -5732 5480 1
-1 -10652 6760 -2136 3892 -5036 4993 1
-1 -10172 6960 -2708 -1555 -2017 4598 1
-1 -9940 6612 -3136 -3923 -14 3832 1
-1 -11524 7372 -2436 -4585 1520 2144 1
-1 -13192 7696 -2860 -3545 2517 390 1
-1 -16736 8580 -2120 -610 3007 -1952 1
-1 -18808 8260 -3620 4746 2216 -2604 1
-1 -20364 9264 -2452 6031 2215 -4011 1
-1 -14840 5592 -3980 10165 167 -5131 1
-1 -11136 6284 -352 7894 1172 -3669 1
-1 -14144 6560 -2008 2387 963 -3600 1
-1 -11640 5548 -1788 3458 -709 -2368 1
-1 -10652 6256 -936 2422 -425 -1660 1
-1 -10932 6304 -680 2062 -376 -333 1
-1 -11656 6404 -1032 2019 -2107 949 1
-1 -12668 7640 -136 -53 -892 1623 1
-1 -15008 7736 -448 -6302 1864 832 1
-1 -18328 6652 -1756 -6534 2034 108 1
-1 -19320 7568 -2636 156 -661 365 1
-1 -18500 5688 -1660 -2736 -157 1763 1
-1 -12840 6340 -4484 1971 -2315 5381 1
-1 -14068 7404 -3820 77 -1478 5108 1
-1 -12320 6516 -3800 -1316 -1970 3901 1
-1 -10992 6280 -4068 -2 -215 2890 1
-1 -10696 6520 -3080 -1971 2174 1174 1
-1 -10880 5868 -2760 -2948 3515 -403 1
-1 -12012 6268 -2792 -1476 2684 -1552 1
-1 -13936 6444 -3088 897 1306 -2530 1
-1 -16612 7688 -3272 4876 292 -3270 1
-1 -18868 8660 -4804 6678 267 -3500 1
-1 -18172 8884 -4204 6860 854 -3889 1
-1 -17336 6424 -3976 6494 2516 -9885 1
-1 -10592 6392 -504 1676 2465 -8800 1
-1 -14860 5512 -832 -2135 2016 -4419 1
-1 -13220 4212 -2248 -471 -3555 772 1
-1 -12188 4796 -1072 1788 -5376 4497 1
-1 -11520 5220 -960 -598 -5944 6416 1
-1 -12256 4332 -1840 -3087 -6111 7589 1
-1 -13616 6176 -1436 -4512 -5254 7219 1
-1 -13748 5824 -392 -6579 -3093 4788 1
-1 -14828 6004 -208 -7187 1122 2015 1
-1 -15244 5548 -1456 -3265 3851 -1078 1
-1 -19100 7564 -2060 3874 6799 -2189 1
-1 -19952 9912 -1224 1540 4105 -2434 1
-1 -13368 5916 -4960 564 1666 3134 1
-1 -15808 7684 -4040 1540 -611 3422 1
-1 -12904 6644 -3804 3649 -2313 3332 1
-1 -9960 6156 -3688 4873 -1461 2343 1
-1 -9432 6480 -2544 1881 1066 701 1
-1 -10520 6220 -3168 -270 2591 -1282 1
-1 -12164 6836 -2400 416 3051 -3300 1
-1 -15120 7524 -2040 743 2801 -4431 1
-1 -16996 7784 -3284 2885 470 -3293 1
-1 -20660 9240 -4040 5831 -1108 -1941 1