-1 -20492 9400 -3460 4871 5065 -9916 1
-1 -17700 9160 -2848 12014 2140 -11416 1
-1 -11100 5788 -2084 14843 1090 -4150 1
-1 -14568 7688 -1776 12322 2262 -2114 1
-1 -11708 5164 -2116 12097 -394 -1008 1
-1 -11308 5448 -936 15414 -2152 -356 1
-1 -11260 5756 -868 14612 -4122 -768 1
-1 -11964 4472 -2528 16729 -7589 -777 1
-1 -12360 7980 -392 20547 -7452 -1331 1
-1 -15696 8188 252 9709 -3371 -567 1
-1 -17632 8520 736 8951 -1798 -58 1
-1 -16004 9632 -824 6158 -1421 1362 1
-1 -17524 8172 1280 -2546 -737 2248 1
-1 -13972 5744 -2644 -881 -3898 7672 1
-1 -15288 8104 -1000 -4865 -4326 6845 1
-1 -13528 5456 -2488 -5196 -5569 6620 1
-1 -12448 6116 -2456 -3312 -6155 6264 1
-1 -12008 5536 -2316 -5209 -4585 3469 1
-1 -11656 4860 -2476 -409 -4801 1663 1
-1 -12088 6852 -1844 1046 -2110 -293 1
-1 -13072 7368 -1496 1259 -299 -1915 1
-1 -15716 7804 -2360 5061 135 -2082 1
-1 -17952 9516 -2800 9065 -199 -4338 1
-1 -18936 9876 -5700 12908 -2492 -6773 1
-1 -11772 4932 368 7309 -581 -9075 1
-1 -13496 3404 -792 8877 1555 -7173 1
-1 -15036 5912 -2188 13526 -2005 -7121 1
-1 -11624 7160 -2220 16543 -1505 -5279 1
-1 -11064 7232 -852 21413 -1796 -2008 1
-1 -10832 9876 -1232 16177 -3368 -748 1
-1 -12968 9040 -340 9152 -2727 536 1
-1 -14968 8828 -380 6961 -3711 2777 1
-1 -15832 7952 -8 6515 -2077 3283 1
-1 -18192 8948 1792 4866 2434 2111 1
-1 -18752 5336 -80 -20201 6659 -4944 1
-1 -16000 -1332 -1732 -9892 804 -2823 1
-1 -14576 5284 -2696 10011 -8209 2149 1
-1 -11836 6716 -1448 9483 -10000 3873 1
-1 -10980 7084 -2268 3960 -9147 5031 1
-1 -10664 6436 -2708 -2404 -5602 4719 1
-1 -10596 5244 -2816 -1868 -4039 3956 1
-1 -11752 5712 -2348 -602 -1572 1817 1
-1 -13040 5896 -2584 1447 -104 -162 1
-1 -16496 7072 -2600 5419 848 -1162 1
-1 -17516 8356 -1976 8256 1319 -2358 1
-1 -20300 10488 -3504 8534 4658 -6426 1
-1 -16344 8956 1108 7107 3274 -10539 1
-1 -13284 5420 68 3624 2916 -2402 1
-1 -18616 1880 -3900 7209 -3173 483 1
-1 -11768 1480 -3896 19934 -10550 900 1
-1 -14820 1996 -4520 28789 -12369 2058 1
-1 -8904 4500 -4036 28077 -10738 -611 1
-1 -10108 6244 -3572 18099 -7207 -6149 1
-1 -11204 9560 -3120 12733 -3252 -9210 1
-1 -15024 9488 -2376 5892 386 -8877 1
-1 -17236 10148 -1884 2423 2360 -6425 1
-1 -17372 9088 -1072 5094 2031 -1325 1
-1 -17748 10256 1088 -335 2072 2476 1
-1 -11836 5428 -888 -8917 1610 6665 1
-1 -18436 7176 -2924 -8588 -894 7116 1
-1 -14824 6844 -1692 -6842 -2801 7413 1
-1 -13592 7128 -2496 -13116 -305 8720 1
-1 -13060 5896 -3612 -14971 -822 8508 1
-1 -11400 4208 -3860 -10332 -2926 7657 1
-1 -11180 4824 -3528 -5270 -2205 4683 1
-1 -12780 5736 -3236 -1074 -1086 670 1
-1 -15252 7088 -3564 3174 204 -2084 1
-1 -19028 7784 -3924 7426 -244 -4317 1
-1 -19900 8328 -4184 11592 384 -7026 1
-1 -13948 6056 -1776 10791 717 -7400 1
-1 -13412 4720 -2000 7246 2045 -5071 1
-1 -14320 5208 -1796 7824 466 -5926 1
-1 -12256 4752 -1660 9383 -985 -5210 1
-1 -10996 5892 -1100 7948 -664 -4643 1
-1 -10892 5960 -1120 5596 583 -3593 1
-1 -13436 6528 -924 5110 662 -3065 1
-1 -15504 7544 328 3600 338 -1831 1
-1 -17124 6644 -852 1714 719 693 1
-1 -17668 7532 -476 1634 1696 2072 1
-1 -19536 9028 -3152 -1399 4065 4720 1
-1 -13588 4704 -2548 -14187 6447 5386 1
-1 -14264 2716 -4616 -10476 1928 5892 1
-1 -13440 6712 -3216 -4205 -1964 2952 1
-1 -13128 7476 -3780 -3695 -3849 603 1
-1 -12372 7176 -3280 -3850 -4049 1555 1
-1 -11692 7336 -3104 -6107 -2953 3472 1
-1 -12428 7208 -3208 -8842 -1817 4281 1
-1 -12928 6496 -3448 -8681 -1439 4013 1
-1 -14164 6528 -3160 -5279 -1419 2844 1
-1 -16628 6596 -3548 -358 -698 1165 1
-1 -18712 7588 -3316 4679 -719 -1089 1
-1 -20448 6004 -4680 12427 -4525 -2470 1
-1 -12004 6384 -4336 22353 -5101 -4428 1
-1 -12780 8312 -1412 6640 1475 -5217 1
-1 -13736 6320 -2696 2110 2227 -6048 1
-1 -12064 5548 -1812 4229 1093 -4957 1
-1 -11316 5868 -704 4093 1438 -4661 1
-1 -11400 6060 -1064 5355 315 -3846 1
-1 -12004 7008 -500 4029 9 -3115 1
-1 -14252 7208 -904 4083 -563 -1850 1
-1 -15424 8184 -72 1840 298 -1133 1
-1 -16260 8164 -1132 177 1765 -586 1
-1 -17728 5188 -1268 364 783 8 1
-1 -14976 6324 -2296 1938 -403 526 1
-1 -15272 6320 -3984 -2162 -1229 3774 1
-1 -15960 7740 -3268 -5899 -1291 6513 1
-1 -15360 7988 -3236 -10968 -288 7696 1
-1 -12976 6964 -3748 -13848 391 7745 1
-1 -11800 5884 -3536 -13725 542 7203 1
-1 -10712 5452 -3492 -10990 433 5889 1
-1 -11104 5292 -3288 -8273 1076 4055 1
-1 -12616 5960 -3260 -5428 2252 1097 1
-1 -14644 6564 -2600 -1049 2891 -1317 1
-1 -17672 7360 -2764 4584 2806 -2004 1
-1 -18376 7112 -3588 8944 185 -3874 1
-1 -19628 8884 -4344 14081 -623 -5595 1
-1 -14308 7836 -1844 8600 -1047 -5902 1
-1 -13524 4896 -3548 7420 -860 -2500 1
-1 -14984 6720 -2328 7773 -2505 -2575 1
-1 -11252 4732 -2192 8740 -2889 -2117 1
-1 -9948 6068 -1152 7349 -1443 -2157 1
-1 -9140 6072 -616 2616 -1 -2889 1
-1 -10776 7052 -696 -1089 2563 -2642 1
-1 -14684 6860 -1132 949 2673 -2757 1
-1 -14660 6964 28 2253 485 -319 1
-1 -15456 6216 640 -175 1453 2354 1
-1 -17304 136 1032 -8609 3171 -1308 1
-1 -17816 4320 -1116 1140 1714 -2817 1
-1 -15676 6120 -3112 7602 152 -1078 1
-1 -18396 8520 -3212 6588 1658 -845 1
-1 -11672 4916 -5924 685 100 2294 1
-1 -14836 5544 -6448 -2440 1340 2229 1
-1 -13952 3948 -7516 -3015 197 2158 1
-1 -11968 3876 -6080 -2052 643 3526 1
-1 -13080 4912 -5200 -2501 899 3802 1
-1 -13228 5108 -4744 -2732 -468 4382 1
-1 -13344 5752 -4624 -1276 -1094 4855 1
-1 -14200 6700 -4440 -2477 -232 3478 1
-1 -13580 6736 -3872 -2114 531 1117 1
-1 -15108 7148 -4180 -1514 1095 -1659 1