-1 -18748 5572 1648 8300 2390 -1499 1
-1 -18268 7000 2648 -602 2304 838 1
-1 -13104 3560 -28 -8207 -961 6408 1
-1 -15868 3312 -1588 -3897 -3455 7681 1
-1 -15552 4752 -2916 -8196 -3384 6507 1
-1 -14048 2684 -3340 -1865 -5556 7145 1
-1 -13260 4300 -3012 -4384 -3693 7752 1
-1 -12560 3396 -2660 -4491 -3304 7175 1
-1 -13096 4088 -2304 -2991 -2484 5414 1
-1 -15156 4400 -1776 -2434 -1822 2911 1
-1 -15536 3992 -2432 378 -409 809 1
-1 -18572 4776 -1964 4869 1519 -2503 1
-1 -22268 5816 -3008 8255 2367 -7563 1
-1 -16852 5148 -3528 13693 106 -8423 1
-1 -13092 2964 -2020 13194 673 -4442 1
-1 -16016 5824 -2820 13678 209 -6055 1
-1 -12100 4548 -2328 11711 410 -7126 1
-1 -11752 5320 -1184 12935 1049 -7509 1
-1 -11020 5736 -1076 10922 1116 -7560 1
-1 -12224 4552 -1652 14830 -2096 -4463 1
-1 -15120 5004 -1720 17536 -3870 454 1
-1 -15700 6648 -1184 14046 -2604 3027 1
-1 -16944 5208 632 8772 -480 1643 1
-1 -16672 4468 276 11073 1271 -1018 1
-1 -19416 7172 2540 3403 2843 -1828 1
-1 -13596 3904 272 -2446 -940 2907 1
-1 -19112 3780 -812 -4645 -1321 5262 1
-1 -15756 4096 -2472 -3983 -5332 6889 1
-1 -15820 2160 -2248 -1732 -7487 8103 1
-1 -13572 4900 -2268 379 -6740 6863 1
-1 -11816 4020 -2732 -1647 -6345 5989 1
-1 -12856 3240 -2400 -746 -5404 4496 1
-1 -12572 4596 -2348 2688 -4097 1271 1
-1 -15316 5208 -2580 5379 -2200 -2441 1
-1 -18192 6208 -2652 8701 266 -6248 1
-1 -20460 6368 -3000 8713 2340 -9787 1
-1 -13980 4324 -1768 9360 2931 -8440 1
-1 -15616 3260 -1772 7064 3376 -5632 1
-1 -15548 3720 -2456 12032 924 -6533 1
-1 -13720 4576 -1312 13639 495 -5567 1
-1 -13124 4412 -1628 9795 931 -4265 1
-1 -10552 5528 -2388 12089 -733 -3410 1
-1 -10808 3580 -164 12326 -2433 -2964 1
-1 -11736 2924 -1900 21831 -7610 -3983 1
-1 -16868 6348 24 28122 -6907 -2605 1
-1 -18816 7640 2668 15578 -2678 -1856 1
-1 -17048 5984 3020 5640 954 400 1
-1 -18980 5736 1472 -831 1985 557 1
-1 -12848 3432 -484 -3935 -1177 4532 1
-1 -16648 3336 380 -2599 -1558 6087 1
-1 -15288 2644 -208 -440 -4460 7683 1
-1 -13088 4724 -1712 -2442 -3819 8421 1
-1 -12948 2416 -1380 -3928 -4321 6858 1
-1 -11700 2776 -1800 -515 -4131 4560 1
-1 -11892 3660 -1156 612 -3119 2435 1
-1 -13464 4480 -1620 2621 -769 -543 1
-1 -16168 5848 -1092 2899 2092 -3728 1
-1 -20352 5128 -2124 4164 1821 -3839 1
-1 -21696 4980 -3460 8326 1595 -3723 1
-1 -15148 5196 -1884 10102 1199 -4522 1
-1 -13840 3540 -1316 6342 2942 -3168 1
-1 -15828 3576 -2768 8583 595 -3689 1
-1 -11452 3484 -1140 11510 103 -3315 1
-1 -12004 4896 -872 9015 502 -4118 1
-1 -10244 5632 -708 13971 -2275 -2460 1
-1 -13528 4612 -484 12959 -2829 -852 1
-1 -15540 6408 1496 12908 -3616 -878 1
-1 -15028 7084 1656 8128 -3494 -529 1
-1 -15524 5488 1028 5611 -2494 16 1
-1 -15000 6616 432 4229 491 -1192 1
-1 -19524 8628 -272 -6784 2790 -1477 1
-1 -12424 3844 -2776 -10736 1325 3127 1
-1 -16660 6600 -1292 -6236 -387 4465 1
-1 -14548 4960 -3328 -6187 -3184 6213 1
-1 -13636 4912 -1588 -4892 -4201 6370 1
-1 -11968 4028 -2268 -3782 -4103 4805 1
-1 -12264 4680 -1960 -3187 -3544 4002 1
-1 -12672 4208 -2356 -3226 -2220 4038 1
-1 -14264 4672 -1800 -1393 -324 1833 1
-1 -18324 5784 -1656 -370 1813 -1109 1
-1 -19712 5496 -1856 -485 3119 -2840 1
-1 -19188 4368 -2800 3565 2828 -6012 1
-1 -14328 3536 -480 3131 3417 -6113 1
-1 -14936 1860 -1500 3466 2851 -4442 1
-1 -13880 2424 -1432 8377 56 -4378 1
-1 -12552 3516 -1064 9478 -26 -4611 1
-1 -12612 3512 -776 9111 305 -4650 1
-1 -11496 4228 -464 9537 335 -3784 1
-1 -13872 4812 -788 8368 360 -4361 1
-1 -14624 4636 1764 4295 1697 -6162 1
-1 -16732 4032 536 6163 -87 -3228 1
-1 -18180 4956 672 5658 404 -1186 1
-1 -18764 5452 1256 1117 2413 437 1
-1 -19352 4868 -1196 -6570 2537 3938 1
-1 -11800 1776 -3016 -8912 609 6905 1
-1 -15856 4996 -3064 -5773 -1802 4472 1
-1 -14440 4192 -3632 -7423 -2824 5605 1
-1 -14692 4840 -2132 -6765 -3192 7687 1
-1 -13520 4768 -3392 -6043 -4064 9773 1
-1 -12652 4644 -3124 -6432 -3558 9800 1
-1 -11516 3912 -3340 -6374 -2087 7632 1
-1 -14220 4008 -5256 -1936 -777 5153 1
-1 -15724 3940 -5428 8818 -2405 3203 1
-1 -16932 7344 -1912 7641 1926 -5125 1
-1 -20780 6380 -1508 2328 6116 -11916 1
-1 -18040 5684 852 -55 6380 -12941 1
-1 -15624 1580 -24 3376 3591 -6957 1
-1 -15336 5252 -2188 11075 -1047 -5683 1
-1 -12420 3792 -2416 7467 -2060 -3174 1
-1 -10956 4748 -2660 7460 -1696 -1995 1
-1 -10248 3912 -2296 3716 -661 -1715 1
-1 -10884 4116 -1876 5183 -19 -1806 1
-1 -14596 4356 -16 3376 131 -1667 1
-1 -15412 4040 612 4078 9 -703 1
-1 -17460 5084 1104 3620 680 -401 1
-1 -17880 6268 1452 -718 2192 -382 1
-1 -20604 8828 -40 -11132 5374 -86 1
-1 -18744 -8 -2456 -25382 1142 3887 1
-1 -14696 8 -3128 1104 -5483 6868 1
-1 -15628 5644 -2396 955 -7351 5920 1
-1 -14540 3380 -2448 -4975 -5230 5650 1
-1 -12632 6216 -2312 -2356 -5039 7319 1
-1 -12464 5316 -3192 -7578 -3367 8221 1
-1 -12084 3576 -3056 -6944 -2537 7177 1
-1 -12628 4736 -2368 -2967 -805 4266 1
-1 -13876 5140 -1384 -4418 1720 575 1
-1 -16296 4388 -2036 -1557 3210 -1943 1
-1 -18824 4624 -1460 1205 3894 -4532 1
-1 -21080 4624 -3076 6464 4407 -8580 1
-1 -15428 4432 -592 6084 3049 -8520 1
-1 -15096 1872 -2300 6370 2791 -4221 1
-1 -15256 3864 -1476 8185 252 -4462 1
-1 -11816 3224 -1344 10187 -819 -2968 1
-1 -10704 4172 -708 10055 429 -2919 1
-1 -11060 4528 -608 8790 317 -2187 1
-1 -12828 4452 240 8568 268 -1269 1
-1 -14680 5384 588 7981 -419 -640 1
-1 -15624 4196 2392 4853 -428 -378 1
-1 -16068 4392 1972 3828 15 -678 1
-1 -16740 4504 940 -287 1078 -951 1