-1 -13916 4516 -3644 -7491 -1267 6527 1
-1 -14900 6196 -3976 -10054 -1612 8116 1
-1 -13140 10048 -2496 -4850 -6088 9027 1
-1 -12632 4676 -3044 -2847 -4492 10417 1
-1 -12296 5700 -2888 109 -4657 7550 1
-1 -11536 5556 -3240 -2036 -3811 4666 1
-1 -12112 5748 -2896 889 -2867 2254 1
-1 -12432 6460 -2812 1616 -1238 141 1
-1 -14200 7096 -2852 2142 199 -2117 1
-1 -17212 7392 -3960 5954 97 -3695 1
-1 -18840 8272 -3860 9538 173 -5384 1
-1 -21488 9056 -5760 13323 -389 -8634 1
-1 -14456 6884 -3080 12668 -107 -7485 1
-1 -15200 6176 -3512 10531 -254 -3993 1
-1 -13780 6504 -3492 10859 -2092 -2748 1
-1 -10972 5660 -2416 11484 -2539 -1171 1
-1 -10600 7232 -2352 8432 -2707 -2284 1
-1 -11468 4948 -2396 8940 -3523 -2221 1
-1 -12288 5644 -2188 14087 -5157 -1472 1
-1 -12508 6652 -760 12554 -4314 -1077 1
-1 -15048 6856 1740 8403 -2489 -948 1
-1 -17424 7644 20 5478 -132 -1079 1
-1 -18492 10096 1904 -1768 3197 -1858 1
-1 -18292 6412 312 -14025 2788 -369 1
-1 -14728 4236 -2416 -5763 -3661 6455 1
-1 -14924 6180 -2276 -3115 -7874 7396 1
-1 -14272 912 -3812 -3543 -8602 8036 1
-1 -13148 4632 -3648 -39 -8410 6477 1
-1 -11076 4844 -3500 -95 -6164 4083 1
-1 -10476 5164 -2184 223 -3388 1943 1
-1 -11696 5492 -1928 241 -1220 302 1
-1 -13244 6152 -1348 261 10 -1030 1
-1 -15004 6352 -1896 3721 366 -2296 1
-1 -18492 7412 -1904 8993 882 -3625 1
-1 -21572 8940 -3744 12764 1964 -6435 1
-1 -16796 5832 -4148 16557 1829 -9643 1
-1 -13060 4916 -1652 15234 2093 -6706 1
-1 -15800 6076 -3728 12414 535 -5529 1
-1 -12716 5312 -2268 12832 -747 -2978 1
-1 -10816 6048 -1108 11626 -279 -1302 1
-1 -10572 4980 -1916 10151 -1107 -556 1
-1 -11100 4736 -2188 12746 -3264 -337 1
-1 -13212 5504 -2364 15628 -4768 -407 1
-1 -13360 6784 -1932 14237 -2237 -336 1
-1 -17804 7068 996 5076 2494 -1116 1
-1 -18540 4660 -124 6315 2448 -802 1
-1 -22140 9016 528 -1777 2106 -1424 1
-1 -18400 1292 -1580 -7868 -2259 244 1
-1 -15340 4332 -3760 1226 -8415 5662 1
-1 -16100 4708 -2500 2188 -10829 7664 1
-1 -13768 1528 -3948 2527 -10477 6250 1
-1 -11984 5684 -2300 2878 -9761 5075 1
-1 -11196 4420 -2472 -489 -7745 4764 1
-1 -10712 5020 -1620 -72 -5970 2857 1
-1 -12008 5436 -1392 638 -4254 21 1
-1 -13584 5740 -1700 3606 -2882 -1487 1
-1 -16824 6976 -1540 6587 -1171 -2783 1
-1 -20808 8152 -2292 8046 181 -4921 1
-1 -18152 7124 -2836 10442 76 -6106 1
-1 -12640 4260 -344 10699 -994 -3911 1
-1 -14536 5076 -2024 13435 -1910 -5174 1
-1 -13088 5176 -1448 14471 -2193 -7286 1
-1 -11768 6068 -1056 16358 -1112 -7331 1
-1 -11040 6532 -844 12098 1061 -7823 1
-1 -11152 6412 -308 9807 2051 -7368 1
-1 -12200 6148 -128 10345 1231 -6169 1
-1 -14368 7184 1420 9802 417 -4297 1
-1 -15000 7032 1696 6342 -106 -1441 1
-1 -16240 6492 968 3581 30 1124 1
-1 -17512 6228 -1488 -14985 7494 -4445 1
-1 -23908 3588 1132 -12555 6372 -3426 1
-1 -16068 1064 -1508 -9525 313 1349 1
-1 -13532 3688 -2052 -5994 -3293 4356 1
-1 -17740 4820 -3008 -5761 -7111 6852 1
-1 -14216 3880 -3672 -1309 -9838 10970 1
-1 -13016 5764 -2836 -1343 -9546 11710 1
-1 -11668 5708 -2248 -4717 -6251 9549 1
-1 -11116 5148 -1460 -6339 -3293 7262 1
-1 -12132 5848 -796 -6759 -870 4235 1
-1 -13852 5764 -1036 -5098 600 1584 1
-1 -16124 5936 -1116 -575 1351 -210 1
-1 -17188 6160 -2032 3392 1767 -1137 1
-1 -21520 7700 -3156 7556 3644 -6496 1
-1 -14348 4072 -1232 10812 3387 -8285 1
-1 -14700 4224 -2112 12621 2101 -6183 1
-1 -15052 4696 -1552 11683 1722 -6934 1
-1 -12196 3844 -1212 11120 1117 -5850 1
-1 -11432 4980 -876 10749 1021 -5207 1
-1 -11492 4508 -1028 8246 707 -4610 1
-1 -12460 4436 -916 9481 -40 -3859 1
-1 -15528 5880 -360 8885 86 -3234 1
-1 -16600 6000 -88 4745 459 -2482 1
-1 -17104 5592 108 2364 1491 -1532 1
-1 -18444 5352 -888 4033 1799 1064 1
-1 -19396 8560 516 -5488 4223 928 1
-1 -13276 3816 -2336 -15430 2012 5132 1
-1 -16528 3852 -3868 -12309 -1240 6519 1
-1 -14164 7000 -4712 -15463 -2802 6170 1
-1 -12916 5300 -3312 -7704 -4428 8636 1
-1 -12808 5828 -3292 -6533 -5481 8826 1
-1 -12620 6348 -2876 -8367 -5004 7632 1
-1 -12944 6104 -2812 -7380 -3790 5564 1
-1 -13956 6316 -2884 -6035 -2342 3055 1
-1 -15616 6412 -2988 -2683 -688 672 1
-1 -17328 6976 -2728 1585 1169 -779 1
-1 -17996 6756 -3568 3834 3761 -3981 1
-1 -15164 5248 -2076 5484 5487 -6118 1
-1 -14184 3588 -2448 6720 4330 -5166 1
-1 -15996 5052 -2408 8497 2397 -6191 1
-1 -12436 3672 -1740 9415 920 -5063 1
-1 -12156 4472 -1016 10001 238 -4437 1
-1 -11120 5000 -1360 9282 -718 -2970 1
-1 -11828 6124 -1404 8665 -901 -2051 1
-1 -14420 5856 -756 7866 -511 -1705 1
-1 -15268 6716 400 5905 476 -1282 1
-1 -17244 6824 24 3000 1617 -1363 1
-1 -17204 6916 252 1958 2674 -1365 1
-1 -18820 9316 -856 -1909 3335 -83 1
-1 -13896 6000 -2360 -9249 1074 4429 1
-1 -14872 6276 -3596 -7044 -1713 5189 1
-1 -13852 8272 -4728 -10430 -3055 3461 1
-1 -13072 5800 -3804 -5375 -2766 6091 1
-1 -12776 7120 -3372 -4995 -2840 7290 1
-1 -12272 6916 -3264 -8491 -1967 7111 1
-1 -12432 6364 -3024 -6650 -2148 6169 1
-1 -12924 6368 -3032 -6272 -1367 4575 1
-1 -14588 6688 -2504 -4602 -69 2124 1
-1 -16060 7124 -2532 -2462 1180 -235 1
-1 -19712 7452 -2892 -697 1685 -2572 1
-1 -20268 7408 -4008 4289 2276 -5643 1
-1 -13600 5032 -1944 4320 2824 -6072 1
-1 -14184 4300 -2484 6995 1978 -4882 1
-1 -14944 4804 -2664 9620 -138 -5969 1
-1 -12564 4664 -2060 11804 -1193 -4746 1
-1 -10892 5020 -1512 10731 -447 -4085 1
-1 -10828 4772 -2016 7691 70 -3580 1
-1 -11676 5032 -1556 8125 0 -3137 1
-1 -13788 5920 -1052 8666 -55 -2795 1
-1 -15032 6440 28 8441 32 -2451 1
-1 -16364 6776 772 5862 824 -1745 1