-1 -18128 6688 -396 -121 2067 2809 1
-1 -14276 4644 -1428 -9115 -289 5946 1
-1 -14088 2416 -4028 -3348 -2406 9110 1
-1 -16384 6400 -2180 -7818 -2962 8292 1
-1 -15476 4536 -4672 -5571 -5029 9546 1
-1 -14584 6240 -3484 -4704 -5421 10666 1
-1 -13580 6380 -3496 -4902 -5848 11719 1
-1 -11852 5736 -3164 -4602 -4878 10342 1
-1 -11128 5560 -3024 -4430 -2748 5987 1
-1 -11872 5344 -2960 -1040 -416 814 1
-1 -15600 6960 -2876 4428 1831 -4173 1
-1 -18244 8452 -3516 8369 2990 -7812 1
-1 -24388 9892 -4768 11690 3146 -11869 1
-1 -12904 5008 -3160 12742 -617 -9630 1
-1 -14516 4788 -3448 18052 -1700 -5410 1
-1 -15256 7168 -3964 14457 -2446 -5087 1
-1 -12168 5652 -3720 13532 -2031 -4418 1
-1 -10456 5800 -3196 13182 -1520 -5101 1
-1 -11344 4680 -3048 13851 -2294 -5608 1
-1 -12920 6140 -1464 15845 -3548 -6142 1
-1 -16176 7540 -508 15794 -4335 -4781 1
-1 -18272 8436 636 11512 -2091 -2960 1
-1 -16856 6788 1212 6427 -55 737 1
-1 -17388 6224 100 -1673 -963 3515 1
-1 -14420 2776 -2580 -2031 -3296 7857 1
-1 -14472 6508 -1880 -2693 -4403 8134 1
-1 -14908 5024 -1784 -3546 -5453 10370 1
-1 -13500 5884 -2460 -2284 -6185 11479 1
-1 -12868 5576 -2036 -4789 -5493 9629 1
-1 -11272 4684 -2076 -3553 -4910 7128 1
-1 -11388 5516 -1616 -2178 -3487 3734 1
-1 -13392 6228 -1468 -1165 -2250 -25 1
-1 -14660 5632 -2152 4277 -2022 -1639 1
-1 -18052 8028 -1648 10852 -949 -4436 1
-1 -20576 8348 -3288 12460 77 -8297 1
-1 -13780 5356 -3276 15924 -1963 -7787 1
-1 -14432 5944 -2520 19324 -2291 -6511 1
-1 -14664 7196 -3716 16680 -2890 -7689 1
-1 -13308 6864 -2360 18103 -2445 -6901 1
-1 -13016 7536 -2572 13898 -1504 -6826 1
-1 -12788 6624 -2536 12491 -1918 -5305 1
-1 -11944 6452 -2432 14298 -2888 -3246 1
-1 -12184 7288 -884 13015 -2373 -2850 1
-1 -12796 7276 -1452 11455 -1417 -2384 1
-1 -14848 8852 -324 8114 1121 -3055 1
-1 -17300 8504 1372 7561 1312 -174 1
-1 -20496 9416 2372 1391 717 2898 1
-1 -12636 5028 432 -4948 -2879 8789 1
-1 -17052 7492 -964 -7876 -4052 8989 1
-1 -17140 4560 -2396 -17525 -4689 9439 1
-1 -13792 4624 -1756 2043 -8765 12138 1
-1 -12120 7032 -2344 -4653 -6798 9813 1
-1 -11148 5316 -2684 -6296 -4632 6285 1
-1 -10192 4716 -2288 -4644 -2728 2903 1
-1 -11800 5264 -2272 -2756 -747 -859 1
-1 -13428 5924 -2044 1462 715 -3534 1
-1 -15720 7260 -1108 6297 2285 -4217 1
-1 -20056 9088 -1984 8012 3968 -6952 1
-1 -19396 9088 -2608 8875 3813 -9554 1
-1 -13316 5412 -2016 10912 1861 -5971 1
-1 -15340 7160 -2344 13045 663 -5457 1
-1 -12644 6392 -2516 11518 -940 -5844 1
-1 -11328 5720 -1912 14177 -1577 -4572 1
-1 -10780 6520 -1740 13614 -1587 -4224 1
-1 -12240 7080 -1136 9959 -676 -4165 1
-1 -13224 6416 -716 8145 -989 -2982 1
-1 -14804 7328 -216 7665 -1228 -1737 1
-1 -14928 6960 28 4584 -1034 -332 1
-1 -15940 6964 -372 3116 -280 399 1
-1 -19868 8544 384 -199 1393 626 1
-1 -15208 7924 -840 -7841 -568 3220 1
-1 -14080 6852 -2472 -12005 -188 6296 1
-1 -15844 11020 -2900 -17070 -2142 4330 1
-1 -14108 5484 -2820 -4677 -5886 8318 1
-1 -13120 7444 -2504 -2774 -6911 8398 1
-1 -11632 5416 -3116 -4017 -4754 6582 1
-1 -10716 5396 -2164 -4131 -2541 4692 1
-1 -11896 5896 -2544 -5441 -491 1697 1
-1 -14908 6384 -3248 -1731 361 -1269 1
-1 -17120 6932 -3024 3050 1417 -2677 1
-1 -19356 8052 -3324 6290 2778 -2751 1
-1 -19464 6072 -3652 10111 2774 -4234 1
-1 -11832 3856 -2460 13076 2236 -5153 1
-1 -15144 6152 -1836 11255 2280 -7087 1
-1 -14316 5916 -2712 9372 119 -6920 1
-1 -11944 6016 -1424 10890 -382 -4891 1
-1 -10528 6328 -1028 7176 138 -3954 1
-1 -11776 6048 -1240 5864 -225 -3134 1
-1 -13148 6012 -588 7267 -1489 -1938 1
-1 -14780 6836 -728 6386 -1644 -999 1
-1 -16300 7084 -972 3558 -106 -951 1
-1 -17428 7520 -696 2045 1800 -938 1
-1 -20348 9720 -480 -3005 3791 300 1
-1 -13252 8008 -1360 -17912 4470 3698 1
-1 -15772 5444 -2940 -19115 1987 6262 1
-1 -15344 10524 -3720 -17441 -3204 4351 1
-1 -12912 5840 -3264 -670 -7695 6373 1
-1 -11968 6856 -2680 -1929 -7812 6631 1
-1 -11660 6040 -3364 -3687 -5278 6270 1
-1 -12036 6496 -2916 -7020 -2148 4430 1
-1 -13980 6420 -3240 -7290 -18 2061 1
-1 -15756 6624 -3176 -4742 1469 226 1
-1 -18456 6184 -3144 347 2270 -915 1
-1 -19208 6628 -3068 4984 3174 -3251 1
-1 -15496 5164 -2628 5851 3060 -5408 1
-1 -12980 3264 -2032 9395 2325 -4297 1
-1 -15384 6188 -1988 9273 1357 -5798 1
-1 -11632 3912 -2260 10058 480 -4593 1
-1 -10336 5388 -1100 10634 906 -4230 1
-1 -10388 4980 -1596 8881 1211 -3990 1
-1 -11632 5872 -1400 9415 1389 -3442 1
-1 -14844 7248 -1048 7730 2200 -3358 1
-1 -17008 7380 -488 5207 2116 -1959 1
-1 -18736 7272 -1152 4425 1932 -415 1
-1 -17004 8228 316 105 2843 421 1
-1 -17344 8580 -980 -12202 3396 1715 1
-1 -14140 3476 -4136 -13579 -1229 7637 1
-1 -17288 6100 -4112 -8773 -5232 6716 1
-1 -14712 6896 -4248 -4673 -8526 5295 1
-1 -12132 7384 -3008 2583 -8548 6144 1
-1 -11636 7724 -3368 -3280 -5177 5159 1
-1 -11196 6572 -3868 -7965 -2202 3547 1
-1 -11960 5872 -3316 -8184 -371 2648 1
-1 -13312 6184 -2960 -6520 689 1407 1
-1 -16480 6752 -3188 -3217 1525 -134 1
-1 -17968 6480 -3508 655 1843 -929 1
-1 -19720 7076 -3668 3738 2214 -3216 1
-1 -17292 5896 -4036 8065 1503 -5550 1
-1 -12424 4252 -1400 8945 1301 -4475 1
-1 -15172 5312 -3000 10419 364 -3679 1
-1 -12980 5680 -1588 8940 266 -3610 1
-1 -11156 5688 -788 7848 980 -3377 1
-1 -9696 6524 -572 6785 1082 -3441 1
-1 -10868 5560 -756 8124 504 -3019 1
-1 -12852 6764 -372 8329 243 -3417 1
-1 -14104 7244 36 6803 304 -2987 1
-1 -16332 7308 212 3971 404 -1895 1
-1 -17900 7460 -616 3705 844 -500 1
-1 -17528 8036 248 765 2602 -623 1
-1 -19472 8552 -44 -9029 3782 578 1