-1 -604 3860 13292 1118 -504 -1063 0
-1 1484 7376 12108 -305 1503 -1279 0
-1 -732 6624 11900 -5026 2140 183 0
-1 -1152 4196 13120 -2833 1180 -259 0
-1 -408 2760 12944 -43 -269 2366 0
-1 364 5064 12772 2792 -277 2917 0
-1 -408 4612 12280 3941 601 3557 0
-1 -1104 5020 12112 4700 162 3345 0
-1 -1284 4668 12144 3410 207 2594 0
-1 -856 4764 11920 5453 515 2858 0
-1 -488 7184 11928 5325 1147 2481 0
-1 -976 6592 11832 2505 1572 2083 0
-1 -948 6652 11660 1960 1529 1426 0
-1 -1572 5928 12000 2482 664 1490 0
-1 -312 9228 11424 5515 774 1769 0
-1 -824 7516 12112 4343 120 1245 0
-1 -480 8464 10864 3974 195 844 0
-1 -880 9972 11288 -890 1491 219 0
-1 -1144 8372 11200 1600 1055 498 0
-1 -1552 7424 10856 5053 -415 126 0
-1 -1908 9628 9772 2542 -21 116 0
-1 -2924 9704 10688 -575 -26 759 0
-1 -2676 10792 10640 1767 -1819 2660 0
-1 -1876 9980 10536 -1410 -1380 4126 0
-1 -1652 9956 10824 -3219 -848 5100 0
-1 -484 9092 10592 -2202 -932 5901 0
-1 244 9696 11048 -1902 -1317 6120 0
-1 964 9276 10760 -2541 -1898 6878 0
-1 1488 8856 11204 -1692 -2767 7260 0
-1 3156 8448 10736 -3545 -3228 7368 0
-1 3948 7716 10892 -2931 -3369 7613 0
-1 4996 6344 10740 -4673 -2964 7218 0
-1 5792 5716 11188 -3470 -2956 6901 0
-1 6452 5148 11416 -4371 -2386 6409 0
-1 7380 3712 11156 -4222 -1881 6174 0
-1 7568 3284 11188 -2998 -1386 5727 0
-1 7912 2560 11148 -1493 -948 5433 0
-1 7608 2560 11388 -2035 -195 5082 0
-1 7876 1868 11448 -1229 310 4834 0
-1 7552 1888 11704 -1501 601 4265 0
-1 7640 1612 12072 -1366 479 3883 0
-1 7552 1556 12184 -1196 352 3709 0
-1 7300 1120 12024 -2051 405 3547 0
-1 7184 400 12040 -1954 16 3180 0
-1 7312 272 11980 -1856 -404 2562 0
-1 7040 -8 12032 -1732 -461 2191 0
-1 7260 -304 11772 -1961 -347 1957 0
-1 7316 -740 11824 -924 -442 1575 0
-1 7388 -588 12080 -1347 -375 1159 0
-1 7376 -764 11960 -1399 -271 891 0
-1 7600 -736 12072 -801 -380 812 0
-1 7596 -704 11956 -2050 176 788 0
-1 7572 -1568 12160 -1541 397 799 0
-1 7404 -1336 12112 -1187 232 517 0
-1 7384 -2044 11868 -1195 373 497 0
-1 7424 -1844 12092 -316 84 253 0
-1 7652 -1416 11864 -1678 169 207 0
-1 7324 -2748 12124 -1106 -8 331 0
-1 7580 -2004 11860 -527 -33 334 0
-1 7604 -2224 12048 -372 92 552 0
-1 7508 -2228 12216 -738 -165 515 0
-1 7520 -2540 11780 -786 -180 593 0
-1 7292 -2732 11964 -1195 -96 536 0
-1 7448 -2756 11580 -1567 234 206 0
-1 7360 -2964 11844 -1618 365 257 0
-1 7448 -3196 12032 -1383 283 344 0
-1 7496 -3436 11868 -630 100 399 0
-1 7356 -3244 11572 -911 196 434 0
-1 7196 -3636 11756 -803 140 446 0
-1 7544 -3872 11256 -569 106 512 0
-1 7316 -3912 11892 -518 80 505 0
-1 7316 -3904 11716 -338 189 520 0
-1 7188 -4116 11796 -221 93 406 0
-1 7184 -4128 11808 -537 286 444 0
-1 7236 -4220 11672 -439 281 508 0
-1 7008 -4220 11600 -804 138 519 0
-1 7084 -4516 11612 -730 385 467 0
-1 6996 -4584 11332 -993 256 356 0
-1 6916 -4796 11616 -707 193 458 0
-1 6952 -4612 11392 -166 199 517 0