-1 -344 2316 13172 -374 -24 681 0
-1 -84 2244 13228 -417 -105 267 0
-1 -496 2344 13272 333 -34 36 0
-1 -216 2124 13352 -457 632 5 0
-1 -324 2036 13424 -1215 1529 -299 0
-1 -916 2024 13120 -1583 2071 -846 0
-1 -900 1580 13236 -1688 1683 -1348 0
-1 -676 1220 13244 -1499 2306 -1151 0
-1 -2048 1372 13116 -2177 1785 -925 0
-1 -1756 520 13368 -1319 1340 -1524 0
-1 -1236 640 14104 -1653 686 -1889 0
-1 -1636 -1888 13728 -110 2852 970 0
-1 -3452 -1296 13632 9159 1498 324 0
-1 -1144 5056 13476 20057 -4311 3187 0
-1 1160 7068 12248 5531 -1923 3113 0
-1 -276 3436 11332 8270 -1724 3272 0
-1 -416 5712 10964 11100 -1846 2128 0
-1 -480 7068 10300 8381 -1162 889 0
-1 -1320 8276 10280 6301 -641 263 0
-1 -1664 8372 10856 1365 911 -378 0
-1 -1908 8204 11128 1695 934 665 0
-1 -2912 7120 11644 2330 881 1774 0
-1 -1080 9336 11300 5698 516 303 0
-1 -776 10408 9724 3273 -638 327 0
-1 -1968 8768 10348 1881 513 -56 0
-1 -2924 11180 10424 -3083 508 1972 1
-1 -2616 10180 11660 -1518 -1693 5139 1
-1 -1780 10948 10980 -1389 -1933 6384 1
-1 -1212 10008 11344 -5170 -1741 7260 1
-1 -224 9164 10704 -4859 -1967 7993 1
-1 1324 8744 10900 -3652 -2538 8641 1
-1 2600 8056 11372 -4132 -2529 8906 1
-1 4040 6828 11312 -1269 -2924 9609 1
-1 5400 6776 11732 -3414 -2210 8746 1
-1 5776 5388 11328 -5906 -2238 8765 1
-1 6152 4840 11416 -6373 -2655 8178 1
-1 6624 3420 11812 -4101 -3450 8863 1
-1 7164 3136 11068 -4843 -2626 8296 1
-1 7256 1896 11664 -6695 -1755 7756 1
-1 7160 164 11136 -6065 -1515 6947 1
-1 7308 -480 11424 -4221 -1391 6555 1
-1 7196 -548 11572 -3625 -955 5877 1
-1 7684 -1940 11408 -3814 -381 5401 1
-1 7720 -2940 11464 -1770 -311 4594 1
-1 7592 -3112 11204 1051 -506 4108 1
-1 7952 -2704 11200 251 -9 3164 1
-1 7796 -2716 11408 -1183 392 2220 1
-1 7540 -3128 11820 -1375 364 1731 1
-1 7772 -3172 11660 -1177 184 1225 1
-1 7576 -3420 11792 -1756 342 735 1
-1 7504 -3636 11824 -2444 383 384 1
-1 7356 -4112 11692 -2180 236 161 1
-1 7608 -4344 11548 -1853 301 -97 1
-1 7596 -4584 11156 -919 407 -264 1
-1 7480 -3940 11268 329 332 -13 1
-1 7912 -4116 11188 -321 443 816 1
-1 7428 -4448 11308 17 -114 721 1
-1 7756 -4536 11584 -692 -92 533 1
-1 7620 -4448 11788 -2628 530 356 1
-1 7392 -4976 11956 -2458 974 72 1
-1 7048 -5532 11240 -836 760 509 1
-1 6956 -5312 11464 -252 582 414 1
-1 6988 -5444 11448 -521 352 366 1
-1 6896 -5256 11436 -1109 83 306 1
-1 6892 -5608 11284 -2269 221 242 1
-1 6848 -5836 11440 -1789 186 246 1
-1 6748 -6000 11236 -1063 57 259 1
-1 6836 -6040 11252 -975 366 280 1
-1 6732 -5988 11332 -904 335 288 1
-1 6844 -6236 11096 -1376 538 232 1
-1 6584 -6432 10896 -1499 498 145 1
-1 6412 -6472 11064 -1313 452 -113 1
-1 6576 -6664 10996 -683 231 42 1
-1 6632 -6984 10700 -688 400 75 1
-1 6632 -6968 10692 -699 505 -116 1
-1 6596 -7160 10804 -811 490 -98 1
-1 6584 -7240 10720 -611 365 147 1
-1 6436 -7340 10356 -610 268 146 1
-1 6412 -7312 10804 -692 271 110 1
-1 6292 -7488 10652 -626 131 115 1