-1 -348 3584 12952 149 236 -83 0
-1 -256 3752 12920 208 250 -256 0
-1 -408 3760 13072 256 344 -589 0
-1 -356 3596 12808 266 275 -527 0
-1 -532 3940 12648 84 55 -164 0
-1 -388 3900 12892 127 7 -52 0
-1 -564 3632 12980 195 6 9 0
-1 -388 3780 13076 187 90 81 0
-1 -524 3528 12800 195 182 53 0
-1 -392 4148 13208 -195 242 -259 0
-1 -804 2452 13956 -372 -599 -1093 0
-1 1248 4356 12716 653 3301 -449 0
-1 -1920 3380 14500 2201 2827 -1017 0
-1 -932 4792 13296 1891 -642 1480 0
-1 -24 3996 13104 10170 -2944 4148 0
-1 1008 5612 10508 11557 -967 3975 0
-1 -160 7008 10288 8636 198 3267 0
-1 -556 7328 10196 4394 651 2788 0
-1 -300 7608 10236 3584 1369 2255 0
-1 -676 8100 10960 1945 1655 1671 0
-1 -1372 14192 10100 1398 1067 1578 1
-1 -980 8160 10888 474 1457 443 1
-1 -1820 7860 12460 -399 1299 321 1
-1 -1196 7608 11552 1292 416 855 1
-1 -1600 8144 12428 5594 -812 1333 1
-1 -976 9908 10048 2433 35 516 1
-1 -2980 10560 12096 1655 -1093 1162 1
-1 -2484 11060 11320 2914 -2940 2944 1
-1 -1732 12148 10864 -3644 -2736 5930 1
-1 -464 10316 10652 -5214 -2532 6611 1
-1 288 10380 10492 -3795 -2677 8018 1
-1 1504 9328 9584 -4610 -3105 8819 1
-1 2432 8508 10804 -4573 -3572 9487 1
-1 4088 7420 10344 -4067 -4189 9927 1
-1 5604 6508 10732 -4880 -4088 10278 1
-1 6976 4848 11324 -6339 -3331 9888 1
-1 7656 2684 11264 -6281 -3350 9104 1
-1 8080 1556 10984 -5848 -2596 8483 1
-1 8512 340 10932 -5183 -1703 7528 1
-1 8384 -708 10984 -3609 -1300 6811 1
-1 8668 -1268 10564 -2400 -557 5578 1
-1 8588 -1020 11080 -1600 -397 4779 1
-1 8376 -1268 10920 -2238 95 3916 1
-1 8736 -1700 11424 -491 -147 3342 1
-1 8560 -1492 11292 -1206 8 2840 1
-1 8452 -1552 11496 -2310 225 2303 1
-1 8416 -2340 11720 -2916 325 1652 1
-1 8128 -2716 11592 -1356 8 1367 1
-1 8340 -2480 11512 -802 345 1195 1
-1 8240 -2492 11404 -1717 818 950 1
-1 7988 -3212 11892 -934 659 881 1
-1 7992 -2636 11684 -872 434 656 1
-1 7744 -3088 11976 -2747 555 659 1
-1 7728 -3796 11636 -1604 233 555 1
-1 7808 -3612 11644 -1364 131 609 1
-1 7728 -3900 11572 -1325 159 667 1
-1 7756 -4028 11172 -1550 301 634 1
-1 7664 -4332 11240 -2048 477 488 1
-1 7516 -4428 11520 -1327 308 636 1
-1 7572 -4524 11360 -925 29 726 1
-1 7572 -4620 11260 -1295 122 667 1
-1 7388 -5084 11084 -1514 148 514 1
-1 7468 -4936 11148 -737 78 471 1
-1 7492 -5100 11028 -711 100 579 1
-1 7416 -5336 11128 -788 150 570 1
-1 7312 -5608 11020 -445 102 561 1
-1 7460 -5620 11064 -265 139 488 1
-1 7276 -5832 11168 -280 228 489 1
-1 7380 -5560 11056 -262 104 455 1
-1 7192 -5660 10952 -412 113 424 1
-1 7152 -5996 11040 -575 182 217 1
-1 7208 -5980 11028 217 105 312 1
-1 7192 -5952 11100 -8 190 390 1
-1 7304 -6044 11056 -169 138 515 1
-1 7132 -6088 11040 -146 91 409 1
-1 7204 -6100 10800 -145 159 402 1
-1 7092 -6008 11080 -205 218 436 1
-1 7152 -6132 10944 -254 329 495 1
-1 6952 -6148 10896 -361 170 440 1
-1 7060 -6284 10948 -1274 403 313 1