-1 -1380 2436 13280 194 10 113 0
-1 -1448 2464 13036 273 4 119 0
-1 -1328 2536 13324 267 60 105 0
-1 -1476 2304 13152 191 484 -68 0
-1 -1284 2984 13196 201 276 139 0
-1 -1500 2256 13192 201 263 -8 0
-1 -1544 2276 13044 186 266 51 0
-1 -1860 2060 13112 823 72 -80 0
-1 -1428 2292 13140 763 343 -153 0
-1 -1800 1996 13272 624 552 -210 0
-1 -1872 2280 13824 117 227 -693 0
-1 -1540 2964 14164 1867 1109 536 0
-1 -1664 2256 12868 1510 360 1103 0
-1 -1828 3164 13676 4350 -871 910 0
-1 -988 3932 13220 7243 -1602 2423 0
-1 -232 4616 12868 9606 -1828 3437 0
-1 0 4944 11224 11134 -1649 2634 0
-1 -284 6672 11004 9756 -1537 1766 0
-1 -640 8104 10904 4840 -158 -64 0
-1 -772 7332 11012 3486 349 -231 0
-1 -1108 8356 10948 4442 -437 -18 0
-1 -832 8392 10592 5322 -856 353 0
-1 -692 9332 10716 1624 -71 -74 0
-1 32 10192 9952 534 434 -312 0
-1 132 9384 9884 448 1010 -141 0
-1 -404 9296 9840 937 1270 -42 0
-1 -1024 9544 10076 5683 -618 -120 0
-1 -444 10512 10104 836 1263 917 0
-1 -1464 12084 9364 1011 -149 766 0
-1 -1388 11480 9572 -1658 1539 3254 0
-1 -2524 11956 10016 318 173 5220 1
-1 -2096 11580 10176 -5380 1431 7578 1
-1 -528 10756 10536 -5082 1394 8989 1
-1 -156 10264 10320 -2133 185 10632 1
-1 1004 9788 10532 -3746 -230 10640 1
-1 2044 9488 10464 -2019 -2366 11092 1
-1 2652 8628 11248 -4736 -2086 10918 1
-1 4416 6964 11140 -5377 -2590 10906 1
-1 5968 6208 11220 -5954 -2430 9923 1
-1 6220 4228 11596 -6839 -2106 9559 1
-1 6964 2900 11192 -6321 -1025 9340 1
-1 6656 1756 11620 -4184 -830 8065 1
-1 7272 1200 11424 -3829 -76 7507 1
-1 7540 688 11316 -3767 40 6867 1
-1 7352 -152 11720 -1834 37 6188 1
-1 7364 -800 12184 -1643 106 5281 1
-1 7256 -356 12216 -1609 20 4781 1
-1 7028 -816 12632 -1064 -24 4389 1
-1 7044 -1076 12192 -1180 152 3845 1
-1 6940 -888 12216 -1749 655 3304 1
-1 6840 -1636 12328 -597 309 3095 1
-1 6916 -1196 11928 -1268 357 2500 1
-1 6760 -1696 12116 -1595 20 2109 1
-1 6864 -1848 11708 -1670 -86 1754 1
-1 6704 -2116 12376 -2447 28 1400 1
-1 6652 -2588 11952 -2736 174 1062 1
-1 6616 -2868 12040 -2607 185 815 1
-1 6668 -3488 12296 -1819 300 592 1
-1 6972 -3152 11876 -1375 -54 403 1
-1 6760 -3344 11944 -2250 132 486 1
-1 6688 -4020 11716 -2422 268 309 1
-1 6856 -4324 11988 -2538 272 258 1
-1 6768 -4596 12016 -1894 -9 281 1
-1 6896 -4536 11628 -1553 -111 353 1
-1 6644 -4716 11808 -2261 42 377 1
-1 6568 -5296 11600 -1657 46 292 1
-1 6736 -5324 11728 -1303 74 291 1
-1 6860 -5540 11700 -791 188 619 1
-1 6624 -5636 11628 -555 139 467 1
-1 6592 -5596 11220 -698 0 450 1
-1 6352 -6000 11264 -661 -113 371 1
-1 6612 -5792 11188 -429 -33 222 1
-1 6456 -5984 11436 -487 229 292 1
-1 6716 -5976 10916 -135 281 244 1
-1 6456 -5976 11388 -143 189 363 1
-1 6508 -6092 11132 165 81 293 1
-1 6424 -6136 11068 -109 85 259 1
-1 6472 -6204 11340 102 -117 197 1
-1 6596 -6120 11044 336 -55 153 1
-1 6564 -6016 11380 6 -21 249 1