-1 -524 5860 12152 -52 424 -364 0
-1 -720 5900 12300 -281 668 -424 0
-1 -972 5512 12128 -314 400 -478 0
-1 -784 5848 12344 -637 344 -400 0
-1 -884 5288 12620 -610 423 -696 0
-1 -1112 5272 12244 -557 491 -521 0
-1 -1128 5052 12344 -221 300 -224 0
-1 -1292 5344 12052 80 29 -5 0
-1 -1296 5204 12568 357 -295 67 0
-1 -1032 5164 12420 195 -348 72 0
-1 -1116 5108 12500 18 -416 83 0
-1 -920 5684 12468 -66 -32 -40 0
-1 -796 5376 13304 -2052 624 247 0
-1 -2404 3568 12480 -2809 2089 -193 0
-1 -820 4476 13772 -1724 2184 -478 0
-1 -960 4936 12884 3849 -725 522 0
-1 -272 5412 12732 6603 -1674 1799 0
-1 576 6396 11396 6674 -1173 3075 0
-1 -208 6336 10720 4068 -474 1493 0
-1 -248 6408 10052 4459 -114 1464 0
-1 -412 7512 10468 6425 -728 1414 0
-1 -1212 6856 10680 3564 -717 1697 0
-1 -1696 7772 10996 1398 578 1496 0
-1 -2996 7268 12064 2635 -747 303 0
-1 -1696 8180 12832 1447 254 354 1
-1 -976 8188 11852 5497 -692 416 1
-1 -584 10212 9692 2584 443 -351 1
-1 -3140 10324 10296 69 67 1054 1
-1 -2520 10620 11648 2778 -2018 4688 1
-1 -496 13848 11156 -2367 -469 8802 1
-1 -432 11220 10556 -6986 1198 9727 1
-1 -44 9108 10872 -6777 800 11441 1
-1 1332 8124 10864 -4356 -399 12559 1
-1 3020 7940 11212 -3870 -937 13765 1
-1 3396 6288 11252 -3295 -1555 13999 1
-1 4556 4332 11612 -5855 -1257 13093 1
-1 5340 3188 11576 -3963 -2323 12346 1
-1 5696 1732 11852 -3643 -1381 11193 1
-1 6380 996 11684 -2002 -915 9726 1
-1 6500 380 12236 -2170 146 8172 1
-1 6928 624 11544 440 237 7064 1
-1 6584 652 11852 -313 101 6092 1
-1 6624 672 12064 -2313 359 5158 1
-1 6384 -24 12788 -1982 -180 4347 1
-1 6424 -80 12428 -2296 -360 3636 1
-1 6712 -572 12604 -2895 224 3134 1
-1 6692 -940 12176 -1661 -18 2459 1
-1 6508 -696 12420 -2226 369 1897 1
-1 6508 -1568 12252 -1826 435 1692 1
-1 6632 -1560 12604 -845 351 1463 1
-1 6424 -1456 12584 -1183 217 1294 1
-1 6484 -1564 12524 -1811 418 1209 1
-1 6296 -2512 12660 -1395 192 880 1
-1 6532 -2260 12364 -2355 378 543 1
-1 6156 -2876 12200 -3380 787 341 1
-1 6356 -2968 12272 -2509 321 403 1
-1 6464 -3524 12136 -2000 232 593 1
-1 6244 -3456 12308 -2421 453 565 1
-1 6232 -4108 11980 -1290 241 747 1
-1 5992 -3984 12080 -979 136 729 1
-1 6144 -4308 11996 -886 241 488 1
-1 6292 -3996 12008 -1140 85 528 1
-1 5776 -4160 12280 -1575 156 581 1
-1 5920 -5004 12096 -1141 -45 384 1
-1 6044 -4772 11884 -850 86 280 1
-1 6092 -4804 11836 -1174 459 136 1
-1 5824 -4964 11636 -99 11 69 1
-1 6112 -4956 11900 -280 253 256 1
-1 5860 -5036 11944 -316 -34 146 1
-1 5920 -5164 11840 -350 89 204 1
-1 5968 -5080 11968 -626 137 369 1
-1 6088 -5248 11884 -556 340 350 1
-1 5792 -5544 11904 -999 317 269 1
-1 6092 -5260 11532 -128 227 330 1
-1 5816 -5448 11892 -510 129 405 1
-1 5912 -5592 11392 -134 78 333 1
-1 5668 -5628 11884 -198 -8 306 1
-1 5824 -5844 11584 -196 63 322 1
-1 5720 -5804 11640 -255 19 396 1
-1 5792 -5828 11624 -29 5 165 1