-1 -14036 3600 -3440 -10855 4187 2822 1
-1 -13904 4548 -3040 -6343 2126 2798 1
-1 -15256 4004 -1956 -3398 1027 1754 1
-1 -17228 2452 -2636 6704 -2254 -188 1
-1 -18236 5612 -3444 14594 -4028 -961 1
-1 -17132 7632 -2444 9871 -4275 -5246 1
-1 -14024 1184 -832 291 870 -840 1
-1 -15432 3684 -3056 6297 -2127 -1669 1
-1 -11840 5524 -2544 8144 -2428 -2700 1
-1 -12108 4536 -476 4491 -598 -2689 1
-1 -12056 5864 44 5945 -601 -3104 1
-1 -12444 6384 568 3581 -740 -2233 1
-1 -15336 6828 932 1903 -696 -1444 1
-1 -14212 6880 1900 -448 -344 151 1
-1 -17612 6784 1308 -836 1233 1537 1
-1 -18676 8160 2612 -2381 -1246 607 1
-1 -12388 4708 -604 -7574 -2689 6250 1
-1 -17128 5064 -2656 -5163 -4081 6994 1
-1 -13692 4284 -2668 -3721 -6012 7198 1
-1 -11956 5132 -3028 -1204 -4167 7792 1
-1 -11416 5408 -1916 -2881 -1816 5731 1
-1 -11132 5060 -2132 -2498 -326 3537 1
-1 -12228 4984 -2176 -1049 95 1718 1
-1 -14536 4824 -2068 2700 -117 186 1
-1 -16356 5520 -2636 6351 12 -1865 1
-1 -22756 7452 -4276 10177 3936 -7831 1
-1 -13460 6712 508 9076 2495 -9121 1
-1 -16332 4724 -2332 8099 4669 -5075 1
-1 -14704 7236 -1440 7035 2147 -5282 1
-1 -12920 5420 -104 10670 783 -3299 1
-1 -11944 7120 640 10306 245 -2745 1
-1 -11840 5808 2476 5519 1001 -2724 1
-1 -12284 7132 2616 2981 561 -2376 1
-1 -13792 6588 2648 2356 -317 -855 1
-1 -15544 8112 1704 1124 -168 1432 1
-1 -19472 8776 -228 -4456 1995 6050 1
-1 -18668 10696 -1360 -13585 -1776 6950 1
-1 -20216 2104 -4400 -11794 -6748 10296 1
-1 -17776 4360 -3016 -580 -12242 13724 1
-1 -14656 5400 -2636 -2083 -11488 13974 1
-1 -13532 4896 -2048 -6595 -9285 9307 1
-1 -12408 4092 -1964 -4228 -7938 4093 1
-1 -9928 3644 -1772 1715 -6643 528 1
-1 -10080 4724 -576 3435 -3171 -2469 1
-1 -12428 5172 1572 4758 365 -6363 1
-1 -14196 7220 2580 5181 1841 -9771 1
-1 -19940 8280 -208 11696 4570 -13089 1
-1 -14744 9668 2776 17577 -1781 -13053 1
-1 -16512 9352 1396 14988 -4533 -7233 1
-1 -14340 8320 488 13810 -8194 -4274 1
-1 -10984 6648 676 12579 -9708 -2684 1
-1 -10420 5936 480 12020 -10143 -3068 1
-1 -11276 5536 1140 14679 -9945 -3897 1
-1 -9164 7740 2272 10761 -7921 -3274 1
-1 -11024 7524 2204 8780 -4990 -3388 1
-1 -11652 8584 2344 10464 -3491 -2191 1
-1 -20444 9660 436 13284 -200 -3996 1
-1 -14364 10824 1488 7632 -2217 -6995 1
-1 -13564 7056 360 877 155 -2612 1
-1 -15336 7288 -348 -490 -1648 -1400 1
-1 -12192 5984 268 3770 -2883 569 1
-1 -11484 6144 72 2518 -2142 669 1
-1 -11256 5620 -476 2702 -1445 -872 1
-1 -11152 5352 -1120 3206 -1063 -1389 1
-1 -10612 5228 -1324 4391 -285 -1819 1
-1 -12656 5516 -1652 5724 1376 -3480 1
-1 -17020 6788 -1412 7482 2802 -7044 1
-1 -18968 8884 -1944 8648 3852 -10555 1
-1 -20464 7544 200 10430 2532 -12337 1
-1 -8060 6092 2040 6865 1278 -4815 1
-1 -15292 7660 -524 -1625 2683 -278 1
-1 -13140 5452 -360 1340 -865 1168 1
-1 -10724 7612 404 -2211 681 2658 1
-1 -12524 6620 688 -7434 1307 2731 1
-1 -13160 6336 -164 -6801 -153 3456 1
-1 -13244 6160 -1396 -7084 -1068 5174 1
-1 -14520 6776 -2044 -6872 -459 5705 1
-1 -17000 6976 -3916 -8673 1650 4463 1
-1 -20536 7232 -3324 -4921 3104 4584 1
-1 -13776 9496 -2644 -15242 3991 2002 1
-1 -18408 4036 -4964 -17253 2810 2737 1
-1 -15648 2104 -3300 -8007 -53 4528 1
-1 -12444 4492 -2628 -2110 -1764 5620 1
-1 -11996 6124 -3092 -814 -1117 4555 1
-1 -11040 5072 -2548 -2542 109 2104 1
-1 -11924 5136 -2000 -507 715 -461 1
-1 -13384 5200 -2012 1876 921 -2575 1
-1 -16420 6076 -1684 4499 824 -4533 1
-1 -18136 5916 -3308 9992 269 -5761 1
-1 -18540 9956 -944 11458 954 -11090 1
-1 -11000 4908 960 545 3066 -5796 1
-1 -17212 5956 -2372 -946 1551 -2179 1
-1 -12780 4192 -1652 5355 -1768 -1245 1
-1 -10332 5932 -212 4441 -992 254 1
-1 -11436 6200 280 636 967 -581 1
-1 -11852 5640 732 368 625 -1003 1
-1 -12520 6008 292 1100 187 -242 1
-1 -13800 6768 796 -342 623 1878 1
-1 -16252 7276 0 -3011 2065 4326 1
-1 -24392 9712 760 -4839 1162 2369 1
-1 -15032 6508 -1804 -14606 -1950 6146 1
-1 -17496 2384 -6112 -10602 -4147 9347 1
-1 -16916 1036 -4240 293 -9373 9423 1
-1 -12956 5092 -3864 3536 -7286 10252 1
-1 -10532 5580 -2936 -4628 -2397 5872 1
-1 -10156 3648 -2364 -2927 -325 2157 1
-1 -10688 4300 -2532 1572 912 -1045 1
-1 -12360 5092 -1552 4107 1784 -5065 1
-1 -16060 5656 -1144 5732 1570 -8632 1
-1 -20144 5816 -4324 13494 1765 -10606 1
-1 -17008 9888 -2756 18992 -47 -13840 1
-1 -17488 6688 -888 10591 4105 -9070 1
-1 -15160 7112 -1832 4138 3235 -4278 1
-1 -12248 4576 -1808 6269 1655 -1272 1
-1 -11864 6168 -872 9837 448 -1860 1
-1 -11444 5912 416 9615 -27 -2590 1
-1 -11152 6380 728 7754 31 -1620 1
-1 -12396 6336 468 4860 -28 846 1
-1 -14884 6324 612 5022 -556 2900 1
-1 -16112 7160 -72 3303 -416 4591 1
-1 -25000 8000 80 688 1401 3031 1
-1 -14372 2996 -1244 -6875 -4097 4357 1
-1 -19972 392 -3476 -2187 -3414 4315 1
-1 -18312 1608 -4168 -397 -7339 3700 1
-1 -15736 2008 -3404 6116 -7783 4237 1
-1 -13556 4980 -2244 3558 -7430 4197 1
-1 -14024 4496 -2704 3317 -7703 3224 1
-1 -12628 4700 -2820 4593 -7853 1665 1
-1 -11244 4552 -2600 7611 -6439 -574 1
-1 -12648 5544 -1712 7875 -3351 -3874 1
-1 -15824 6400 -932 7276 -1299 -7367 1
-1 -22316 6536 -4468 12719 545 -9063 1
-1 -12176 7756 -728 12527 -1559 -10213 1
-1 -15064 4640 -688 10594 2060 -6031 1
-1 -15692 5860 -2252 10276 -1304 -5203 1
-1 -11212 4244 -1492 16889 -2910 -4107 1
-1 -10740 6684 -728 16187 -2271 -3594 1
-1 -12972 6812 -40 12138 -485 -4334 1
-1 -12536 5212 1648 12560 -1317 -1925 1
-1 -13824 6976 2696 10872 -503 -526 1
-1 -15776 6928 2652 7339 578 889 1
-1 -17820 7388 2288 2683 2506 1806 1
-1 -18676 9116 3400 -3400 -720 364 1
-1 -12332 5112 620 -7776 -3097 7373 1
-1 -18352 6680 -828 -9139 -6325 9811 1
-1 -15764 5264 -1872 -5235 -10213 9789 1
-1 -14324 5356 -2464 -3039 -10396 10334 1
-1 -12536 5488 -3036 -3868 -7871 8540 1
-1 -11060 4304 -2600 -3286 -5218 5624 1
-1 -10164 4124 -2276 -1316 -2520 3665 1
-1 -11692 4292 -1280 -541 552 894 1
-1 -15416 4372 -32 2323 2489 -2776 1
-1 -17856 5084 -2108 7740 5990 -7949 1
-1 -18516 7364 -384 13675 5779 -15330 1
-1 -13244 4992 -504 14091 4427 -11548 1
-1 -18860 7308 -3116 16815 898 -9003 1
-1 -13288 6648 -1448 21451 -2708 -5572 1
-1 -10972 7812 -2220 19904 -3516 -2768 1
-1 -11780 8340 -888 12378 -1856 -3755 1
-1 -12648 7344 -788 9328 -743 -4586 1