-1 -12476 7404 -1048 7382 -2417 -993 1
-1 -12104 7940 76 5525 -1405 -2234 1
-1 -11796 8096 776 2987 -419 -2403 1
-1 -12292 8240 -20 1283 173 -2773 1
-1 -12564 8320 -236 1063 453 -2921 1
-1 -13996 8788 -724 896 908 -1653 1
-1 -14260 8964 -772 -260 1750 515 1
-1 -20976 11152 -1440 -2215 2167 1116 1
-1 -15804 8528 -2008 -5386 -215 4630 1
-1 -10504 7024 -1520 -8823 18 9601 1
-1 -14000 8788 -2040 -15144 2099 6659 1
-1 -14444 6928 -3900 -11691 -688 3037 1
-1 -12412 6064 -3696 -5716 -3491 1954 1
-1 -11892 6924 -3284 -1911 -3174 2082 1
-1 -11512 6860 -3336 -3961 -573 1731 1
-1 -10940 5992 -3360 -2692 940 1352 1
-1 -12896 6656 -2916 28 1994 -758 1
-1 -15144 7016 -2168 3654 1659 -2805 1
-1 -16192 7444 -3084 8238 -391 -3448 1
-1 -20144 9864 -4068 12252 -1051 -6907 1
-1 -11176 7244 -1028 10498 357 -5050 1
-1 -14332 9108 -1772 5497 1385 -2385 1
-1 -12480 6472 -1924 5688 155 -538 1
-1 -10512 7224 -756 6073 274 -702 1
-1 -10828 7744 -420 4284 1834 -2084 1
-1 -11640 7732 -1004 131 3285 -2677 1
-1 -13148 10304 -564 -4220 3421 -861 1
-1 -15696 7548 604 -1126 178 2846 1
-1 -14528 10540 1396 3368 861 4062 1
-1 -17960 11612 -272 -7442 686 2245 1
-1 -18264 7356 -5956 -9087 -456 9078 1
-1 -16916 3568 -4660 -11343 -3218 9804 1
-1 -13696 6172 -4136 -7148 -2854 8309 1
-1 -11024 6212 -5708 -6911 -1477 5208 1
-1 -9752 6004 -3948 -5802 777 1886 1
-1 -10216 6192 -3576 -5548 2041 -1200 1
-1 -11232 5956 -3076 -771 1935 -2758 1
-1 -13676 7180 -2584 3671 1398 -4418 1
-1 -16864 7860 -4888 8943 -9 -5066 1
-1 -21372 9324 -6440 15506 147 -4616 1
-1 -13168 9724 -3252 14573 -2146 -7232 1
-1 -13992 8180 -1796 7736 4293 -5728 1
-1 -14224 8684 -2296 2628 3179 -6291 1
-1 -11760 7588 -1348 2906 634 -5531 1
-1 -12436 6844 -376 6209 -269 -3850 1
-1 -14192 9072 2412 3110 -2068 -3505 1
-1 -12480 6712 616 4120 -4663 -483 1
-1 -13116 8492 1556 3093 -4250 2027 1
-1 -15824 8776 732 -2561 -1509 3158 1
-1 -23276 11676 -2084 -6759 1821 3590 1
-1 -10200 8612 -4976 -26218 3488 4799 1
-1 -16848 2956 -6624 -27483 7844 2433 1
-1 -15840 5472 -5868 -11058 -323 2373 1
-1 -12764 4552 -5432 -1034 -4281 4694 1
-1 -11936 6432 -3316 895 -4646 8245 1
-1 -11540 6472 -3504 -3595 -2202 7600 1
-1 -10740 5376 -3276 -1736 -795 4532 1
-1 -11444 5648 -2660 2763 728 162 1
-1 -14944 6772 -3312 8084 1077 -3519 1
-1 -17964 8348 -4032 11369 2135 -6537 1
-1 -18636 10264 -5604 14219 -657 -9680 1
-1 -14172 7216 -2092 9052 3168 -4442 1
-1 -14016 7940 -2896 1401 2531 -1473 1
-1 -11260 5800 -2492 3554 1693 -899 1
-1 -11588 6932 -1180 3876 1209 -2196 1
-1 -12112 7512 -832 4383 568 -1720 1
-1 -12320 7516 -676 2268 -189 43 1
-1 -12724 7208 -672 2485 -1309 1864 1
-1 -13404 8248 -248 1276 -1629 2215 1
-1 -16232 8516 -1944 1740 -530 3215 1
-1 -22616 12644 -2100 -1952 -1207 476 1
-1 -14300 5532 -5320 -9867 -958 6206 1
-1 -16076 4928 -5840 -7421 -4315 7611 1
-1 -15340 4608 -5152 -6556 -3870 7800 1
-1 -12752 3652 -6224 -1386 -4724 7221 1
-1 -11144 5280 -4044 -276 -2168 3331 1
-1 -11196 5608 -3396 -191 -309 -322 1
-1 -11748 5672 -3260 3253 -457 -2518 1
-1 -13048 6640 -2524 7724 -567 -4994 1
-1 -15740 7848 -3392 10628 -814 -7594 1
-1 -17804 8600 -2908 11585 -833 -9486 1
-1 -20744 10172 -6804 14292 -2958 -12724 1
-1 -10492 6704 -300 7699 987 -7265 1
-1 -14352 8724 -1896 4742 681 -3006 1
-1 -11272 6836 -2544 5591 -2643 -1241 1
-1 -10360 6596 -264 6913 -2938 -624 1
-1 -11472 8164 488 4901 -1270 -805 1
-1 -11752 7648 540 -197 -137 563 1
-1 -12936 7816 640 -3026 267 2732 1
-1 -16456 7860 -848 -5253 -602 5243 1
-1 -15528 7436 -264 -6501 840 6920 1
-1 -23504 10092 -572 -8220 2969 2126 1
-1 -14084 6492 -2896 -10434 -1214 2434 1
-1 -15152 5188 -5180 -7859 -2416 7162 1
-1 -15236 7208 -3648 -3829 -5040 7194 1
-1 -14748 6220 -5628 -3662 -5571 6931 1
-1 -11100 5492 -4792 1504 -4700 7500 1
-1 -9432 6068 -2212 -498 178 3502 1
-1 -10092 5008 -2460 710 2438 -811 1
-1 -11060 5716 -2256 4736 2169 -4734 1
-1 -14788 6488 -2132 8207 1092 -8515 1
-1 -20740 7784 -4804 17196 -984 -10734 1
-1 -20208 14328 -6404 23009 -10305 -14381 1
-1 -12572 6044 -408 7671 3001 -4848 1
-1 -13944 8480 -2452 -966 3035 -914 1
-1 -11424 6360 -2548 2019 734 -332 1
-1 -10980 5364 -156 6469 -1821 -702 1
-1 -11444 6760 556 10242 -2580 -529 1
-1 -11716 7980 1408 4858 -634 -535 1
-1 -12088 7448 1284 -66 1308 507 1
-1 -13372 7260 852 -1501 1081 2256 1
-1 -15344 7868 -364 -2608 938 3815 1
-1 -25456 10612 -1312 -1388 1361 3285 1
-1 -17220 8580 -3956 -10291 -2652 3261 1
-1 -16996 3108 -6840 -6291 -4245 6172 1
-1 -14356 4392 -5992 -1197 -6294 5786 1
-1 -15444 5072 -8432 -837 -3585 4405 1
-1 -12936 3492 -7856 -63 -3221 2146 1
-1 -14360 4724 -7152 5907 -3274 -501 1
-1 -14048 6384 -5812 9929 -3771 -2524 1
-1 -13412 7144 -4832 10560 -4456 -3885 1
-1 -12520 7660 -4128 8733 -4206 -5001 1
-1 -14816 7104 -3572 9816 -6383 -5517 1
-1 -14816 6784 -3604 14082 -9583 -4516 1
-1 -15980 7488 -4296 20179 -11131 -3948 1
-1 -13700 8940 -2212 18484 -8359 -6312 1
-1 -11968 6848 -1660 19342 -5861 -4879 1
-1 -15280 8076 -2660 31895 -10381 230 1
-1 -9444 12284 -2592 30340 -11019 2882 1
-1 -10780 12360 -524 12307 -6651 3710 1
-1 -12552 10004 268 5667 -4808 2947 1
-1 -12008 8832 1828 -6237 -3075 -601 1
-1 -14372 4208 1688 605 -2887 -2012 1
-1 -15064 6960 2000 7002 -5925 -1349 1
-1 -14120 7820 1656 9013 -7448 -1090 1
-1 -12656 9028 1588 14157 -9579 427 1
-1 -10916 11180 1288 10944 -9515 977 1
-1 -9400 9552 552 7733 -7680 1119 1
-1 -12176 11096 -616 8225 -7041 113 1
-1 -11016 10540 -2024 6416 -4943 1579 1
-1 -14164 12020 -1904 5510 -3693 409 1
-1 -11704 9652 -2392 3911 -1798 617 1
-1 -10948 9260 -2452 4344 -1263 364 1
-1 -11476 9304 -1260 4977 -1384 -2051 1
-1 -10200 7960 -1676 7449 -2455 -2392 1
-1 -10332 9120 -1620 11405 -3077 -3656 1
-1 -9748 9952 -1860 11100 -3301 -5468 1
-1 -10968 10320 -2300 10827 -3237 -6638 1
-1 -11224 10272 -5416 7795 -1716 -7764 1
-1 -15020 11292 -3984 3309 -546 -8647 1
-1 -12652 7872 -3396 7202 -915 -6772 1
-1 -23732 11140 -7144 15295 -1945 -10190 1
-1 -12348 6508 -744 13844 2603 -3227 1
-1 -15220 8924 -964 3490 1400 -894 1
-1 -10832 3356 -2336 9128 -2175 258 1
-1 -10748 7424 24 10188 -3718 -318 1
-1 -12244 8408 1000 5070 -2451 -703 1
-1 -11852 7060 1380 2554 -2917 2095 1
-1 -13100 8608 324 -918 -1640 3324 1
-1 -15908 8400 -192 -4462 -909 3362 1