-1 -11960 7676 1048 -2034 69 2361 1
-1 -13304 8424 532 -4127 1615 3426 1
-1 -14052 7784 -68 -6593 2386 3837 1
-1 -17584 9468 -1248 -8189 3481 4736 1
-1 -18612 8656 -3056 -9866 971 5549 1
-1 -13556 7608 -2784 -12108 -2076 8482 1
-1 -13700 7608 -2660 -15617 166 9989 1
-1 -15964 7736 -3168 -15373 -596 7076 1
-1 -15056 6344 -3144 -11141 -3211 4754 1
-1 -12824 6136 -3072 -2526 -4992 5543 1
-1 -12308 6736 -2320 -647 -3618 4909 1
-1 -10556 6120 -2124 -949 -1169 3556 1
-1 -10128 5620 -1564 610 1957 764 1
-1 -10784 6596 -920 2473 4385 -3251 1
-1 -13028 7856 -364 4265 5726 -6195 1
-1 -16604 9280 -2040 8477 4184 -7976 1
-1 -20916 10000 -2924 17019 171 -11692 1
-1 -9864 7248 -404 20137 -3883 -6291 1
-1 -14368 10200 -224 9790 -1424 -2285 1
-1 -13452 8080 -640 6069 -4006 -171 1
-1 -11892 8108 -96 5123 -3344 2427 1
-1 -12044 7100 948 1043 -1604 3210 1
-1 -12040 6912 844 1465 -1999 3261 1
-1 -11560 7732 2348 -3778 671 2279 1
-1 -12720 5900 1992 -7840 424 1048 1
-1 -13880 8248 1776 -1772 148 3714 1
-1 -16020 9596 -44 -5144 85 4684 1
-1 -21456 10416 -676 -194 -4142 1986 1
-1 22536 31148 -4904 -19321 13600 12444 1
-1 -15164 5176 -1820 -4260 -1156 3997 1
-1 -13656 8544 1100 4455 -2623 4977 1
-1 -13936 7520 -1368 1020 -11547 10694 1
-1 -11212 6520 -584 2014 -6344 4612 1
-1 -9056 8700 668 482 -5082 2427 1
-1 -11256 5064 28 232 -5306 3227 1
-1 -9940 6716 72 3695 -2895 1225 1
-1 -11480 6992 1204 4991 -2393 -770 1
-1 -12660 7800 1648 6964 3393 -4241 1
-1 -17368 16896 40 13454 989 -9186 1
-1 -12032 10688 2188 9299 -3478 -6129 1
-1 -17028 9044 980 8039 -8172 -2423 1
-1 -13348 8644 -276 10569 -13493 -3218 1
-1 -9332 7624 -64 9229 -13337 -3342 1
-1 -10184 6848 -856 6161 -10697 -5227 1
-1 -12296 7924 -1604 9046 -8293 -7254 1
-1 -7876 13824 6256 2535 -1478 -10146 1
-1 -9268 11384 8172 -12188 4664 -4523 1
-1 -12040 7236 5188 -14712 5422 1282 1
-1 -20176 -272 -1196 -3482 -720 1702 1
-1 -21604 7576 1688 16386 -6287 -2414 1
-1 -12616 7924 2648 12048 -4563 -831 1
-1 -13320 8480 -680 2974 -2843 -4185 1
-1 -12032 6300 -2544 5156 -4739 -5922 1
-1 -11132 6040 -2332 10011 -3477 -4293 1
-1 -10664 7756 -1884 10192 -2594 -4307 1
-1 -10916 7452 -1276 10049 -922 -5525 1
-1 -10172 8384 -696 8459 1808 -5722 1
-1 -10824 7568 520 4476 5799 -6025 1
-1 -16924 6500 -400 5429 5468 -6304 1
-1 -17816 7184 -1296 10168 6832 -4869 1
-1 -24944 11736 80 10681 7385 -7520 1
-1 -13008 7784 1380 10944 -868 -4979 1
-1 -11116 7516 252 1365 1317 2167 1
-1 -15712 6712 -76 -2053 -2648 5046 1
-1 -12776 6064 152 1735 -6875 6464 1
-1 -12748 6712 660 -921 -6540 5763 1
-1 -12700 7560 -472 -4142 -4612 4268 1
-1 -13004 8116 -1544 -1745 -4203 4394 1
-1 -10844 8824 -1780 -7385 -2503 3604 1
-1 -13508 7304 -2560 -4714 1373 4625 1
-1 -18036 11228 -2068 -6198 7670 1529 1
-1 -16828 10892 -1460 -11065 6020 -1537 1
-1 -10460 6856 -1124 -16735 6398 1179 1
-1 -15848 5520 -1664 -8762 2834 3649 1
-1 -12972 7432 -3612 -6972 253 3773 1
-1 -11188 5304 -3008 -1661 -362 3829 1
-1 -10064 6396 -1312 -42 994 2350 1
-1 -10432 5248 -1456 -1197 1779 669 1
-1 -11624 5640 -1004 1185 2678 -1566 1
-1 -14268 6176 660 2526 3299 -4382 1
-1 -17848 7676 -3324 10542 444 -7891 1
-1 -26408 12004 -4680 19097 822 -11651 1
-1 -8408 8020 696 13030 -2554 -4894 1
-1 -17236 8116 -1564 -2720 1747 451 1
-1 -11256 4240 -516 948 -3433 1615 1
-1 -9600 5700 -212 4432 -3460 3060 1
-1 -12772 7028 844 -83 -1803 1614 1
-1 -13384 5776 -1172 -9895 800 2939 1
-1 -14444 2556 -1008 -11706 2814 1080 1
-1 -13372 3496 380 3053 361 -1534 1
-1 -15456 8800 -1320 12024 783 810 1
-1 -18216 10772 1944 352 1214 -3097 1
-1 -12340 6812 -940 -4141 -906 1648 1
-1 -16392 7692 -3644 -7131 -2037 4833 1
-1 -19712 2940 -2564 -14473 1177 6924 1
-1 -11540 4140 -4876 -7769 -2939 7755 1
-1 -10124 4440 -3260 -1624 -3421 5009 1
-1 -9568 5336 -2140 3562 -3503 1403 1
-1 -10996 5212 -1696 6657 -2825 -1173 1
-1 -13040 6564 -1344 8888 -1287 -2790 1
-1 -14952 8032 -292 8574 670 -4324 1
-1 -20596 8764 -3788 10263 4543 -6128 1
-1 -13360 8488 -476 12164 762 -6558 1
-1 -17144 7596 -3452 3802 6688 -2019 1
-1 -15048 7024 -2732 6019 -2901 -1933 1
-1 -10364 6088 -3760 7874 -2134 123 1
-1 -10988 7880 -2592 4176 1121 -400 1
-1 -11540 6320 -2244 2443 1163 344 1
-1 -13176 6872 -3268 4560 668 2118 1
-1 -14056 7496 -2844 6614 -60 2782 1
-1 -14156 7668 -3412 8394 1167 3398 1
-1 -16656 7664 -4012 9586 3771 2497 1
-1 -19472 8244 -3944 8697 1310 -2112 1
-1 -14732 3504 -7104 8616 -491 1130 1
-1 -13896 6408 -7532 9073 -2363 473 1
-1 -14268 6600 -8692 -487 -2312 -181 1
-1 -11820 3300 -5036 4705 -2884 -961 1
-1 -13740 4380 -5496 6930 -3361 -1031 1
-1 -13240 3704 -5140 10346 -5863 -153 1
-1 -13056 5236 -5784 13654 -6332 304 1
-1 -13080 6572 -4332 11992 -4118 1595 1
-1 -16036 6556 -4184 7101 -3061 270 1
-1 -18844 6572 -4408 13085 -5781 217 1
-1 -12712 5964 -3440 7822 -10934 -928 1
-1 -19524 3064 -5864 7211 -2444 3920 1
-1 -12636 4748 -2892 9124 -8489 1457 1
-1 -13588 2936 -3028 9097 -5692 497 1
-1 -14724 1832 -276 8520 -6433 720 1
-1 -12960 5508 -1224 5573 -3271 598 1
-1 -14408 5712 -464 4141 -1942 569 1
-1 -14308 5740 636 1363 -2437 1203 1
-1 -15228 5172 -1596 3857 -3293 3155 1
-1 -18992 7144 -1580 4609 -3120 1560 1
-1 -19676 9512 -584 7233 194 566 1
-1 -14616 6908 3280 -6332 -1246 478 1
-1 -14064 3996 -3072 -5779 -2258 5352 1
-1 -19776 5732 -4352 1661 -11406 2296 1
-1 -12608 5452 -3460 7383 -12051 4815 1
-1 -11332 5880 -2268 4662 -9861 5663 1
-1 -10352 7264 -2564 1093 -4283 2894 1
-1 -10252 5368 -2432 -1169 -1873 -1375 1
-1 -10076 5576 -2052 1028 266 -2729 1
-1 -11784 5368 -2080 4761 1743 -3320 1
-1 -16044 8316 676 13760 2794 -1229 1
-1 -20632 13836 -2020 4980 5859 -5354 1
-1 -16040 8280 -2580 349 4655 -9266 1
-1 -12776 3748 -2288 11037 2380 -867 1
-1 -16412 9680 -2964 6630 1029 -2016 1
-1 -10720 5548 -1040 5548 -2214 -1890 1
-1 -11052 6400 -892 6203 -2746 -218 1
-1 -12480 7120 260 4423 -2522 -239 1
-1 -12628 5436 692 5758 -3434 713 1
-1 -13544 6660 496 3419 -3479 1946 1
-1 -13260 7264 -732 1185 -2434 1691 1
-1 -16336 6432 -2504 -70 4040 2424 1
-1 -24904 11484 -2764 -1344 2362 -3138 1
-1 -11964 3728 -4428 -5609 -341 929 1
-1 -15404 5396 -2852 -2464 -4540 -400 1
-1 -12924 7064 -2968 -4400 -4868 -219 1
-1 -13300 6044 -3372 -5777 -2454 2303 1