-1 -14136 6348 -3592 464 3196 -278 1
-1 -14080 6280 -4472 2451 2900 -692 1
-1 -15096 5232 -5448 6257 2019 -914 1
-1 -18920 5620 -6460 12757 900 -1373 1
-1 -17552 5952 -7232 16135 -1009 -1988 1
-1 -10624 3232 -5468 12543 1101 -1099 1
-1 -16344 5164 -5376 5569 4172 -2214 1
-1 -14864 2748 -5152 2507 2619 -599 1
-1 -14040 3680 -4880 3708 724 -12 1
-1 -14368 3932 -3332 3760 -353 552 1
-1 -13208 4908 -4404 7033 -3354 1321 1
-1 -13660 4812 -3344 6512 -4154 2528 1
-1 -12996 5556 -4248 4542 -4081 3261 1
-1 -14968 5768 -6396 4682 -5363 3542 1
-1 -16748 5776 -5808 4857 -6255 3735 1
-1 -20284 9028 -2968 3473 -3880 -205 1
-1 -11260 9804 760 -6437 -3847 2295 1
-1 -14224 6836 -2884 -9945 -3562 9541 1
-1 -15856 9116 -4260 -17722 -3201 9615 1
-1 -14108 4720 -3252 -12297 -4153 9850 1
-1 -13252 6112 -3764 -5595 -3028 9105 1
-1 -12336 6296 -3984 -11506 241 6505 1
-1 -11748 5380 -3924 -13537 2939 4288 1
-1 -10980 4884 -2672 -11606 4752 2985 1
-1 -12736 6044 -1440 -11766 6934 533 1
-1 -15820 5712 -1216 -9387 8440 -2052 1
-1 -21432 5708 -1476 1136 10204 -5582 1
-1 -18672 6908 2312 2474 8050 -8295 1
-1 -14288 6680 576 6560 5605 -3906 1
-1 -15016 7840 -484 -2074 3112 -1111 1
-1 -13536 6028 -1708 -4955 1852 353 1
-1 -11576 5716 -1528 -5546 1796 37 1
-1 -10364 5496 -936 -7912 2400 -707 1
-1 -11084 5708 -1516 -6916 1606 -926 1
-1 -13116 6272 -1608 -5010 82 -1389 1
-1 -17664 7536 -1416 -2973 -1970 -2104 1
-1 -18064 6656 -2856 1476 -4991 -402 1
-1 -19972 7724 -2544 7103 -6081 -103 1
-1 -11296 5224 -188 286 -3327 7703 1
-1 -18044 5276 -2344 -5043 -3062 9576 1
-1 -12180 2128 -1340 -1056 -4411 7215 1
-1 -10820 3496 -864 755 -2311 5631 1
-1 -11000 3052 -40 -863 -97 2283 1
-1 -10832 2872 812 1682 243 -303 1
-1 -12648 3708 752 7667 810 -3365 1
-1 -13880 6612 1128 7244 3282 -7387 1
-1 -16696 7144 1236 8996 4215 -8827 1
-1 -24836 13516 -1320 6883 6680 -10764 1
-1 -14204 9156 -1688 -4712 3035 -6504 1
-1 -16208 7608 -3148 -7707 2373 -1846 1
-1 -12900 6032 -1416 -7234 -207 1050 1
-1 -11040 5964 -1168 -5639 -60 2560 1
-1 -10864 6528 -648 -9083 577 2110 1
-1 -12048 5952 -1384 -10529 189 2126 1
-1 -12904 5576 -1304 -8511 -1311 3177 1
-1 -14564 5520 -1808 -7026 -2685 4619 1
-1 -19068 4212 -2264 -5638 -3957 3762 1
-1 -25500 4920 -6004 6541 -2890 -510 1
-1 -11372 5240 1520 -2344 -1207 1674 1
-1 -17428 2032 -2740 -2333 -239 2006 1
-1 -12168 1800 -1300 3441 -2096 242 1
-1 -10912 3224 -708 5716 -327 -1025 1
-1 -12236 3808 284 2995 1819 -2938 1
-1 -11708 3788 144 4627 1692 -3042 1
-1 -12936 5128 -444 3458 2275 -3385 1
-1 -12996 5604 -856 2878 3698 -3260 1
-1 -16736 6672 -696 1834 5852 -3202 1
-1 -25792 8796 -456 1276 7385 -4773 1
-1 -14536 6372 -1680 -3468 951 -3565 1
-1 -15948 3216 -3236 4077 1679 849 1
-1 -16584 5492 -4560 -50 -1458 384 1
-1 -13588 1864 -4872 3070 -537 1188 1
-1 -12840 4004 -4476 4510 264 487 1
-1 -12468 3760 -3936 1864 1133 -1779 1
-1 -13124 4148 -4284 251 1507 -4087 1
-1 -13716 3512 -5516 -986 1460 -2557 1
-1 -14736 3036 -7340 52 1474 -876 1
-1 -17880 3448 -9316 4137 1263 -531 1
-1 -24812 4556 -7576 15723 1571 -3239 1
-1 -13332 6164 -1768 2350 2729 -2500 1
-1 -13284 1552 152 2079 3375 3684 1
-1 -13660 5528 -1240 5333 -1688 4116 1
-1 -13664 6552 -604 542 -2085 4897 1
-1 -13648 7016 -644 -7347 -1329 3447 1
-1 -14396 8988 -2008 -16969 -1334 3365 1
-1 -13764 6308 -4488 -26767 -1062 3167 1
-1 -13864 4772 -4084 -21274 -1993 2693 1
-1 -15852 5648 -4560 -13902 -2288 2035 1
-1 -15960 5528 -5184 -5942 -1388 3085 1
-1 -23292 10000 -3708 -4367 752 -377 1
-1 -11856 5252 -4168 -12920 1033 5056 1
-1 -17316 4988 -4776 -11533 1533 6653 1
-1 -14664 4384 -3668 -10570 536 6016 1
-1 -12952 3312 -4268 -7893 1397 5632 1
-1 -12192 3980 -3084 -7747 2842 3118 1
-1 -12172 3512 -3316 -6360 2788 1893 1
-1 -12592 3696 -3268 -2342 2487 334 1
-1 -15076 5128 -2556 -323 2496 -2161 1
-1 -16500 5164 -2664 1110 1181 -3477 1
-1 -24584 5316 -5500 8757 2345 -4069 1
-1 -13544 7868 40 7053 -100 -6248 1
-1 -14340 3976 396 -474 4867 -1102 1
-1 -14740 4328 -1168 836 1860 637 1
-1 -12156 5128 -1216 6618 -16 -838 1
-1 -12124 7592 256 87 2047 -1347 1
-1 -14064 7220 504 -6199 2608 -1281 1
-1 -12868 6204 -156 -6397 1184 1313 1
-1 -12516 6536 -908 -7702 889 3239 1
-1 -13540 6512 -680 -8455 966 3401 1
-1 -15736 6576 -2220 -7271 959 3026 1
-1 -24324 9004 -2708 -6832 2876 347 1
-1 -13276 6980 -3984 -15777 603 2237 1
-1 -17588 4956 -6020 -12983 1423 5538 1
-1 -14748 6636 -4696 -11212 723 5128 1
-1 -13012 4748 -5136 -10310 1200 4970 1
-1 -12404 5240 -4668 -8506 1857 2798 1
-1 -12196 5100 -4432 -5280 1993 809 1
-1 -12624 5556 -3940 -4451 2555 -184 1
-1 -13588 5424 -3852 -3603 2964 -1250 1
-1 -15720 4456 -3000 -1989 1703 -2062 1
-1 -17980 5440 -1632 809 1700 -4065 1
-1 -19892 7624 -1004 928 563 -9013 1
-1 -11752 3696 2580 -3357 2315 -1244 1
-1 -14312 5828 -456 -1130 -234 2435 1
-1 -12288 6732 -1368 -2976 -1217 1654 1
-1 -11932 7180 -1288 -8886 1226 1233 1
-1 -13976 7296 -1320 -12703 2964 1263 1
-1 -13188 7192 -2084 -16611 3936 2900 1
-1 -13900 7064 -2756 -18499 4517 4249 1
-1 -13044 6036 -3192 -19065 4252 3722 1
-1 -13320 5320 -2908 -13742 3406 3454 1
-1 -14172 5292 -3976 -7690 2249 4295 1
-1 -23840 9552 -2616 -5209 5893 920 1
-1 -10224 7280 -3120 -15601 3699 3325 1
-1 -17752 5880 -3852 -14877 5745 4562 1
-1 -16232 5288 -2600 -16387 3819 4250 1
-1 -14468 5476 -4676 -12850 2366 6001 1
-1 -13484 5240 -3720 -9594 1318 6819 1
-1 -12316 4752 -4144 -6248 13 6451 1
-1 -12952 4236 -4332 -1259 -464 5688 1
-1 -14240 5996 -3076 -394 1367 1887 1
-1 -16524 6164 -2772 -361 1486 -1502 1
-1 -17812 4460 -3332 3753 811 -2319 1
-1 -17000 7524 -3712 10385 2440 -8602 1
-1 -13456 6356 1736 673 4829 -5417 1
-1 -16112 5396 -3132 98 2361 -1490 1
-1 -12676 2928 -1944 7380 -1256 -1483 1
-1 -11044 6320 -1036 8821 -775 -1122 1
-1 -12372 6408 100 2546 743 -2408 1
-1 -12424 6208 124 645 624 -2428 1
-1 -11740 6296 660 -2528 632 -1071 1
-1 -13564 5460 -140 -1711 856 196 1
-1 -15624 7284 912 -1127 1259 1253 1
-1 -18564 7160 -1128 -3904 2217 2552 1
-1 -24004 7200 -1508 -6702 -2278 1113 1
-1 -14328 292 -7248 -4991 -3832 5346 1
-1 -15552 3548 -5064 -1967 -2698 3647 1
-1 -12580 956 -4184 -3619 -833 3676 1
-1 -12492 2336 -4744 611 -1072 1843 1
-1 -12564 3672 -3492 4957 -1097 -148 1