-1 -6952 6800 9664 163 -71 220 0
-1 -6984 7056 9480 220 -48 139 0
-1 -6964 6820 9416 124 -19 169 0
-1 -6876 6916 9560 178 -34 189 0
-1 -6888 6880 9616 262 -52 201 0
-1 -6992 7040 9584 55 -84 184 0
-1 -6984 7016 9464 -107 -119 144 0
-1 -6956 6840 9444 -180 -55 105 0
-1 -6988 6920 9628 -612 12 -237 0
-1 -7096 6292 9572 -11 11 -100 0
-1 -7604 6000 10908 895 -399 -657 0
-1 -8160 5452 11080 6081 -1768 -373 0
-1 -9136 8492 11788 7854 -6231 -1147 1
-1 -9068 9524 13228 5837 -12259 -1131 1
-1 -8324 11200 14768 4338 -19186 351 1
-1 -3172 9616 12496 -4776 -21384 933 1
-1 -460 4648 11156 -4993 -21919 1350 1
-1 2644 3752 10836 -3788 -18944 1042 1
-1 6324 3644 9428 -1795 -14697 960 1
-1 7676 3584 8036 -1235 -7452 235 1
-1 7956 3928 8616 1035 -2955 -3776 1
-1 7284 4232 8072 4527 -2955 -6167 1
-1 5928 8024 7752 11233 -5224 -8609 1
-1 5880 10308 7544 3403 -2178 -10388 1
-1 3680 10376 7508 -1006 -738 -12349 1
-1 1536 12052 8008 -787 -257 -10967 1
-1 -416 10496 9908 -1907 -745 -10160 1
-1 -316 9656 9376 -1176 -246 -8415 1
-1 -644 10332 10240 808 -1159 -6034 1
-1 116 10560 9116 661 -368 -4393 1
-1 -304 10408 9324 2725 -467 -2247 1
-1 -100 10224 9704 2057 306 -1365 1
-1 424 11532 10944 -1372 1029 426 1
-1 -444 10584 10956 4325 -1410 461 1
-1 92 11952 10316 1290 1305 442 1
-1 -644 12348 9492 -4534 4013 2014 1
-1 -792 11972 10916 -12638 5520 4299 1
-1 -1372 9804 13216 -13214 4217 5766 1
-1 -644 7028 11284 -7110 2478 6668 1
-1 172 7280 11476 -8548 3007 5141 1
-1 932 5272 11160 -7680 3145 4780 1
-1 912 4416 11304 -6196 3057 4032 1
-1 1256 4188 11972 -7316 3122 3505 1
-1 448 2280 12468 -7638 3561 3268 1
-1 -92 1968 12832 -6895 4385 2895 1
-1 84 268 12768 -6298 4540 2159 1
-1 -868 -648 12860 -5379 4650 744 1
-1 -1424 -632 12508 -3550 3885 -26 1
-1 -2012 -484 12804 -2556 2971 -136 1
-1 -2372 -780 12744 -3026 2613 -105 1
-1 -2880 -1340 13292 -3200 2549 -508 1
-1 -3492 -1836 12992 -4230 3124 -834 1
-1 -4172 -2684 12876 -3402 2577 -946 1
-1 -4336 -2648 12776 -1306 1490 -576 1
-1 -4072 -2180 12640 -466 987 -119 1
-1 -4032 -2432 12148 -186 622 145 1
-1 -4248 -2748 12224 -48 720 34 1
-1 -4452 -2284 12616 809 356 454 1
-1 -4584 -2616 12424 536 553 622 1
-1 -4564 -2080 12340 -303 765 390 1
-1 -4896 -2916 12368 -903 267 140 1
-1 -4592 -3000 12308 -749 -88 -75 1
-1 -4444 -2656 12088 -1183 639 88 1
-1 -4740 -2896 12184 -1541 887 28 1
-1 -4808 -3452 11948 -1890 567 -195 1
-1 -5056 -3856 11944 -1692 111 -541 1
-1 -4968 -3876 11972 -1245 249 -389 1
-1 -4744 -3520 11856 -758 447 122 1
-1 -4608 -4020 11756 -546 53 242 1
-1 -4768 -3932 11868 -800 89 173 1
-1 -4764 -4124 11916 -1021 216 432 1
-1 -5084 -4468 11644 -2133 901 385 1
-1 -5332 -4632 11364 -2148 927 244 1
-1 -5488 -4932 11528 -1767 918 -51 1
-1 -5580 -5040 11524 -1243 286 -80 1