-1 -5220 8712 9352 321 0 109 0
-1 -5232 8644 9368 276 -2 129 0
-1 -5260 8844 9472 215 -33 59 0
-1 -5216 8772 9480 -13 -62 89 0
-1 -5044 8648 9328 -28 -30 97 0
-1 -5224 8720 9548 190 -91 172 0
-1 -5096 8856 9384 -197 -91 -101 0
-1 -5520 8204 9724 86 -382 -323 0
-1 -5816 6600 9920 2645 -1071 -1287 0
-1 -5808 8372 10112 939 -3082 -3410 0
-1 -6280 6956 11976 -2312 -4687 -6634 0
-1 -7360 5508 14420 1792 -8566 -8934 1
-1 -6560 7204 14176 47 -13395 -10210 1
-1 -4212 6120 13848 3328 -16524 -7875 1
-1 -1736 9188 13044 1535 -16548 -4843 1
-1 284 8544 12348 -4568 -14066 -2780 1
-1 1224 7712 10740 -4553 -10822 -1217 1
-1 3176 9568 9936 -6761 -7606 1296 1
-1 3632 2960 11008 -5764 -4587 2343 1
-1 3872 988 10440 8150 -5864 -1426 1
-1 4036 3976 9316 4662 -3129 -6131 1
-1 1868 4240 9488 4495 -1013 -10746 1
-1 -556 5800 9540 8027 180 -12578 1
-1 -444 11176 9828 15317 -1459 -10888 1
-1 -948 11820 9284 667 296 -9668 1
-1 -1868 9792 10100 8935 -3225 -5369 1
-1 56 14440 8980 6281 -3935 -3668 1
-1 -1060 10384 9712 -718 -2167 -2269 1
-1 -308 11640 9524 1844 -1381 -973 1
-1 532 11816 9756 -2726 -870 -48 1
-1 372 10272 9040 -2709 -394 -216 1
-1 1048 10036 8076 8 78 -487 1
-1 880 10124 8440 -678 770 -159 1
-1 -208 9660 9736 2807 -456 -629 1
-1 -1064 10152 10800 -1904 -14 -1227 1
-1 -1492 7720 9988 2257 -86 464 1
-1 -224 11696 9460 1149 320 266 1
-1 -460 11136 9848 270 1630 2600 1
-1 -404 12876 10684 -3770 2784 4712 1
-1 -832 11276 10804 -13532 4937 5463 1
-1 -60 8532 12904 -17621 6867 5429 1
-1 -460 7288 12432 -8106 6234 5611 1
-1 -336 7236 11712 -5182 2506 6210 1
-1 -792 6444 11676 -7465 4589 7391 1
-1 680 6048 10552 -5563 4140 8000 1
-1 -168 2984 13128 -1489 3481 6902 1
-1 1000 4256 10304 -3831 4404 5468 1
-1 -572 2176 13400 -1328 2008 4309 1
-1 -896 3208 12040 -5332 3800 2680 1
-1 -1860 964 13160 -11200 4859 1494 1
-1 -2400 680 13040 -7131 3747 867 1
-1 -3016 -1148 12488 -5934 3564 238 1
-1 -3096 88 12680 -6197 2866 -608 1
-1 -3528 -1580 12596 -10344 3437 -1352 1
-1 -3844 -2792 11692 -9392 2845 -1820 1
-1 -4164 -4052 11280 -8372 2053 -1407 1
-1 -3868 -4568 11788 -5873 1176 -1075 1
-1 -4652 -5728 12100 -3616 1043 -1054 1
-1 -4528 -6016 12144 -978 893 -769 1
-1 -4404 -5544 12488 542 438 -563 1
-1 -4304 -5332 12144 -181 289 -634 1
-1 -4488 -5272 11696 -1980 448 -661 1
-1 -4584 -5404 11480 -2057 303 -708 1
-1 -4672 -5888 11300 -1456 299 -494 1
-1 -4720 -5692 11288 -1510 292 -236 1
-1 -4844 -6244 10900 -1576 423 61 1
-1 -4896 -6328 11212 -2521 644 250 1
-1 -4588 -7064 10620 -2409 245 276 1
-1 -4812 -7360 10040 -1745 74 114 1
-1 -4876 -7588 10800 -1653 425 277 1
-1 -4476 -7376 10616 -441 133 101 1
-1 -4656 -7404 10692 -498 136 -133 1
-1 -4336 -7032 10660 -1161 328 -52 1
-1 -4724 -7504 10456 -1970 588 50 1
-1 -4976 -7920 10216 -3052 905 62 1