-1 -464 4604 12584 138 -64 118 0
-1 -372 4584 12636 -25 13 50 0
-1 -460 4516 12716 56 -4 84 0
-1 -504 4568 12648 124 -22 104 0
-1 -356 4480 12764 232 74 117 0
-1 -528 4924 12716 134 214 55 0
-1 -500 4476 12772 -166 165 33 0
-1 -584 4492 12792 -118 162 -4 0
-1 -396 4360 12592 54 328 -128 0
-1 -848 4272 12820 760 -93 -436 0
-1 -324 2544 13652 2672 -1308 -977 0
-1 -2232 3312 14292 11522 -4987 575 0
-1 -40 7980 12536 -4026 -130 -2120 0
-1 -760 6664 13616 -472 -3754 -1069 0
-1 -12 4752 13208 2867 -5206 -1780 0
-1 1568 4996 12612 5987 -6023 -1680 0
-1 4328 6652 12832 9344 -5883 -2210 0
-1 3840 8444 12320 2159 -5301 -2625 0
-1 4840 8584 9728 5554 -3980 -1391 0
-1 4104 9232 8172 6665 -3084 -2108 0
-1 3468 8372 7896 5280 -1437 -2542 1
-1 2248 8928 7764 1183 635 -3709 1
-1 1680 9500 7732 -1063 1674 -2982 1
-1 1272 11816 8824 1953 788 -553 1
-1 3176 13212 8336 -4744 1879 704 1
-1 3216 9092 9848 -3366 2773 744 1
-1 1912 9024 11480 -602 2184 -528 1
-1 1344 8808 11168 254 1645 -905 1
-1 584 8932 11124 649 1783 -1594 1
-1 -336 9904 11820 1759 1432 -788 1
-1 296 8968 10984 2925 193 315 1
-1 -240 9196 10232 2981 834 -120 1
-1 -332 9864 9848 1416 1032 507 1
-1 -752 10492 9936 656 799 1831 1
-1 -1176 10080 11744 -1540 793 3294 1
-1 -472 10916 12924 -4268 225 4274 1
-1 1224 10116 11848 -5923 230 4325 1
-1 1636 8092 12696 -5744 87 4025 1
-1 2560 6952 12560 -1811 -829 2942 1
-1 3052 7692 10300 -1826 -637 1324 1
-1 3080 8848 9856 -6007 295 654 1
-1 2220 6684 10564 -6438 2412 288 1
-1 1948 5904 10712 -6482 2428 869 1
-1 1956 4436 10828 -5735 2730 777 1
-1 1620 4004 12536 -4337 1965 704 1
-1 1300 4284 11948 -4270 2147 869 1
-1 1420 3760 12260 -5130 2321 1468 1
-1 760 1884 13028 -5015 2456 1545 1
-1 768 3456 12744 -5642 2663 1399 1
-1 348 936 13476 -7213 2651 1240 1
-1 -512 -316 13148 -5551 2672 706 1
-1 -964 132 13456 -3779 2619 822 1
-1 -944 -204 12988 -4699 2171 793 1
-1 -1236 -876 13224 -6104 2227 656 1
-1 -1640 -1200 12516 -8811 2622 24 1
-1 -2216 -4532 12432 -6893 2135 -28 1
-1 -2608 -4316 12852 -4340 1609 -211 1
-1 -2264 -4484 12504 -1689 1027 -9 1
-1 -2432 -4608 12760 -2239 1031 10 1
-1 -2676 -5000 12768 -1456 844 -139 1
-1 -2804 -4840 12484 -714 522 17 1
-1 -2800 -4740 12508 -1183 432 417 1
-1 -2740 -5512 12264 -1915 299 565 1
-1 -2592 -5804 12356 -1184 72 319 1
-1 -2676 -5544 12060 -1227 156 258 1
-1 -2688 -5676 11536 -1160 51 118 1
-1 -2876 -6272 11688 -872 221 326 1
-1 -2900 -5952 11944 -598 -216 -18 1
-1 -2728 -6156 11956 -530 -162 -234 1
-1 -2600 -5916 11688 -297 -37 -29 1
-1 -2276 -5836 11400 -960 165 -23 1
-1 -2644 -6408 12328 7 -41 156 1
-1 -2592 -5992 11844 -963 -37 87 1
-1 -2892 -6712 11664 -423 -181 30 1
-1 -2756 -6616 11556 -4 -254 89 1