-1 2844 3440 13024 430 -283 249 1
-1 2860 3376 13008 418 -139 265 1
-1 2804 3560 12916 378 -98 191 1
-1 2916 3528 13024 370 -114 243 1
-1 2948 3556 13064 220 -20 180 1
-1 2924 3500 12892 232 102 94 1
-1 2812 3456 13156 137 142 53 1
-1 2944 3548 12944 84 185 58 1
-1 2912 3420 12888 28 419 -62 1
-1 2860 3592 13092 13 895 -108 1
-1 2872 3424 13396 -181 2329 -29 1
-1 1628 1684 13512 1341 2590 233 1
-1 2652 4672 13840 946 2304 -701 1
-1 2176 3180 11428 5781 1479 447 1
-1 236 5296 13436 5659 -30 65 1
-1 1312 5996 13224 2677 -1908 709 1
-1 2436 5148 14052 3696 -2693 1685 1
-1 4288 5216 13496 3386 -3484 1615 1
-1 4376 4100 14344 2896 -4527 329 1
-1 4604 5300 12148 6782 -4172 61 1
-1 5844 6556 9888 6429 -2644 -136 1
-1 4860 7084 9784 6946 -1379 -990 1
-1 4104 9176 8272 6848 -61 -953 1
-1 3744 9440 7784 3060 1372 -1159 1
-1 3016 10364 9092 -1126 1755 -592 1
-1 1864 6964 10220 268 1599 11 1
-1 4248 8964 8416 2713 751 -1204 1
-1 2596 9832 11644 -388 1276 -1556 1
-1 2244 9168 11764 -272 1443 -1878 1
-1 2216 9564 10808 1976 -32 -742 1
-1 1336 9216 10716 2843 979 -1358 1
-1 2448 10572 9292 1388 2548 238 1
-1 360 9912 11032 -768 2647 113 1
-1 96 11592 11420 -4011 1981 615 1
-1 152 11184 13748 -6843 -607 3111 1
-1 1752 9468 12656 -8385 -170 4655 1
-1 2568 8528 12052 -6902 325 4844 1
-1 2804 5236 12876 -5247 372 4870 1
-1 4252 6232 9632 -1547 1368 3515 1
-1 3552 4212 12352 239 327 2208 1
-1 2824 4796 11284 -2726 1563 820 1
-1 3292 4952 10060 -1631 1074 198 1
-1 2956 4392 11284 -4496 2113 -142 1
-1 3196 4244 10988 -6037 3056 -350 1
-1 2488 3080 11516 -6033 3384 -366 1
-1 2060 2272 12504 -3824 2899 -451 1
-1 1908 3156 13044 -3072 2486 -41 1
-1 1220 2836 13544 -3362 2564 651 1
-1 648 1908 13704 -3525 2254 728 1
-1 420 1828 13824 -2844 2248 733 1
-1 -40 1276 13608 -2602 1698 866 1
-1 140 564 13612 -2644 1435 743 1
-1 -148 620 13528 -3162 1811 638 1
-1 -480 -228 13152 -3055 1783 638 1
-1 -684 -1056 13116 -2043 1402 725 1
-1 -592 -496 13092 -1481 1211 127 1
-1 -1072 -808 13112 -1691 767 51 1
-1 -1176 -1232 13120 -568 630 -71 1
-1 -1172 -544 13236 -312 448 268 1
-1 -1132 -988 13660 -656 446 804 1
-1 -1360 -1420 13608 -475 99 1068 1
-1 -1416 -1420 13320 -412 47 745 1
-1 -1300 -1360 13100 -637 150 320 1
-1 -1268 -1496 12944 -412 263 -16 1
-1 -1236 -1128 13072 -394 305 67 1
-1 -1212 -1328 12984 -707 200 205 1
-1 -1352 -1788 13428 -747 374 236 1
-1 -1488 -1800 13052 -530 25 125 1
-1 -1260 -1816 13388 -601 131 95 1
-1 -812 2120 12760 -637 -38 467 1
-1 -1012 -2640 12964 -893 372 570 1
-1 -1508 -1892 12604 -672 498 691 1
-1 -1684 -3216 12420 -777 125 434 1
-1 -1656 -2844 12600 232 -79 139 1
-1 -1508 -2604 12900 -14 -253 46 1