-1 -1272 5096 12528 229 -33 91 0
-1 -1256 4868 12504 279 -89 88 0
-1 -1200 4920 12488 357 -101 169 0
-1 -1332 5104 12412 180 56 161 0
-1 -1292 5048 12528 309 -44 71 0
-1 -1264 5020 12556 271 -51 128 0
-1 -1176 5004 12616 174 74 55 0
-1 -1220 4948 12572 206 176 163 0
-1 -1332 5268 12368 14 474 -5 0
-1 -1232 5024 12364 219 632 -221 0
-1 -1392 5668 12796 -700 1071 -169 0
-1 -1728 4152 12704 -241 1101 -126 0
-1 -1172 5304 13060 484 1083 -611 0
-1 -3628 4728 15952 -5826 1605 -1631 1
-1 -4884 5352 13588 2850 -1751 -1687 1
-1 -5260 2788 14052 1984 -5193 1386 1
-1 -2616 2968 14228 6648 -7194 -11 1
-1 -780 4016 13744 3771 -8354 -1828 1
-1 952 4160 12028 11543 -10058 -3856 1
-1 3264 8020 10764 9796 -7940 -4835 1
-1 2720 8320 10888 5305 -5324 -4749 1
-1 2640 9168 9980 5793 -3632 -4118 1
-1 3436 10708 9036 -1372 -340 -4187 1
-1 2388 8908 9544 1579 -446 -2378 1
-1 2140 10960 7704 9336 -2068 -2056 1
-1 636 8532 8664 423 684 -2361 1
-1 1436 11556 7716 -1553 2709 -2673 1
-1 64 10088 9844 1635 790 -367 1
-1 360 10852 10136 961 841 611 1
-1 -428 9172 11032 1590 393 411 1
-1 -140 10532 10000 3038 195 640 1
-1 -792 9696 10372 2037 656 227 1
-1 -208 12324 10332 3542 163 1096 1
-1 -1236 10968 10080 896 -103 1485 1
-1 -1288 11416 8800 -2469 1271 1521 1
-1 -1764 10952 10276 -6153 2025 3060 1
-1 -444 10684 10604 -8407 2848 3876 1
-1 180 10864 9632 -9411 3291 4006 1
-1 -112 8424 11180 -6968 1800 4860 1
-1 1456 8752 10332 -2415 1325 4827 1
-1 1028 7732 12332 -2564 1328 5549 1
-1 1340 6860 12348 -1891 1157 6383 1
-1 1768 6352 12228 -4152 1417 6190 1
-1 2444 5184 12048 -4621 3104 4186 1
-1 1732 5020 11904 -4367 4058 3215 1
-1 1376 4564 12400 -6718 3809 2634 1
-1 1076 3324 12184 -8642 4324 1008 1
-1 -320 1816 13204 -7910 3915 732 1
-1 -628 2544 13136 -7399 3167 636 1
-1 -464 -476 13092 -7237 2432 -39 1
-1 -820 -196 13216 -6839 2094 -1160 1
-1 -964 -844 13208 -5146 1395 -1447 1
-1 -1484 -1384 13032 -6270 2343 -1579 1
-1 -1612 -1800 13132 -5305 2379 -1242 1
-1 -2292 -2596 13012 -5868 2710 -971 1
-1 -2480 -3432 12740 -4725 2140 -636 1
-1 -2824 -4192 12752 -3733 1457 -504 1
-1 -2984 -4148 12456 -2092 1080 -223 1
-1 -3008 -4272 12624 -1102 229 37 1
-1 -2820 -4624 12620 -1258 -116 70 1
-1 -2836 -4656 12664 -1690 -438 -398 1
-1 -2684 -4896 12192 -1180 -953 -151 1
-1 -2452 -5264 12140 -903 -256 205 1
-1 -2620 -4916 12192 -871 246 160 1
-1 -2568 -5088 12348 -3015 811 -15 1
-1 -2588 -5532 11760 -3207 479 -151 1
-1 -2880 -6496 11996 -2925 900 127 1
-1 -2996 -6316 11612 -2114 633 187 1
-1 -3040 -6752 11212 -1429 107 55 1
-1 -2956 -6936 11196 -1306 -63 -152 1
-1 -2908 -7196 11296 -215 102 -103 1
-1 -2920 -6748 11392 -216 143 -161 1
-1 -3096 -7072 11368 -202 -10 -37 1
-1 -3084 -6808 11748 -943 -56 105 1
-1 -2868 -7164 11468 -369 -490 113 1