-1 6328 -7588 10564 -924 229 29 1
-1 6468 -7592 10520 -602 97 24 1
-1 6660 -7600 10464 -399 171 -27 1
-1 6288 -7628 10524 -728 247 -10 1
-1 6328 -7864 10560 -408 232 10 1
-1 6536 -7772 10208 -841 304 -1 1
-1 6288 -7940 10496 -1248 465 -74 1
-1 6332 -8256 10140 -663 366 137 1
-1 6404 -8364 10236 -304 279 -55 1
-1 6320 -8340 10256 -467 368 109 1
-1 6240 -8244 10160 -391 177 255 1
-1 6276 -8540 9832 -425 24 248 1
-1 6092 -8472 10144 -85 -151 115 1
-1 6244 -8472 9972 -84 -98 62 1
-1 6192 -8504 9960 166 -115 119 1
-1 6280 -8488 10252 230 -12 77 1
-1 6300 -8484 10048 276 -137 74 1
-1 6240 -8556 10152 124 -4 39 1
-1 6388 -8560 9980 181 51 108 1
-1 6344 -8628 9904 258 4 126 1
-1 6140 -8508 10100 300 -21 130 1
-1 6324 -8504 10260 263 -80 156 1
-1 6264 -8524 9984 209 -91 62 1
-1 6264 -8508 10140 111 -14 116 1
-1 6484 -8468 9996 234 39 166 1
-1 6220 -8500 10180 67 -29 178 1
-1 6324 -8736 10164 -88 1 134 1
-1 6424 -8816 10268 -398 89 76 1
-1 6524 -8808 10172 -1235 260 -91 1
-1 6520 -9172 10388 -1850 210 60 1
-1 6484 -9224 9952 -1207 -54 396 1
-1 6304 -9708 9836 -1984 330 615 1
-1 6244 -9316 9984 -2683 129 555 1
-1 6548 -9480 9256 -3347 83 763 1
-1 6180 -10172 9016 -2714 26 1058 1
-1 6216 -10460 9036 -3045 76 905 1
-1 6080 -10408 9052 -3742 -53 943 1
-1 5572 -11268 8004 -3569 -320 806 1
-1 6048 -11504 8172 -5112 113 691 1
-1 6016 -11360 7644 -4003 -291 989 1
-1 5500 -11808 6800 -3057 -79 1424 1
-1 5392 -12500 6452 -2581 249 1102 1
-1 5476 -12348 6124 -3025 405 535 1
-1 5248 -12532 5772 -3480 387 -36 1
-1 5204 -12256 5528 -2511 271 -32 1
-1 5196 -12764 5012 -1084 219 225 1
-1 5152 -13112 5112 -1264 187 9 1
-1 5284 -13076 4704 -1014 136 -218 1
-1 5276 -13048 4692 -192 168 -234 1
-1 4932 -12900 4628 845 216 -420 1
-1 5116 -12656 4516 2645 112 -684 1
-1 5300 -12868 4788 5182 401 -999 1
-1 5392 -12124 5428 7055 155 -1236 1
-1 5556 -12164 6936 8643 437 -1430 1
-1 5944 -12288 5572 12545 45 -1548 1
-1 6236 -11432 8220 11116 283 -3862 1
-1 6788 -10660 8104 16373 -509 -4848 0
-1 7976 -8892 9140 14057 -75 -6352 0
-1 6928 -6628 10232 14805 1970 -7424 0
-1 8144 -5236 9172 13422 2815 -7952 0
-1 7216 -2404 12160 13788 2968 -9575 0
-1 6528 -548 11260 13277 3467 -10010 0
-1 5676 2224 12436 12907 3202 -10792 0
-1 4096 5144 12668 9615 3266 -11261 0
-1 3008 7324 12444 10373 1771 -9176 0
-1 2904 8580 12020 4064 2433 -8219 0
-1 2320 7860 12468 3182 2066 -6163 0
-1 2332 7984 11604 4444 1400 -4553 0
-1 2056 8344 11320 4008 1268 -3568 0
-1 1732 8120 11372 3553 1014 -2733 0
-1 1620 8768 11024 3261 655 -2531 0
-1 1424 9176 11032 3187 650 -1958 0
-1 1660 9408 10592 2016 1155 -1735 0
-1 1696 9288 9976 1986 1031 -1002 0
-1 1708 9104 9940 2861 982 -471 0
-1 1552 9888 9748 2589 1392 -1030 0
-1 1008 9952 10204 2080 1796 -1058 0
-1 1068 10328 10260 1187 1752 -1677 0
-1 -12 10316 10984 1319 1223 -1325 0
-1 -552 10632 10536 316 626 -1392 0
-1 -568 10072 10936 -57 471 -1462 0
-1 -616 10068 10532 930 404 -1546 0
-1 -1048 10064 10188 427 108 -1740 0
-1 -736 9648 9316 794 0 -1658 0
-1 -968 10628 9596 247 -388 -1249 0
-1 -604 10228 9840 -811 36 -1221 0
-1 -724 10324 10304 -4748 1193 -2197 0
-1 -2732 8980 11020 -976 -391 -161 0
-1 -2624 8592 10132 -3184 -35 -45 0
-1 -2928 8340 10604 -4691 430 -428 0
-1 -1680 6168 10224 -5502 823 -1298 1
-1 -396 7388 10920 -5917 976 -4051 1
-1 -600 6516 10576 -6851 809 -4890 1
-1 -1160 5524 11684 -10598 2324 -6669 1
-1 -816 10116 13424 -2231 -2496 1542 1
-1 -812 6860 12140 -13269 -442 -502 1
-1 -752 912 11404 -16288 1254 -1064 1
-1 -5328 -2068 13636 -757 -2780 -4467 1
-1 -820 2436 13732 1969 -7586 -1392 1
-1 -116 916 13856 -1937 -3679 48 1
-1 304 540 14012 -137 -2534 -169 1
-1 416 916 13760 -289 -629 -291 1
-1 104 340 13544 23 390 -237 1
-1 16 656 13508 886 661 -492 1
-1 -144 772 13380 952 668 -494 1
-1 -76 704 13296 1557 243 -254 1
-1 -80 1124 13380 935 645 -128 1
-1 -376 872 13324 876 825 182 1
-1 -400 1316 13208 1003 514 417 1
-1 -340 1260 13284 357 538 491 1
-1 -492 1276 13472 701 291 299 1
-1 -496 1468 13360 369 211 270 1
-1 -584 1256 13184 288 139 214 1
-1 -476 1480 13356 432 193 64 1
-1 -604 1360 13256 275 251 26 1
-1 -624 1392 13264 411 207 82 1
-1 -580 1432 13240 356 102 69 1
-1 -668 1464 13508 294 71 63 1
-1 -652 1384 13484 325 101 80 1
-1 -648 1520 13128 243 64 182 1