-1 6748 -6396 10792 -194 116 427 0
-1 6736 -6472 10916 -138 183 374 0
-1 6600 -6340 10956 -103 219 336 0
-1 6672 -6568 10840 91 147 311 0
-1 6624 -6668 10696 1 145 244 0
-1 6584 -6648 10972 54 147 239 0
-1 6524 -6548 11004 101 171 165 0
-1 6520 -6568 10892 28 147 218 0
-1 6536 -6700 10944 72 42 281 0
-1 6488 -6724 10872 116 49 174 0
-1 6684 -6740 11000 9 53 261 0
-1 6508 -6652 10796 45 32 291 0
-1 6624 -6604 11080 208 39 334 0
-1 6516 -6748 10888 153 45 220 0
-1 6548 -6512 10928 -4 -21 209 0
-1 6592 -6728 10856 -29 -38 308 0
-1 6544 -7016 10760 -57 100 284 0
-1 6568 -6952 11052 6 107 237 0
-1 6588 -7120 10968 -292 138 181 0
-1 6632 -7024 11292 -549 140 163 0
-1 6620 -7092 11248 -1068 161 538 0
-1 6456 -7484 11280 -1374 278 303 0
-1 6428 -7292 10848 -2279 420 313 0
-1 6328 -7492 10612 -2250 497 524 0
-1 6204 -8208 10252 -2431 571 602 0
-1 6368 -8120 10364 -2414 320 543 0
-1 6232 -8564 10180 -2707 91 588 0
-1 6152 -9024 10300 -3656 120 737 0
-1 6232 -9360 9728 -3820 189 840 0
-1 5844 -9588 9444 -3389 257 941 0
-1 6156 -9792 8760 -3020 446 768 0
-1 5740 -10124 8600 -3078 352 593 0
-1 5480 -10280 8208 -2369 419 485 0
-1 5352 -10396 8276 -1699 349 265 0
-1 5328 -10580 8112 -1357 180 125 0
-1 5496 -10928 8008 -1500 224 77 0
-1 5420 -10972 7680 -743 334 -140 0
-1 5344 -11040 7880 -246 358 -105 0
-1 5600 -11084 7604 227 218 -149 0
-1 5444 -11280 7936 506 119 -119 0
-1 5544 -11120 7768 550 95 -222 0
-1 5596 -10940 7640 1174 -111 -231 0
-1 5840 -10864 7768 1766 -233 -467 0
-1 5588 -10732 8156 2866 -401 -564 0
-1 5680 -10080 8224 5075 -531 -575 0
-1 5632 -9820 8536 4727 -588 -1016 0
-1 5840 -9588 8660 5690 -378 -1500 0
-1 5856 -9144 9700 7421 -70 -2001 0
-1 6656 -8116 8724 10002 -501 -2285 0
-1 6276 -6900 11184 8418 -350 -2454 0
-1 6864 -6028 10544 7254 -198 -2956 0
-1 7092 -5828 11880 6233 -414 -3169 0
-1 7284 -5124 11836 7167 -414 -3791 0
-1 7384 -4300 12268 6042 -629 -4346 0
-1 7808 -3364 12040 6161 -446 -5031 0
-1 7808 -2848 12636 5691 -639 -5371 0
-1 8400 -1680 12148 5657 -68 -5950 0
-1 8220 -1120 11980 4796 -14 -6139 0
-1 7796 -16 12088 5518 885 -6749 0
-1 7960 1124 10944 7371 504 -6641 0
-1 7692 2360 11108 6151 1037 -7126 0
-1 7484 2692 10436 6415 1587 -7234 0
-1 6520 4196 10840 7730 2611 -7890 0
-1 5812 5760 10380 6499 3163 -8492 0
-1 4864 6456 10520 6495 2449 -8767 0
-1 3764 7088 10584 6783 1534 -9233 0
-1 3140 8356 9940 6776 2383 -9653 0
-1 2184 9156 9592 5584 2613 -9754 0
-1 964 11388 9628 6163 2768 -9391 0
-1 -264 11692 10256 1243 2767 -8576 0
-1 -860 12024 9460 3216 2777 -6473 0
-1 -1684 12152 9620 2694 2175 -4454 0
-1 -2112 11516 9628 1076 2347 -2876 0
-1 -2500 11124 10160 838 1851 -1733 0
-1 -2560 11024 9876 1086 1192 -1095 0
-1 -2204 10828 9636 516 877 -642 0
-1 -2100 10796 9292 533 590 -609 0
-1 -2072 10880 9240 -647 392 -142 0
-1 -2140 10436 8800 442 152 -142 0
-1 -2312 10452 8984 -622 357 -179 0
-1 -2564 10416 8532 902 -126 65 0
-1 -2408 10428 9244 -58 -352 565 0
-1 -2244 10572 9228 -1068 67 -218 0
-1 -2812 10488 9904 -870 28 -279 0
-1 -3252 10220 9948 -350 -431 294 0
-1 -3944 10180 8900 -133 -557 1074 0
-1 -3712 10508 8504 -1039 -1370 1951 0
-1 -2712 9268 9628 -7246 -1022 55 0
-1 -3372 8520 8356 -6984 -617 -308 0
-1 -3776 10248 10584 -1812 -1873 2127 0
-1 -3296 9184 9120 -1070 -2096 5302 0
-1 -3008 10952 9212 3119 -3390 6048 0
-1 -1632 10784 8420 -1595 -1491 7035 0
-1 -24 9884 6752 -6365 2108 5377 1
-1 904 7712 10300 -5476 4716 4490 1
-1 2596 5628 9392 391 8297 2996 1
-1 3276 7648 11276 -2277 6744 632 1
-1 1084 2872 11368 7550 8324 845 1
-1 1140 9712 8972 16998 10672 2941 1
-1 -3424 10440 14868 4077 12899 5769 1
-1 -4132 6568 7920 5583 11558 4734 1
-1 -5520 14772 13624 2618 7568 3935 1
-1 -4516 7888 10684 -12952 4545 4500 1
-1 -5812 4868 11756 -2308 -498 1119 1
-1 -4776 9856 8204 -1353 -1147 22 1
-1 -4036 10356 7980 -2944 8 117 1
-1 -3012 10212 7908 992 692 1278 1
-1 -4000 10960 8700 628 112 1615 1
-1 -4024 9544 8660 681 342 743 1
-1 -3844 10040 8764 2075 74 460 1
-1 -3684 9736 8676 810 911 527 1
-1 -3928 10276 9280 1407 751 1065 1
-1 -3980 10852 8680 639 568 1367 1
-1 -3308 10396 8640 -131 1055 1390 1
-1 -3536 10640 8516 -575 1153 1354 1
-1 -3760 10096 8432 -73 1112 979 1
-1 -3992 10328 8424 -119 1229 801 1
-1 -4032 9984 8364 400 1060 454 1
-1 -4164 10340 8292 862 1131 544 1
-1 -4380 10388 8652 497 1187 799 1