-1 8256 1780 11888 -395 391 772 1
-1 8220 1220 11660 -390 316 588 1
-1 8132 1496 11920 -373 232 475 1
-1 8172 1460 11824 -535 196 424 1
-1 8324 1232 11732 -570 186 553 1
-1 8308 1184 11680 -598 204 576 1
-1 8208 1100 11964 -605 336 613 1
-1 8228 988 12016 -698 300 740 1
-1 8208 936 12264 -875 319 966 1
-1 8244 736 11884 -1081 337 1092 1
-1 8088 640 12168 -1211 313 1249 1
-1 8112 308 12112 -1677 313 1412 1
-1 8016 164 12268 -2001 391 1540 1
-1 7868 -252 12072 -2406 414 1696 1
-1 7828 -744 12024 -2629 545 1832 1
-1 7916 -1328 12076 -2784 567 1970 1
-1 7872 -1612 12072 -2890 693 2061 1
-1 7712 -2172 11924 -3210 769 2129 1
-1 7528 -2516 11980 -3034 479 1917 1
-1 7440 -3048 11780 -3010 552 1789 1
-1 7404 -3424 11780 -2861 613 1678 1
-1 7356 -3820 11496 -3157 878 1636 1
-1 6868 -4128 11468 -2063 630 1501 1
-1 7096 -4272 11068 -1427 32 1401 1
-1 7016 -4688 11388 -2636 -68 1254 1
-1 6860 -5340 11620 -2213 -46 1105 1
-1 7060 -5184 11652 -1492 179 1084 1
-1 6888 -5480 11900 -2113 624 1045 1
-1 6652 -5764 11828 -3048 1266 1150 1
-1 6412 -6252 11420 -3123 1201 1208 1
-1 6352 -6724 11240 -2203 871 1240 1
-1 6492 -6784 11036 -3076 1228 1246 1
-1 6288 -7308 10872 -4290 1486 1015 1
-1 6036 -7748 10488 -3902 1377 936 1
-1 5728 -8336 10240 -5544 1556 722 1
-1 5680 -9420 10720 -5058 1255 838 1
-1 5772 -9596 10048 -4270 1202 654 1
-1 5576 -10060 10564 -5762 1656 913 1
-1 5128 -10496 9492 -5107 1073 1157 1
-1 4776 -11148 9308 -6247 1618 1465 1
-1 4752 -11092 8160 -6077 1332 1395 1
-1 4196 -11460 7408 -5989 1294 1391 1
-1 4032 -11732 6328 -4801 913 1257 1
-1 3308 -12296 5856 -3373 961 1019 1
-1 3400 -12280 5256 -1458 432 373 1
-1 3260 -12236 5356 -302 342 -21 1
-1 3436 -12540 5300 844 -548 -716 1
-1 3184 -12536 5896 2297 -12 -1201 1
-1 3968 -12864 5484 3884 -83 -1395 1
-1 3788 -11796 6964 5873 -204 -2447 1
-1 4236 -12480 8172 8532 -585 -2089 1
-1 4456 -10936 7248 9539 -199 -3484 1
-1 3364 -11432 9120 12281 -319 -5742 1
-1 5504 -10524 8068 16234 -1463 -7886 1
-1 6308 -8204 10076 13592 -7 -10738 1
-1 6644 -6644 11380 11639 926 -12647 1
-1 7152 -4628 10816 13647 857 -12637 1
-1 7396 -1800 10464 12819 883 -13385 1
-1 6692 640 11960 14228 1200 -13096 1
-1 7356 2632 10488 11876 2315 -13116 1
-1 5620 5484 12152 9782 3269 -13101 1
-1 5220 6612 11460 7079 4926 -12521 1
-1 3680 8184 10992 7241 3234 -11815 1
-1 1460 8368 11612 5686 3208 -11290 1
-1 996 9272 10376 8526 1707 -9632 1
-1 -232 11568 11132 2967 2248 -9634 1
-1 -848 10988 9872 2101 1815 -7690 1
-1 -2332 9988 10932 2788 1740 -6234 1
-1 -2032 10024 9428 1941 1535 -5699 1
-1 -3092 10684 10840 2543 551 -4218 1
-1 -2928 10520 10752 1020 1015 -3343 1
-1 -2972 10444 10444 664 446 -1800 1
-1 -3192 9884 10908 81 -720 -1029 1
-1 -2228 10060 9804 575 -246 -125 1
-1 -2472 9644 10092 -644 297 -192 1
-1 -2180 9684 9864 -959 630 -304 1
-1 -2576 9064 9864 -847 529 -736 1
-1 -2436 9768 10616 854 -1004 -738 1
-1 -2636 10096 10212 -3206 919 -1224 1
-1 -4544 6588 10636 -1146 -136 -367 1
-1 -3760 6992 10908 -5247 524 -1035 1
-1 -4260 7656 10572 -7805 1078 -4069 1
-1 -3320 4700 9212 -10961 4503 -4876 1
-1 -3728 7468 12640 3613 -733 -3698 1
-1 -2544 8568 11456 -4289 -701 -2905 1
-1 -2288 8976 13144 -7125 -646 -2689 1
-1 -4836 2448 13188 -6149 423 -4257 1
-1 -4464 6360 12852 4755 -2409 -23 1
-1 -4920 7308 12044 -9383 -439 90 1
-1 -6784 -1300 12048 -1047 -2944 -13 1
-1 -2980 3308 13284 922 -3925 -25 1
-1 -3128 3940 12664 1283 -4996 -126 1
-1 -3320 2312 12496 51 -3606 -19 1
-1 -1744 3264 13180 1009 -3784 1086 1
-1 -436 3688 13584 765 -1720 643 1
-1 -1840 3488 12836 -21 71 389 1
-1 -1620 3692 12916 197 -268 266 1
-1 -1476 3416 12784 44 -428 326 1
-1 -1620 3292 12900 306 -574 537 1
-1 -1264 3388 13020 771 -677 621 1
-1 -1212 4196 12892 847 -438 366 1
-1 -1332 3692 12956 -185 -225 257 1
-1 -1252 3608 12976 269 -292 209 1
-1 -1224 3704 12980 653 -416 319 1
-1 -1404 3500 12768 484 -647 745 1
-1 -880 3348 13028 2228 -1813 690 1
-1 -400 4956 12912 732 -655 659 1
-1 -884 3912 12876 476 -182 462 1
-1 -620 4392 12772 262 141 153 1
-1 -784 4008 12840 188 51 85 1
-1 -744 4016 12928 124 96 317 1
-1 -956 3520 12944 1069 0 878 1
-1 -624 4544 12928 1446 -281 840 1
-1 -396 4476 12832 278 449 498 1
-1 -976 4140 12812 687 180 404 1
-1 -776 4288 12868 752 -74 389 1
-1 -932 4304 12608 778 -257 439 1
-1 -652 4728 12780 685 -189 217 1
-1 -732 4500 12560 -135 210 201 1
-1 -736 4372 12712 219 154 219 1