-1 7168 -5828 11328 -903 63 482 0
-1 7132 -5992 11064 -698 49 447 0
-1 7072 -6072 11216 -821 172 516 0
-1 7004 -6120 11240 -738 281 507 0
-1 6820 -6200 10876 -978 228 574 0
-1 6748 -6332 10976 -984 201 358 0
-1 6596 -6868 10824 -511 -95 535 0
-1 6712 -6792 10956 -469 -90 413 0
-1 6672 -6744 10672 -406 -41 332 0
-1 6676 -6872 10824 -207 -67 284 0
-1 6864 -6896 10884 -264 3 195 0
-1 6732 -6896 10756 -387 125 260 0
-1 6760 -7244 10740 -463 138 237 0
-1 6828 -7232 10524 -495 146 279 0
-1 6724 -7256 10644 -430 198 285 0
-1 6520 -7260 10584 -496 115 327 0
-1 6632 -7244 10736 -124 114 177 0
-1 6720 -7416 10456 -137 68 233 0
-1 6540 -7288 10736 -222 -7 256 0
-1 6704 -7580 10540 -158 -15 300 0
-1 6604 -7700 10472 -290 5 209 0
-1 6500 -7348 10600 -312 31 97 0
-1 6616 -7440 10384 -68 -65 85 0
-1 6724 -7600 10360 29 -102 33 0
-1 6672 -7548 10596 100 -25 102 0
-1 6684 -7660 10400 97 31 28 0
-1 6692 -7568 10404 259 41 11 0
-1 6628 -7824 10508 370 56 102 0
-1 6628 -7804 10636 238 26 25 0
-1 6652 -7712 10416 69 13 111 0
-1 6668 -7528 10556 -59 -69 103 0
-1 6704 -7684 10524 -321 27 204 0
-1 6840 -8036 10392 -597 155 179 0
-1 6560 -7984 10480 -503 -4 113 0
-1 6744 -7972 10288 -739 120 107 0
-1 6588 -8160 10216 -1054 218 152 0
-1 6760 -8052 10408 -1140 284 159 0
-1 6436 -8908 10424 -1640 298 231 0
-1 6564 -8596 10248 -1450 447 -55 0
-1 6480 -8472 10124 -1791 119 54 0
-1 6624 -8876 10044 -2150 -75 90 0
-1 6560 -9172 9732 -2994 -151 219 0
-1 6488 -9480 9420 -2958 -90 140 0
-1 6692 -9584 9136 -2717 -153 191 0
-1 6456 -9792 8728 -2713 56 156 0
-1 6396 -10024 8368 -2037 -66 -16 0
-1 6436 -9976 7996 -1617 -89 -66 0
-1 6408 -10228 8236 -1036 -55 -216 0
-1 6296 -10104 7836 -623 -167 -352 0
-1 6552 -10012 7828 192 -52 -323 0
-1 6720 -10068 7728 699 -64 -503 0
-1 6564 -10220 8116 1156 -105 -745 0
-1 6808 -10204 7876 2153 76 -680 0
-1 6752 -9876 8400 3523 330 -670 0
-1 6612 -9876 8668 3483 470 -1098 0
-1 6432 -8776 8680 5141 408 -1856 0
-1 6016 -9220 8012 7188 542 -3579 0
-1 6648 -9588 8664 11294 -313 -4884 0
-1 7464 -7700 10592 13485 427 -6771 0
-1 8212 -5648 10780 11345 1086 -8003 0
-1 8072 -3760 11708 9798 1923 -9106 0
-1 8364 -2724 11124 8722 1756 -9249 0
-1 7652 -796 11928 9233 1808 -9849 0
-1 8584 472 9648 8570 2548 -9676 0
-1 7012 2524 11172 8030 3101 -10064 0
-1 5904 3740 11348 9468 3817 -10137 0
-1 5196 6784 11484 6871 4090 -9703 0
-1 4872 6812 12332 5117 3498 -8894 0
-1 4520 7412 12292 5226 2602 -8777 0
-1 4084 7668 11912 3917 2997 -9204 0
-1 2420 8080 11656 5841 1871 -8474 0
-1 1116 9264 10984 7893 698 -7740 0
-1 812 10812 10380 4703 562 -7644 0
-1 -52 10288 9820 4009 608 -6239 0
-1 -372 11172 9360 877 1318 -6267 0
-1 -1292 9696 10052 977 1249 -4887 0
-1 -1964 10520 9340 3080 1080 -3658 0
-1 -1792 10544 9084 881 1024 -2867 0
-1 -2428 10460 9684 955 1191 -1940 0
-1 -2212 10312 9668 1393 675 -1141 0
-1 -2228 10432 9776 1063 480 -806 0
-1 -2060 9680 9968 -610 306 -447 0
-1 -2096 10176 9660 -977 315 -38 0
-1 -2216 10056 9956 -1312 722 -94 0
-1 -2068 9632 9364 -1200 820 -377 0
-1 -2816 9228 11008 -450 -22 -319 0
-1 -2716 9864 10368 306 -433 -427 0
-1 -2264 11900 11244 -2087 4 -334 1
-1 -3284 8960 10612 -1094 -180 90 1
-1 -4068 8844 9952 -5716 758 -1133 1
-1 -3580 6892 10364 -7008 679 -1194 1
-1 -2376 7880 9540 -1966 -65 -1702 1
-1 -1884 7100 11432 -3126 -1101 -2910 1
-1 -1516 6612 11404 -6240 -713 -5187 1
-1 -1948 5684 12344 -5255 -773 -6281 1
-1 -1920 6636 11372 -1062 -1525 -5173 1
-1 -2492 7980 10176 -3629 -1157 -3684 1
-1 -3324 7572 12148 -11875 587 -174 1
-1 -2492 1376 11724 80 -5496 3841 1
-1 -2000 3888 13052 8066 -7873 1487 1
-1 -428 5804 12888 1389 -5089 1707 1
-1 464 4728 13496 -325 152 421 1
-1 -1548 4180 12528 -411 1268 59 1
-1 -1372 4404 12292 751 590 100 1
-1 -1088 4588 12800 288 322 279 1
-1 -1380 4540 12628 533 388 52 1
-1 -1292 4768 12712 392 68 84 1
-1 -1300 4420 12552 150 133 165 1
-1 -1184 4764 12624 462 -83 174 1
-1 -1180 4564 12628 410 -62 179 1
-1 -1216 4752 12564 408 -50 163 1
-1 -1320 4472 12608 396 -144 208 1
-1 -1180 4800 12592 489 -210 250 1
-1 -1120 4680 12568 340 -68 185 1
-1 -1228 4648 12668 537 -159 186 1
-1 -1188 4824 12612 638 -240 232 1
-1 -1088 4792 12608 501 -190 245 1
-1 -1168 4720 12596 696 9 203 1
-1 -976 5068 12328 414 49 246 1
-1 -1212 4820 12480 481 -44 294 1