-1 6648 -7616 10360 129 19 295 1
-1 6640 -7816 10280 56 70 434 1
-1 6592 -7892 10432 -9 -38 370 1
-1 6432 -7684 10172 -204 -11 412 1
-1 6460 -8016 10164 -12 20 376 1
-1 6464 -7900 10140 -111 21 218 1
-1 6408 -7964 10092 -79 47 153 1
-1 6484 -7996 9892 333 68 90 1
-1 6276 -8124 10036 827 68 46 1
-1 6432 -8124 10228 711 77 -98 1
-1 6468 -8036 10364 2134 -42 104 1
-1 6496 -7444 9964 2815 67 -82 1
-1 6180 -7492 10552 2435 347 -66 1
-1 6520 -7408 10980 3926 -155 -344 1
-1 6460 -6732 10656 2976 15 -814 1
-1 6420 -6508 11096 3023 275 -860 1
-1 6696 -6152 11244 3455 -121 -1041 1
-1 6644 -5408 11408 2791 -55 -1004 1
-1 6856 -5244 11628 1808 149 -723 1
-1 6892 -5048 11700 1144 195 -393 1
-1 6792 -5000 11684 506 114 25 1
-1 6684 -5184 11708 266 19 273 1
-1 6764 -5260 11580 123 18 432 1
-1 6836 -5160 11472 -10 57 580 1
-1 6796 -5340 11496 -610 151 711 1
-1 6560 -5268 11704 -1710 299 731 1
-1 6544 -5836 11568 -1773 146 832 1
-1 6396 -5836 11512 -645 -36 1064 1
-1 6420 -5944 11156 -895 116 1057 1
-1 6400 -6160 10980 -2055 315 985 1
-1 6324 -6428 11228 -2317 296 779 0
-1 6288 -7144 11640 -1777 178 894 0
-1 6348 -7020 11200 -1035 -44 746 0
-1 6396 -7072 10924 -2506 286 554 0
-1 6084 -7516 10888 -2877 495 518 0
-1 6264 -8068 11072 -3897 564 630 0
-1 6172 -8416 10716 -3826 534 865 0
-1 6104 -8424 9920 -4578 746 1087 0
-1 5868 -9456 9824 -4918 907 1212 0
-1 5820 -8896 9304 -3270 361 1074 0
-1 5524 -9600 9300 -3387 424 1254 0
-1 5280 -10028 9228 -3073 4 1069 0
-1 5532 -10416 8960 -3506 108 1083 0
-1 4904 -11112 8496 -3870 93 847 0
-1 5016 -11244 7784 -3442 350 665 0
-1 4904 -11164 7464 -3111 248 637 0
-1 4672 -11348 6908 -2079 -28 471 0
-1 4652 -11636 6372 -1315 111 41 0
-1 4704 -11868 6724 64 145 -46 0
-1 4756 -11932 5988 1748 -200 -403 0
-1 4724 -11912 7008 2459 -150 -904 0
-1 5340 -11544 6952 4062 8 -891 0
-1 4612 -11484 8104 4748 -189 -1281 0
-1 4880 -10788 7304 7693 -599 -1528 0
-1 5212 -10612 7644 10055 -46 -3273 0
-1 5432 -10452 9272 11927 -844 -4909 0
-1 6064 -9188 9560 13715 -1775 -6836 0
-1 6516 -6552 10680 12069 -1930 -8994 0
-1 8124 -5692 9688 11705 -1042 -10460 0
-1 7968 -4000 10804 10840 -188 -11285 0
-1 7656 -1252 11528 11754 1440 -12094 0
-1 8136 720 9444 12372 2276 -11931 0
-1 7012 3584 11912 10799 2799 -12255 0
-1 6992 5088 9868 11947 4331 -11603 0
-1 5772 7236 10208 11118 3415 -10642 0
-1 4212 8160 10348 8474 3878 -10289 0
-1 3400 10968 10028 9647 3021 -9028 0
-1 1700 11352 10056 3063 4261 -8514 0
-1 1196 10628 9988 1534 3529 -7548 0
-1 -416 11188 10620 5458 2858 -6177 0
-1 -920 11396 9444 1313 2585 -5460 0
-1 -2296 11224 10680 1949 2021 -3774 0
-1 -2608 10856 10332 792 1406 -2800 0
-1 -2456 10840 9952 825 1232 -1448 0
-1 -2108 10488 9756 500 1059 -1046 0
-1 -1884 10820 9604 815 1049 -934 0
-1 -2148 10812 9476 521 585 -612 0
-1 -1428 15292 9376 946 -331 185 1
-1 -1688 10572 9076 -465 396 -18 1
-1 -1796 10288 8964 -200 371 16 1
-1 -1964 10704 9480 -317 171 305 1
-1 -2380 10212 9376 -1571 591 -124 1
-1 -2728 10616 10288 -1302 85 -98 1
-1 -2912 9676 10240 57 -1244 194 1
-1 -3836 8852 9868 -1184 -1134 -203 1
-1 -3056 9492 9544 -5129 -431 -26 1
-1 -2248 7664 10456 -7485 -694 -2032 1
-1 732 8084 9428 -8710 754 -3651 1
-1 -1128 7632 11252 -9028 45 -5066 1
-1 -1132 6024 11752 -9282 -895 -5532 1
-1 -744 4392 11452 -5140 -1020 -5191 1
-1 -1248 5556 11096 -4370 -985 -5484 1
-1 -2256 4832 10624 -7475 -136 -4361 1
-1 -3140 4900 11780 -5765 -1533 -720 1
-1 -5444 1872 20360 -2404 -5378 934 1
-1 -2524 564 14936 2775 -4382 87 1
-1 -844 3420 13592 -21 -1565 1022 1
-1 -1444 960 13240 387 145 869 1
-1 -1608 1776 13284 1985 807 774 1
-1 -1680 1636 13116 2354 1257 968 1
-1 -1888 2448 12924 1211 726 698 1
-1 -2064 2280 12940 1008 -19 551 1
-1 -2052 2528 12964 801 -456 435 1
-1 -1772 2604 13060 369 -497 264 1
-1 -1744 2516 13064 253 -291 34 1
-1 -1544 2312 13124 173 -160 -16 1
-1 -1596 2388 13092 275 -7 -85 1
-1 -1772 2452 12932 475 55 22 1
-1 -1672 2376 12976 433 173 314 1
-1 -1808 2484 12932 797 69 321 1
-1 -1668 2752 12924 639 -60 295 1
-1 -1736 2748 13016 464 -146 251 1
-1 -1824 2672 12836 359 -338 23 1
-1 -1660 2556 12820 194 -193 -8 1
-1 -1596 2520 13016 135 -7 -62 1
-1 -1608 2496 12948 -71 169 37 1
-1 -1572 2436 13068 182 166 77 1
-1 -1748 2548 13028 392 229 105 1
-1 -1764 2532 12944 329 114 118 1
-1 -1848 2660 13056 288 15 108 1