4,150
1 0.25931 -0.0654592 0.0267795 
2 -0.784973 0.323973 -0.167772 
3 -1.83563 0.715035 -0.36378 
4 -2.89653 1.10851 -0.562088 
5 -3.9741 1.50539 -0.764041 
6 -5.07706 1.90589 -0.971242 
7 -6.20827 2.30491 -1.18321 
8 -7.32713 2.67724 -1.3878 
9 -8.26537 2.95515 -1.54177 
10 -8.76553 3.06728 -1.5852 
11 -8.84512 3.06111 -1.53042 
12 -8.78787 3.04512 -1.44924 
13 -8.75013 3.05653 -1.37682 
14 -8.74592 3.087 -1.31404 
15 -8.75891 3.12559 -1.25576 
16 -8.77871 3.16706 -1.19894 
17 -8.80196 3.20982 -1.14241 
18 -8.82934 3.25395 -1.086 
19 -8.86436 3.30049 -1.03095 
20 -8.91315 3.35123 -0.981968 
21 -8.98166 3.40763 -0.951981 
22 -9.06479 3.46715 -0.96539 
23 -9.13194 3.51912 -1.0446 
24 -9.14164 3.5506 -1.17898 
25 -9.08399 3.55981 -1.32829 
26 -8.982 3.55514 -1.46348 
27 -8.86076 3.54464 -1.5793 
28 -8.73498 3.5324 -1.68124 
29 -8.61283 3.51973 -1.7758 
30 -8.502 3.50642 -1.86784 
31 -8.41548 3.49089 -1.95999 
32 -8.37728 3.46915 -2.05054 
33 -8.42272 3.4335 -2.12777 
34 -8.57282 3.37476 -2.16518 
35 -8.78129 3.29304 -2.13717 
36 -8.94742 3.20365 -2.05187 
37 -9.01747 3.12175 -1.94357 
38 -9.00842 3.05067 -1.83624 
39 -8.95515 2.98719 -1.73604 
40 -8.88146 2.92777 -1.6415 
41 -8.79929 2.87025 -1.55015 
42 -8.71405 2.81356 -1.46014 
43 -8.6286 2.75729 -1.37011 
44 -8.5462 2.7017 -1.27852 
45 -8.47437 2.64882 -1.18309 
46 -8.43206 2.60598 -1.08185 
47 -8.45764 2.59306 -0.98006 
48 -8.59256 2.6435 -0.90558 
49 -8.80911 2.76973 -0.904458 
50 -8.99487 2.92665 -0.985861 
51 -9.08183 3.06245 -1.10965 
52 -9.0859 3.16549 -1.24088 
53 -9.042 3.24541 -1.36813 
54 -8.97168 3.3126 -1.49207 
55 -8.88178 3.37372 -1.6178 
56 -8.76753 3.43231 -1.7536 
57 -8.61659 3.48801 -1.90941 
58 -8.43271 3.53189 -2.08147 
59 -8.28631 3.54653 -2.22045 
60 -8.27135 3.52987 -2.2662 
61 -8.37302 3.50225 -2.23417 
62 -8.52229 3.47686 -2.17218 
63 -8.68132 3.45431 -2.10428 
64 -8.83767 3.431 -2.03654 
65 -8.98447 3.40145 -1.96932 
66 -9.1085 3.35605 -1.90164 
67 -9.17909 3.27763 -1.83167 
68 -9.14236 3.14523 -1.75655 
69 -8.96299 2.96583 -1.67424 
70 -8.71951 2.80849 -1.58831 
71 -8.55029 2.73674 -1.50561 
72 -8.49181 2.73956 -1.42815 
73 -8.50418 2.77962 -1.35403 
74 -8.54978 2.83393 -1.28125 
75 -8.61017 2.89337 -1.20855 
76 -8.67982 2.95525 -1.13519 
77 -8.76104 3.01942 -1.06146 
78 -8.86166 3.08589 -0.991772 
79 -8.9886 3.15115 -0.942912 
80 -9.12575 3.20196 -0.951755 
81 -9.21465 3.2191 -1.04996 
82 -9.20603 3.20095 -1.21266 
83 -9.11796 3.1664 -1.3846 
84 -8.99425 3.13074 -1.53955 
85 -8.86216 3.09883 -1.67821 
86 -8.73414 3.07111 -1.80804 
87 -8.61941 3.04784 -1.93517 
88 -8.53294 3.03078 -2.06214 
89 -8.50294 3.02387 -2.18358 
90 -8.56776 3.03154 -2.27627 
91 -8.73369 3.05094 -2.29742 
92 -8.91956 3.06567 -2.22567 
93 -9.02476 3.06117 -2.09843 
94 -9.03463 3.0391 -1.96373 
95 -8.98659 3.00766 -1.8392 
96 -8.91258 2.97243 -1.72388 
97 -8.82863 2.93589 -1.61357 
98 -8.74125 2.89894 -1.50547 
99 -8.65293 2.86192 -1.39809 
100 -8.56505 2.82509 -1.29056 
101 -8.48 2.78919 -1.18179 
102 -8.40488 2.75667 -1.06988 
103 -8.35991 2.73527 -0.952745 
104 -8.39081 2.74413 -0.834865 
105 -8.55599 2.8121 -0.745173 
106 -8.83269 2.94003 -0.737087 
107 -9.07458 3.07173 -0.823706 
108 -9.18637 3.16005 -0.957261 
109 -9.18944 3.20587 -1.09692 
110 -9.1304 3.2256 -1.23114 
111 -9.03592 3.23015 -1.36265 
112 -8.9122 3.2227 -1.49974 
113 -8.75157 3.20034 -1.6544 
114 -8.55148 3.15965 -1.83376 
115 -8.36524 3.11469 -2.00878 
116 -8.29785 3.10206 -2.11282 
117 -8.36426 3.13313 -2.13159 
118 -8.4941 3.18592 -2.10744 
119 -8.63855 3.2404 -2.07151 
120 -8.77942 3.28407 -2.03425 
121 -8.90589 3.30317 -1.99702 
122 -8.99934 3.27639 -1.95658 
123 -9.02719 3.17965 -1.90398 
124 -8.96122 3.01774 -1.82564 
125 -8.82597 2.85768 -1.71686 
126 -8.69282 2.77384 -1.59153 
127 -8.60301 2.77312 -1.46583 
128 -8.55211 2.82269 -1.3452 
129 -8.52416 2.89544 -1.22894 
130 -8.50906 2.97833 -1.11611 
131 -8.50382 3.06675 -1.00802 
132 -8.51044 3.15945 -0.909831 
133 -8.53432 3.25533 -0.833085 
134 -8.58178 3.35057 -0.797828 
135 -8.6541 3.43593 -0.82882 
136 -8.73932 3.49805 -0.938467 
137 -8.8133 3.52828 -1.10712 
138 -8.85608 3.53043 -1.29167 
139 -8.86454 3.5164 -1.45772 
140 -8.84733 3.49659 -1.59445 
141 -8.81473 3.47638 -1.70612 
142 -8.77399 3.45748 -1.8008 
143 -8.72926 3.43999 -1.88528 
144 -8.68266 3.42355 -1.96403 
145 -8.63522 3.40779 -2.03969 
146 -8.5874 3.39242 -2.11376 
147 -8.53941 3.37726 -2.18701 
148 -8.49135 3.36223 -2.25986 
149 -8.44326 3.34725 -2.33251 
150 -8.39516 3.3323 -2.40507 
