4,150
1 -9.43767 3.72096 -1.82659 
2 -8.42635 3.25069 -1.60265 
3 -7.41106 2.77916 -1.37794 
4 -6.38703 2.30498 -1.1515 
5 -5.34364 1.82534 -0.921225 
6 -4.25795 1.33501 -0.682568 
7 -3.08496 0.826754 -0.42655 
8 -1.7607 0.301677 -0.140265 
9 -0.298021 -0.187459 0.174398 
10 0.958636 -0.485326 0.450061 
11 1.49078 -0.486443 0.583606 
12 1.3662 -0.323519 0.586944 
13 0.990997 -0.145836 0.539953 
14 0.574252 0.00869106 0.484253 
15 0.163536 0.146509 0.42938 
16 -0.23967 0.277023 0.374843 
17 -0.638943 0.406253 0.314587 
18 -1.02036 0.53536 0.225085 
19 -1.27756 0.638901 0.0395797 
20 -1.13997 0.626087 -0.302643 
21 -0.558961 0.449366 -0.669018 
22 0.11216 0.213346 -0.897736 
23 0.701179 -0.00480568 -1.0019 
24 1.21159 -0.187444 -1.01664 
25 1.57832 -0.307861 -0.926405 
26 1.58979 -0.323234 -0.719287 
27 1.18924 -0.257238 -0.483331 
28 0.632346 -0.186874 -0.304984 
29 0.0861807 -0.13773 -0.173893 
30 -0.429628 -0.104057 -0.0603735 
31 -0.915034 -0.0853184 0.0494121 
32 -1.34083 -0.0944352 0.159781 
33 -1.6204 -0.162528 0.270903 
34 -1.57675 -0.337616 0.376917 
35 -1.01493 -0.635557 0.460006 
36 -0.0633121 -0.937233 0.498955 
37 0.74398 -1.05777 0.499723 
38 1.10247 -0.969894 0.489395 
39 1.1105 -0.761843 0.483295 
40 0.93809 -0.504435 0.483061 
41 0.685315 -0.229357 0.486319 
42 0.393132 0.0525821 0.49026 
43 0.0679285 0.338292 0.490478 
44 -0.307696 0.623344 0.475721 
45 -0.760502 0.884963 0.4166 
46 -1.25659 1.0509 0.259631 
47 -1.58549 1.02094 -0.0176338 
48 -1.52328 0.819777 -0.323117 
49 -1.15105 0.591291 -0.555018 
50 -0.667321 0.411796 -0.706914 
51 -0.177443 0.28321 -0.806292 
52 0.276193 0.19509 -0.866374 
53 0.654969 0.145702 -0.880648 
54 0.896049 0.139743 -0.827563 
55 0.921929 0.174642 -0.685585 
56 0.709875 0.222299 -0.466172 
57 0.361231 0.235571 -0.229685 
58 0.0296639 0.187779 -0.0381034 
59 -0.207109 0.0876842 0.092668 
60 -0.353091 -0.0438218 0.179661 
61 -0.433644 -0.192293 0.244053 
62 -0.458871 -0.352057 0.300683 
63 -0.412168 -0.522015 0.359074 
64 -0.249595 -0.698001 0.425659 
65 0.0778758 -0.858732 0.501929 
66 0.548211 -0.95275 0.577209 
67 0.991342 -0.922462 0.627451 
68 1.19517 -0.766315 0.63537 
69 1.1037 -0.540754 0.606821 
70 0.800722 -0.29888 0.558269 
71 0.384131 -0.0638953 0.501789 
72 -0.084971 0.159898 0.442848 
73 -0.57589 0.374063 0.382511 
74 -1.071 0.57867 0.317433 
75 -1.54234 0.763216 0.233839 
76 -1.89548 0.881953 0.0914559 
77 -1.87055 0.816242 -0.182226 
78 -1.19746 0.46903 -0.579977 
79 -0.222289 0.0373631 -0.892 
80 0.489491 -0.230227 -0.999576 
81 0.880332 -0.336732 -0.977622 
82 1.08324 -0.356541 -0.902343 
83 1.16741 -0.327096 -0.804913 
84 1.1012 -0.245243 -0.689219 
85 0.726835 -0.073 -0.538394 
86 -0.113165 0.2027 -0.327166 
87 -1.01013 0.418352 -0.0893895 
88 -1.33771 0.418458 0.0984388 
89 -1.20835 0.283992 0.236364 
90 -0.907374 0.107815 0.353989 
91 -0.549782 -0.0796187 0.465964 
92 -0.153598 -0.273636 0.576503 
93 0.304701 -0.474725 0.683985 
94 0.865062 -0.672744 0.776149 
95 1.49849 -0.812782 0.817123 
96 1.93333 -0.78469 0.762265 
97 1.851 -0.568168 0.637729 
98 1.36639 -0.288715 0.519203 
99 0.748032 -0.0284884 0.431198 
100 0.114492 0.205663 0.362451 
101 -0.508447 0.423503 0.299607 
102 -1.11141 0.627835 0.230708 
103 -1.66152 0.805763 0.136744 
104 -2.04887 0.910782 -0.0212781 
105 -2.01484 0.84074 -0.299984 
106 -1.30538 0.514473 -0.684147 
107 -0.24042 0.0910087 -0.986644 
108 0.544599 -0.179889 -1.07629 
109 0.924543 -0.273868 -1.01752 
110 1.06554 -0.270884 -0.897182 
111 1.09185 -0.224528 -0.755256 
112 1.04188 -0.153632 -0.602895 
113 0.877454 -0.0538734 -0.437313 
114 0.468635 0.0954684 -0.246565 
115 -0.341139 0.299663 -0.0238252 
116 -1.33555 0.462575 0.188802 
117 -1.84701 0.444577 0.319763 
118 -1.70689 0.271119 0.37391 
119 -1.21996 0.0374114 0.39622 
120 -0.603569 -0.210404 0.411126 
121 0.0684583 -0.458902 0.426909 
122 0.78174 -0.696617 0.447742 
123 1.50664 -0.883738 0.478137 
124 2.07598 -0.914869 0.51873 
125 2.14891 -0.681918 0.552519 
126 1.66105 -0.287821 0.555466 
127 0.96795 0.0699933 0.530847 
128 0.303094 0.344231 0.494188 
129 -0.303842 0.566722 0.452049 
130 -0.871051 0.763492 0.401427 
131 -1.39624 0.939049 0.327695 
132 -1.81664 1.06736 0.193089 
133 -1.94259 1.06698 -0.0717841 
134 -1.50313 0.824574 -0.497094 
135 -0.61014 0.395275 -0.914744 
136 0.183323 0.0181919 -1.12223 
137 0.652093 -0.214951 -1.14383 
138 0.902513 -0.353206 -1.07874 
139 1.04941 -0.446398 -0.981409 
140 1.14101 -0.513461 -0.86784 
141 1.15435 -0.538507 -0.726918 
142 0.947349 -0.448241 -0.511699 
143 0.308116 -0.153139 -0.175223 
144 -0.528211 0.192937 0.166889 
145 -1.04731 0.340027 0.362872 
146 -1.25072 0.319742 0.449327 
147 -1.31296 0.230249 0.4934 
148 -1.32453 0.117432 0.524036 
149 -1.31834 -0.00309498 0.550507 
150 -1.30567 -0.126278 0.575641 
