4,117
1 -0.619482 1.7857 7.5242 
2 -0.552631 1.59352 6.70953 
3 -0.485556 1.40061 5.89178 
4 -0.418064 1.20632 5.06818 
5 -0.349796 1.00942 4.23352 
6 -0.280162 0.807756 3.37863 
7 -0.208567 0.598594 2.49199 
8 -0.136193 0.383523 1.58043 
9 -0.0715533 0.185697 0.742404 
10 -0.0317602 0.058243 0.203621 
11 -0.0195548 0.0165233 0.0293696 
12 -0.0177714 0.0108243 0.00884747 
13 -0.0161362 0.00602843 -0.00640141 
14 -0.0141501 -0.00387611 -0.04097 
15 -0.0137873 -0.0169133 -0.0853387 
16 -0.017029 -0.0309994 -0.129713 
17 -0.0253303 -0.0440974 -0.166025 
18 -0.0382726 -0.0526985 -0.184825 
19 -0.0504201 -0.05052 -0.17493 
20 -0.048639 -0.0298563 -0.130087 
21 -0.0171766 0.0123251 -0.0600223 
22 0.0492839 0.0696776 0.0112692 
23 0.142073 0.131881 0.0641229 
24 0.249335 0.192975 0.0932239 
25 0.364697 0.253015 0.100907 
26 0.487943 0.316091 0.0880849 
27 0.62262 0.389357 0.0492193 
28 0.772525 0.483311 -0.0300948 
29 0.934599 0.610531 -0.171815 
30 1.08635 0.777713 -0.392674 
31 1.17891 0.96976 -0.675223 
32 1.16215 1.14513 -0.952566 
33 1.02955 1.26442 -1.15124 
34 0.819192 1.32001 -1.24662 
35 0.574337 1.32865 -1.25832 
36 0.320852 1.3105 -1.21537 
37 0.0699079 1.2797 -1.1372 
38 -0.172578 1.24458 -1.0309 
39 -0.397478 1.20967 -0.893639 
40 -0.585089 1.17645 -0.717737 
41 -0.703368 1.14199 -0.502715 
42 -0.725983 1.09815 -0.273467 
43 -0.666595 1.03666 -0.0783249 
44 -0.577522 0.957131 0.0491852 
45 -0.503531 0.866183 0.113534 
46 -0.458512 0.770454 0.137807 
47 -0.437746 0.673554 0.141803 
48 -0.432704 0.576949 0.13693 
49 -0.436974 0.481656 0.129091 
50 -0.447296 0.39023 0.122796 
51 -0.463115 0.310025 0.126375 
52 -0.483025 0.256062 0.159894 
53 -0.489122 0.236928 0.256117 
54 -0.425014 0.196939 0.412898 
55 -0.24532 0.0168426 0.532363 
56 0.00681372 -0.32238 0.536226 
57 0.272517 -0.742451 0.452931 
58 0.534161 -1.18833 0.333794 
59 0.793162 -1.63968 0.213764 
60 1.04362 -2.08082 0.126024 
61 1.24155 -2.46813 0.120413 
62 1.2787 -2.71165 0.24402 
63 1.07588 -2.76073 0.45059 
64 0.729219 -2.71036 0.615601 
65 0.37227 -2.66853 0.696682 
66 0.0416071 -2.65708 0.725307 
67 -0.27344 -2.66242 0.730658 
68 -0.584927 -2.67127 0.723592 
69 -0.89642 -2.67323 0.702287 
70 -1.19937 -2.65512 0.655383 
71 -1.46461 -2.59671 0.56353 
72 -1.63801 -2.47615 0.409253 
73 -1.66891 -2.29201 0.20044 
74 -1.56556 -2.07823 -0.0206282 
75 -1.39428 -1.87767 -0.211185 
76 -1.21635 -1.70886 -0.358588 
77 -1.05667 -1.56781 -0.471825 
78 -0.916232 -1.4438 -0.563332 
79 -0.788616 -1.32741 -0.641128 
80 -0.667575 -1.21187 -0.707643 
81 -0.549444 -1.09263 -0.759683 
82 -0.434561 -0.967849 -0.788189 
83 -0.329007 -0.841063 -0.780371 
84 -0.243912 -0.723554 -0.729074 
85 -0.18783 -0.629656 -0.645576 
86 -0.157847 -0.565013 -0.556292 
87 -0.142519 -0.523058 -0.482052 
88 -0.131727 -0.493388 -0.42788 
89 -0.120618 -0.46868 -0.389369 
90 -0.107965 -0.445428 -0.36056 
91 -0.0939618 -0.42236 -0.337048 
92 -0.0790838 -0.39913 -0.316201 
93 -0.0637287 -0.375652 -0.296573 
94 -0.0481999 -0.351742 -0.277304 
95 -0.0328793 -0.326747 -0.257588 
96 -0.0186859 -0.299033 -0.236143 
97 -0.007996 -0.265879 -0.211095 
98 -0.0051489 -0.226445 -0.182033 
99 -0.0127387 -0.189106 -0.154983 
100 -0.0251512 -0.168927 -0.140281 
101 -0.0336979 -0.169699 -0.140161 
102 -0.0357481 -0.18334 -0.148796 
103 -0.0328511 -0.201956 -0.160707 
104 -0.0266534 -0.22083 -0.172706 
105 -0.0175672 -0.235586 -0.181924 
106 -0.00459731 -0.237954 -0.183123 
107 0.0133795 -0.213721 -0.167737 
108 0.0320945 -0.160344 -0.135473 
109 0.0414999 -0.112616 -0.109107 
110 0.0403033 -0.0971649 -0.104261 
111 0.0343169 -0.104547 -0.113868 
112 0.0270546 -0.121279 -0.129198 
113 0.0195688 -0.141105 -0.146365 
114 0.0120745 -0.161873 -0.164075 
115 0.00459548 -0.182914 -0.181937 
116 -0.00287373 -0.204033 -0.19984 
117 -0.0103385 -0.225173 -0.217754 
