4,80
1 -0.750538 1.7399 7.78036 
2 -0.710106 1.61673 6.95462 
3 -0.668913 1.49328 6.12686 
4 -0.624996 1.36909 5.29287 
5 -0.57166 1.24347 4.44106 
6 -0.488423 1.11736 3.54625 
7 -0.332155 1.00279 2.58929 
8 -0.0938507 0.932782 1.66857 
9 0.108698 0.914149 0.969001 
10 0.206583 0.906435 0.447325 
11 0.243449 0.890772 -0.0281763 
12 0.252259 0.870964 -0.514425 
13 0.225156 0.859489 -1.01681 
14 0.116786 0.881836 -1.44185 
15 -0.0788906 0.950632 -1.58508 
16 -0.261509 1.02577 -1.47627 
17 -0.386098 1.08163 -1.31974 
18 -0.475369 1.12672 -1.18125 
19 -0.542082 1.17229 -1.0456 
20 -0.569412 1.22104 -0.886111 
21 -0.523335 1.25398 -0.703283 
22 -0.426984 1.24417 -0.553382 
23 -0.346203 1.2042 -0.462192 
24 -0.293247 1.15724 -0.401936 
25 -0.254864 1.11032 -0.352831 
26 -0.224738 1.06284 -0.312568 
27 -0.208586 1.01097 -0.291902 
28 -0.227859 0.946049 -0.311211 
29 -0.29993 0.861334 -0.361449 
30 -0.381576 0.772509 -0.3669 
31 -0.422895 0.696776 -0.296838 
32 -0.428683 0.628463 -0.188099 
33 -0.409252 0.552703 -0.0701498 
34 -0.348726 0.444919 0.0401064 
35 -0.184759 0.257976 0.121116 
36 0.182999 -0.0573386 0.145159 
37 0.737093 -0.441646 0.122985 
38 1.27133 -0.744288 0.117688 
39 1.68046 -0.934704 0.158004 
40 2.0001 -1.0696 0.231976 
41 2.26373 -1.19143 0.327084 
42 2.45858 -1.31596 0.435668 
43 2.53543 -1.43832 0.545094 
44 2.45697 -1.53837 0.633533 
45 2.25779 -1.59969 0.684719 
46 2.01827 -1.62662 0.702928 
47 1.78909 -1.63421 0.702824 
48 1.57799 -1.63265 0.6947 
49 1.3754 -1.62383 0.681877 
50 1.17132 -1.60293 0.663341 
51 0.961438 -1.56029 0.636282 
52 0.749863 -1.48559 0.598697 
53 0.548128 -1.37581 0.551884 
54 0.367225 -1.23969 0.499999 
55 0.209473 -1.09169 0.445862 
56 0.0703053 -0.943179 0.387632 
57 -0.0517561 -0.80199 0.32062 
58 -0.147367 -0.678327 0.244297 
59 -0.202663 -0.584277 0.168154 
60 -0.216476 -0.523318 0.105521 
61 -0.203026 -0.486687 0.0616533 
62 -0.178137 -0.462205 0.0330541 
63 -0.15111 -0.440833 0.0141621 
64 -0.125882 -0.416378 0.00147531 
65 -0.103874 -0.383663 -0.00541655 
66 -0.0848396 -0.340435 -0.00441936 
67 -0.0663377 -0.294024 0.00547737 
68 -0.045762 -0.259337 0.0199962 
69 -0.0240912 -0.243276 0.0330899 
70 -0.00504678 -0.241774 0.0421832 
71 0.00782787 -0.248391 0.0470627 
72 0.0127403 -0.257766 0.047616 
73 0.0106001 -0.265221 0.0435653 
74 0.00496188 -0.267066 0.0351769 
75 0.000176489 -0.261731 0.0235719 
76 -0.000857681 -0.249916 0.0102291 
77 0.00260586 -0.233483 -0.00367603 
78 0.00990953 -0.214272 -0.017508 
79 0.0199588 -0.193584 -0.0310474 
80 0.03177 -0.172184 -0.0442888 
