4,117
1 -0.0139112 0.0352513 0.155966 
2 -0.0762556 0.215769 0.913976 
3 -0.140072 0.400288 1.68965 
4 -0.205047 0.587881 2.47904 
5 -0.271123 0.778273 3.28113 
6 -0.338391 0.971489 4.09647 
7 -0.40691 1.16722 4.92454 
8 -0.476139 1.36304 5.75638 
9 -0.543366 1.54978 6.55484 
10 -0.601044 1.7046 7.22339 
11 -0.637708 1.79604 7.62366 
12 -0.649788 1.81891 7.72443 
13 -0.648386 1.80876 7.67275 
14 -0.645301 1.79855 7.61249 
15 -0.644371 1.79692 7.58511 
16 -0.645217 1.8013 7.58212 
17 -0.646906 1.80841 7.59047 
18 -0.648886 1.81651 7.60298 
19 -0.650902 1.8249 7.61683 
20 -0.6528 1.83335 7.63114 
21 -0.654385 1.84183 7.64574 
22 -0.655282 1.85039 7.66073 
23 -0.65474 1.85926 7.67631 
24 -0.651292 1.869 7.69271 
25 -0.642199 1.88093 7.70997 
26 -0.622653 1.89784 7.72753 
27 -0.58493 1.92503 7.74328 
28 -0.518261 1.97132 7.75227 
29 -0.411066 2.04877 7.74549 
30 -0.257037 2.16903 7.71074 
31 -0.0629612 2.33617 7.63744 
32 0.149537 2.54106 7.52329 
33 0.353475 2.76456 7.37655 
34 0.529523 2.98753 7.21095 
35 0.671129 3.19837 7.03861 
36 0.781026 3.39373 6.8667 
37 0.865542 3.57557 6.69776 
38 0.930734 3.74851 6.53138 
39 0.980538 3.91852 6.36556 
40 1.01582 4.09294 6.19773 
41 1.03344 4.28084 6.02597 
42 1.02546 4.49233 5.85143 
43 0.980185 4.73454 5.68224 
44 0.888763 5.00276 5.53613 
45 0.756451 5.27387 5.43461 
46 0.606003 5.51598 5.38769 
47 0.463571 5.71016 5.38598 
48 0.343011 5.85858 5.41038 
49 0.244855 5.9745 5.44513 
50 0.163624 6.07127 5.48176 
51 0.0934187 6.1583 5.51706 
52 0.0299053 6.24151 5.55031 
53 -0.0295033 6.32474 5.58167 
54 -0.0858533 6.41086 5.61144 
55 -0.138549 6.50186 5.63989 
56 -0.184586 6.59712 5.66745 
57 -0.216961 6.68807 5.69553 
58 -0.223128 6.74794 5.72773 
59 -0.187278 6.72259 5.77104 
60 -0.10182 6.54573 5.83373 
61 0.0186245 6.19167 5.91867 
62 0.143352 5.70825 6.01944 
63 0.249087 5.17406 6.12603 
64 0.329999 4.64252 6.2318 
65 0.390487 4.13211 6.33466 
66 0.436805 3.64186 6.435 
67 0.473467 3.16409 6.53427 
68 0.502361 2.68944 6.6345 
69 0.522149 2.20719 6.73866 
70 0.526524 1.70391 6.85099 
71 0.500735 1.1633 6.97654 
72 0.41849 0.572714 7.1172 
73 0.248828 -0.0571276 7.26252 
74 -0.0156425 -0.671916 7.38298 
75 -0.333354 -1.19804 7.44585 
76 -0.641678 -1.60526 7.4435 
77 -0.906278 -1.91984 7.39343 
78 -1.12699 -2.18427 7.31677 
79 -1.31698 -2.42946 7.22659 
80 -1.48874 -2.67224 7.12837 
81 -1.65034 -2.92064 7.02323 
82 -1.80548 -3.17778 6.9103 
83 -1.95378 -3.44261 6.78829 
84 -2.09064 -3.70807 6.65748 
85 -2.2077 -3.95883 6.52213 
86 -2.2965 -4.17382 6.39179 
87 -2.35497 -4.33771 6.27764 
88 -2.39048 -4.45256 6.18525 
89 -2.41441 -4.53493 6.11164 
90 -2.43503 -4.60279 6.0496 
91 -2.45564 -4.66744 5.99273 
92 -2.47645 -4.73364 5.93726 
93 -2.49667 -4.80248 5.88154 
94 -2.51555 -4.87358 5.8251 
95 -2.53263 -4.94613 5.76806 
96 -2.54773 -5.01931 5.71072 
97 -2.56086 -5.0924 5.65345 
98 -2.57214 -5.16477 5.5966 
99 -2.58173 -5.23593 5.54046 
100 -2.58984 -5.30548 5.48525 
101 -2.59667 -5.37317 5.43115 
102 -2.60243 -5.43881 5.37825 
103 -2.60732 -5.50231 5.32661 
104 -2.61149 -5.56367 5.27625 
105 -2.61512 -5.62292 5.22714 
106 -2.61834 -5.68012 5.17925 
107 -2.62125 -5.73538 5.13252 
108 -2.62395 -5.78881 5.08687 
109 -2.62653 -5.84053 5.04225 
110 -2.62906 -5.89066 4.99857 
111 -2.63158 -5.93932 4.95578 
112 -2.63414 -5.98661 4.91379 
113 -2.63678 -6.03265 4.87256 
114 -2.63954 -6.07753 4.83203 
115 -2.64244 -6.12132 4.79215 
116 -2.64551 -6.16409 4.75287 
117 -2.64877 -6.20591 4.71417 
