4  11
0.0773499  0.091336  0.0956148  0.0893868  0.107722  0.0629024  0.0925371  0.095116  0.134682  0.0703265  0.0830262  
5.02822  -0.351935  1.01711  4.26612  
15.2427  0.00659846  -0.0143551  -0.103074  
25.7033  0.425168  0.282897  0.137608  
36.6563  0.128656  1.29665  -1.2283  
48.0277  -0.414384  0.572282  0.139614  
58.2864  0.572087  -1.29575  0.287627  
67.3657  -0.361783  -2.66704  0.741634  
78.2116  -0.867365  -1.4177  -0.599683  
91.6205  -0.0859521  -0.408535  -0.321476  
103.586  -0.0379453  -0.220372  -0.173289  
112.581  0.0226326  -0.131722  -0.138577  
6.77276  0.450775  -1.29523  -5.49051  
0.450775  0.173028  0.150337  -0.388261  
-1.29523  0.150337  0.750051  1.01982  
-5.49051  -0.388261  1.01982  4.48103  
12.9112  0.104805  -0.169637  -0.712278  
0.104805  0.00276694  -0.000927818  -0.00912015  
-0.169637  -0.000927818  0.0158242  0.0310116  
-0.712278  -0.00912015  0.0310116  0.102094  
16.3567  1.68598  0.734672  -0.0500387  
1.68598  0.681793  0.101168  -0.195739  
0.734672  0.101168  0.574694  0.0909742  
-0.0500387  -0.195739  0.0909742  0.181512  
13.9457  -3.26731  -0.653767  1.22855  
-3.26731  2.15728  0.747459  -0.661905  
-0.653767  0.747459  1.08888  -0.343794  
1.22855  -0.661905  -0.343794  0.616701  
16.0868  -0.212457  -1.5411  -0.176291  
-0.212457  0.164085  -0.0194339  -0.042634  
-1.5411  -0.0194339  0.307843  0.0271337  
-0.176291  -0.042634  0.0271337  0.156574  
5.99183  1.27906  -2.55127  -0.928691  
1.27906  0.677193  -0.852871  -0.369007  
-2.55127  -0.852871  1.87512  0.510367  
-0.928691  -0.369007  0.510367  0.350158  
13.7661  -4.04158  -0.243787  0.00632239  
-4.04158  1.4317  0.0198044  -0.0985765  
-0.243787  0.0198044  0.341382  -0.145566  
0.00632239  -0.0985765  -0.145566  0.228928  
14.6958  1.48599  1.40411  -1.03575  
1.48599  0.197905  0.158511  -0.16379  
1.40411  0.158511  0.235429  -0.116121  
-1.03575  -0.16379  -0.116121  0.187881  
24.3739  0.386333  0.574603  0.451273  
0.386333  0.0184784  0.0172198  0.0115759  
0.574603  0.0172198  0.0373606  0.0259066  
0.451273  0.0115759  0.0259066  0.0400154  
7.17748  0.0613428  -0.153598  -0.0974085  
0.0613428  0.00743478  0.00184881  0.00193579  
-0.153598  0.00184881  0.024848  0.00477834  
-0.0974085  0.00193579  0.00477834  0.00714599  
8.37138  -0.062465  -0.177029  -0.149993  
-0.062465  0.0076142  0.00755141  0.00332328  
-0.177029  0.00755141  0.0228868  0.00390651  
-0.149993  0.00332328  0.00390651  0.0237231  
