4  8
0.11235  0.111468  0.149283  0.103643  0.12064  0.154434  0.0632936  0.184889  
4.99697  -0.347643  0.795881  3.23406  
14.0777  -0.728517  2.63485  7.37206  
24.901  -1.28583  4.88521  5.8585  
33.6604  -1.67832  6.65159  5.17249  
43.5725  -0.495262  6.25453  5.28981  
54.5183  3.00041  3.15569  6.52594  
69.2959  4.01885  0.753972  7.01684  
70.8607  3.13772  0.884143  7.29936  
6.67507  -0.636148  1.47527  5.62346  
-0.636148  0.0736721  -0.155154  -0.53713  
1.47527  -0.155154  0.393958  1.24409  
5.62346  -0.53713  1.24409  4.76567  
7.63839  0.0318285  1.36589  0.00690149  
0.0318285  0.0510564  -0.024042  -0.00721178  
1.36589  -0.024042  0.378386  -0.00175881  
0.00690149  -0.00721178  -0.00175881  0.124351  
19.4411  -1.65341  4.12392  -2.17271  
-1.65341  0.179771  -0.332221  0.177041  
4.12392  -0.332221  0.975096  -0.496943  
-2.17271  0.177041  -0.496943  0.269007  
14.1215  -1.47657  1.48968  -0.505811  
-1.47657  0.241433  -0.144982  0.0530369  
1.48968  -0.144982  0.170665  -0.0515241  
-0.505811  0.0530369  -0.0515241  0.0260061  
9.8453  3.19767  -1.77494  0.52283  
3.19767  1.37169  -0.755585  0.221158  
-1.77494  -0.755585  0.463113  -0.137638  
0.52283  0.221158  -0.137638  0.059266  
16.291  2.25797  -3.45967  1.45083  
2.25797  0.629067  -0.525952  0.182657  
-3.45967  -0.525952  0.962376  -0.411861  
1.45083  0.182657  -0.411861  0.187961  
32.3835  0.491274  -2.50778  -0.083123  
0.491274  0.110441  0.0149202  -0.0387661  
-2.50778  0.0149202  0.225703  -0.0120651  
-0.083123  -0.0387661  -0.0120651  0.014215  
35.3048  -0.149077  -2.06457  0.169158  
-0.149077  0.0217186  0.00743825  -0.00412763  
-2.06457  0.00743825  0.179917  -0.00864444  
0.169158  -0.00412763  -0.00864444  0.00190421  
