4  8
0.0854763  0.186027  0.104127  0.135643  0.120079  0.0822606  0.116175  0.17021  
5.50063  -0.287916  0.83062  3.4906  
21.6892  -0.656875  1.84784  7.65459  
37.944  1.0378  3.83399  6.47212  
52.3551  0.000703227  6.26552  5.56827  
67.3664  0.514802  3.01548  6.56839  
79.5172  -1.35415  -2.30189  7.28164  
94.6184  -2.53201  -4.43072  6.08116  
104.692  -2.54576  -5.91644  5.05506  
8.2539  -0.534668  1.54661  6.5028  
-0.534668  0.143324  0.080611  -0.43914  
1.54661  0.080611  0.672641  1.19826  
6.5028  -0.43914  1.19826  5.15963  
45.7466  -0.0986782  0.389725  0.648068  
-0.0986782  0.360709  0.592555  -0.0462926  
0.389725  0.592555  1.269  -0.0667925  
0.648068  -0.0462926  -0.0667925  0.0481221  
20.6679  0.545398  2.64012  -2.80733  
0.545398  0.348314  0.0280767  -0.0428623  
2.64012  0.0280767  0.686072  -0.639265  
-2.80733  -0.0428623  -0.639265  0.658354  
23.743  -1.31465  1.77642  0.695215  
-1.31465  0.275239  -0.241421  0.0367681  
1.77642  -0.241421  0.446014  -0.211904  
0.695215  0.0367681  -0.211904  0.311782  
19.1678  0.575066  -8.33531  1.78758  
0.575066  0.29911  -0.109987  -0.0399486  
-8.33531  -0.109987  4.6772  -1.12571  
1.78758  -0.0399486  -1.12571  0.335046  
13.3677  -1.90194  -2.98536  -1.14473  
-1.90194  0.480896  0.336946  0.160402  
-2.98536  0.336946  1.00273  0.244161  
-1.14473  0.160402  0.244161  0.115796  
92.8515  -2.72525  -1.84004  -2.33966  
-2.72525  0.17734  -0.0139339  0.0675452  
-1.84004  -0.0139339  0.293619  0.167812  
-2.33966  0.0675452  0.167812  0.135067  
60.7616  -0.163443  -2.27971  -2.19584  
-0.163443  0.0584144  0.0234771  0.0454484  
-2.27971  0.0234771  0.0992878  0.0997683  
-2.19584  0.0454484  0.0997683  0.11183  
