4,80
1 0.0332424 -0.0874787 -0.13289 
2 -0.0621174 0.133561 0.71012 
3 -0.157575 0.354649 1.55409 
4 -0.253292 0.575871 2.40065 
5 -0.349666 0.79745 3.25407 
6 -0.447563 1.01993 4.12465 
7 -0.548217 1.24442 5.03239 
8 -0.649924 1.4718 5.98937 
9 -0.734614 1.69693 6.88449 
10 -0.767359 1.90335 7.3956 
11 -0.7563 2.08759 7.47817 
12 -0.738732 2.26441 7.43004 
13 -0.72597 2.44141 7.39109 
14 -0.71594 2.61953 7.36902 
15 -0.706322 2.79892 7.34828 
16 -0.69715 2.98092 7.31083 
17 -0.692998 3.1693 7.23065 
18 -0.706712 3.37085 7.07477 
19 -0.75519 3.59013 6.83831 
20 -0.837981 3.8203 6.58141 
21 -0.933761 4.04942 6.36866 
22 -1.02641 4.27385 6.20617 
23 -1.11238 4.49653 6.07201 
24 -1.19222 4.72131 5.94882 
25 -1.26575 4.95108 5.8284 
26 -1.33145 5.18732 5.70836 
27 -1.38742 5.42906 5.59002 
28 -1.43315 5.67115 5.47778 
29 -1.47146 5.9038 5.37796 
30 -1.509 6.11558 5.29601 
31 -1.55382 6.29931 5.23326 
32 -1.61201 6.45572 5.18624 
33 -1.6866 6.59209 5.14897 
34 -1.77926 6.71844 5.11569 
35 -1.89174 6.84429 5.08224 
36 -2.02171 6.97438 5.04711 
37 -2.14586 7.09764 5.01442 
38 -2.19689 7.17213 4.99755 
39 -2.09115 7.14311 5.01245 
40 -1.82235 7.00555 5.05887 
41 -1.46551 6.80863 5.12105 
42 -1.08667 6.59661 5.18608 
43 -0.70974 6.38616 5.2498 
44 -0.33317 6.17673 5.31336 
45 0.0554042 5.95922 5.38094 
46 0.473591 5.71702 5.46036 
47 0.936036 5.42597 5.56406 
48 1.42893 5.06845 5.70341 
49 1.88494 4.66847 5.87081 
50 2.23182 4.29081 6.03561 
51 2.46976 3.97398 6.17549 
52 2.6455 3.7079 6.29184 
53 2.79626 3.46879 6.39481 
54 2.93903 3.24002 6.49224 
55 3.07929 3.0127 6.58847 
56 3.21744 2.78206 6.68567 
57 3.35083 2.54527 6.7848 
58 3.47315 2.30138 6.88536 
59 3.57286 2.05355 6.98429 
60 3.63388 1.81314 7.07426 
61 3.64373 1.60058 7.14453 
62 3.60732 1.43514 7.1875 
63 3.54861 1.31917 7.20581 
64 3.49266 1.23764 7.20984 
65 3.45103 1.17261 7.20918 
66 3.42363 1.11277 7.20878 
67 3.40607 1.05342 7.21007 
68 3.39413 0.99339 7.21294 
69 3.38491 0.932756 7.21695 
70 3.37675 0.871872 7.2217 
71 3.36877 0.811035 7.22693 
72 3.36055 0.750431 7.23251 
73 3.35191 0.690163 7.23836 
74 3.34278 0.630279 7.24442 
75 3.33315 0.570796 7.25069 
76 3.32305 0.511718 7.25714 
77 3.3125 0.453038 7.26375 
78 3.30156 0.394743 7.27052 
79 3.29026 0.336816 7.27743 
80 3.27866 0.279237 7.28445 
