4  8
0.120004  0.214499  0.110545  0.105417  0.14015  0.080796  0.120141  0.108447  
6.5003  -1.42024  -3.62908  2.44015  
23.7009  -2.46685  -6.53888  4.72977  
39.0889  -0.794062  -3.16553  6.44318  
50.2082  0.398649  3.11407  7.02186  
62.527  -0.511695  5.66288  6.1248  
73.8042  -0.796591  4.36359  6.20508  
83.4598  -0.321677  2.98721  6.95995  
94.6912  -0.853585  1.94472  7.56936  
11.9187  -2.9444  -7.57835  5.05053  
-2.9444  0.765584  1.89891  -1.2647  
-7.57835  1.89891  4.98637  -3.20445  
5.05053  -1.2647  -3.20445  2.24534  
47.818  1.14197  1.62027  1.30463  
1.14197  0.118818  0.0444725  0.0803297  
1.62027  0.0444725  0.283429  0.262375  
1.30463  0.0803297  0.262375  0.278634  
26.5889  3.09164  5.15245  1.13698  
3.09164  0.633493  1.12552  0.280239  
5.15245  1.12552  3.04097  0.774798  
1.13698  0.280239  0.774798  0.216972  
20.6798  -0.0673245  4.81637  -0.569851  
-0.0673245  0.203639  -0.00421044  0.0119536  
4.81637  -0.00421044  2.40458  -0.314903  
-0.569851  0.0119536  -0.314903  0.0804427  
25.7349  -0.879247  -0.235571  -0.395869  
-0.879247  0.125638  0.0215119  0.0404391  
-0.235571  0.0215119  0.177464  -0.0973624  
-0.395869  0.0404391  -0.0973624  0.0845987  
17.1524  0.728995  -0.487073  -0.267299  
0.728995  0.111829  -0.146776  0.028772  
-0.487073  -0.146776  0.32448  -0.0781595  
-0.267299  0.028772  -0.0781595  0.0494327  
22.4497  -0.49956  -2.55528  2.23058  
-0.49956  0.542568  0.447974  -0.335467  
-2.55528  0.447974  1.01513  -0.571064  
2.23058  -0.335467  -0.571064  0.446798  
14.0582  0.413952  -1.74373  0.0595713  
0.413952  0.0412702  -0.0363742  0.0131386  
-1.74373  -0.0363742  0.562872  -0.0530911  
0.0595713  0.0131386  -0.0530911  0.0178685  
