4,100
1 -0.103586 -0.234399 0.166622 
2 -0.348478 -0.864854 0.587024 
3 -0.595491 -1.50044 1.01021 
4 -0.844503 -2.14082 1.4359 
5 -1.09562 -2.78618 1.86404 
6 -1.34911 -3.43706 2.29465 
7 -1.6052 -4.09377 2.72739 
8 -1.86358 -4.75513 3.16062 
9 -2.12201 -5.41485 3.58895 
10 -2.37302 -6.05333 3.99813 
11 -2.59825 -6.62365 4.35702 
12 -2.76483 -7.04377 4.61533 
13 -2.83979 -7.2342 4.73041 
14 -2.8253 -7.20526 4.71956 
15 -2.76483 -7.06836 4.65768 
16 -2.70119 -6.92938 4.60755 
17 -2.65091 -6.82712 4.5875 
18 -2.61325 -6.75782 4.59114 
19 -2.58323 -6.7081 4.60823 
20 -2.55698 -6.66787 4.63182 
21 -2.53237 -6.63157 4.65839 
22 -2.5084 -6.59649 4.68658 
23 -2.48459 -6.56123 4.71625 
24 -2.46056 -6.52461 4.74798 
25 -2.43577 -6.48494 4.78302 
26 -2.40923 -6.43948 4.82338 
27 -2.37916 -6.38366 4.87207 
28 -2.34264 -6.31047 4.9331 
29 -2.29538 -6.21026 5.01119 
30 -2.23191 -6.07173 5.1107 
31 -2.14679 -5.88478 5.23371 
32 -2.03654 -5.645 5.37795 
33 -1.90168 -5.35725 5.53607 
34 -1.74705 -5.03514 5.69757 
35 -1.58003 -4.69577 5.85244 
36 -1.40756 -4.35303 5.99432 
37 -1.23412 -4.01306 6.12147 
38 -1.06115 -3.67308 6.23577 
39 -0.887711 -3.32193 6.34122 
40 -0.711748 -2.94144 6.44239 
41 -0.531744 -2.50876 6.54313 
42 -0.348812 -2.00167 6.64508 
43 -0.168614 -1.40852 6.74625 
44 -0.00158179 -0.739696 6.84055 
45 0.140145 -0.0313492 6.9196 
46 0.248011 0.666645 6.97643 
47 0.320527 1.31224 7.00849 
48 0.362297 1.88575 7.01755 
49 0.380256 2.38963 7.00741 
50 0.38025 2.8396 6.98147 
51 0.365316 3.25555 6.94142 
52 0.335374 3.65518 6.88696 
53 0.287888 4.04933 6.81663 
54 0.219666 4.4372 6.72965 
55 0.130012 4.80318 6.62859 
56 0.0239728 5.12026 6.52132 
57 -0.0876076 5.36357 6.41932 
58 -0.192779 5.52508 6.33245 
59 -0.284052 5.61614 6.26477 
60 -0.360073 5.65749 6.2148 
61 -0.423634 5.66841 6.17848 
62 -0.47904 5.66156 6.15176 
63 -0.530563 5.64277 6.13182 
64 -0.581843 5.6122 6.11729 
65 -0.635537 5.56567 6.1081 
66 -0.692587 5.49598 6.10498 
67 -0.750913 5.39576 6.10873 
68 -0.804335 5.26258 6.11892 
69 -0.84362 5.10402 6.13293 
70 -0.860505 4.93704 6.14641 
71 -0.851797 4.77973 6.15542 
72 -0.819743 4.64231 6.15848 
73 -0.769167 4.5248 6.1571 
74 -0.704844 4.41995 6.1553 
75 -0.6309 4.31713 6.15922 
76 -0.55182 4.20533 6.17668 
77 -0.473722 4.07595 6.2158 
78 -0.404424 3.92587 6.28217 
79 -0.351388 3.75928 6.37559 
80 -0.318719 3.58581 6.48952 
81 -0.305876 3.41568 6.61431 
82 -0.309222 3.25565 6.74163 
83 -0.324793 3.10817 6.86683 
84 -0.350418 2.97312 6.98875 
85 -0.386669 2.84983 7.10817 
86 -0.436734 2.73852 7.22575 
87 -0.504605 2.64037 7.33947 
88 -0.590382 2.55568 7.44231 
89 -0.684442 2.48065 7.52328 
90 -0.768447 2.40654 7.57446 
91 -0.826792 2.32445 7.59798 
92 -0.855873 2.23049 7.60364 
93 -0.8615 2.12582 7.60135 
94 -0.851742 2.01349 7.59721 
95 -0.832962 1.89634 7.59389 
96 -0.809196 1.77631 7.59213 
97 -0.782748 1.65462 7.59188 
98 -0.754876 1.53198 7.59285 
99 -0.72625 1.40878 7.59473 
100 -0.697224 1.28526 7.59728 
