4,100
1 -2.61992 -6.60807 4.49779 
2 -2.33278 -5.90383 4.00534 
3 -2.04529 -5.19878 3.51224 
4 -1.75681 -4.49152 3.01738 
5 -1.46562 -3.77819 2.51765 
6 -1.16738 -3.04924 2.00537 
7 -0.853998 -2.28666 1.46605 
8 -0.523149 -1.48517 0.89541 
9 -0.224716 -0.754432 0.381721 
10 -0.0613292 -0.320966 0.107253 
11 -0.018787 -0.154601 0.0474254 
12 -0.0073975 -0.0590381 0.0435168 
13 0.0091485 0.0431888 0.0317722 
14 0.0345544 0.154754 0.00732627 
15 0.0663074 0.260319 -0.0219965 
16 0.0992344 0.337684 -0.0427761 
17 0.124677 0.369761 -0.0391225 
18 0.136748 0.36543 -0.00718003 
19 0.138253 0.350183 0.04122 
20 0.135274 0.338714 0.0944458 
21 0.131826 0.332889 0.148327 
22 0.130341 0.331535 0.202801 
23 0.133619 0.335404 0.258801 
24 0.146131 0.34842 0.31713 
25 0.17424 0.377616 0.377882 
26 0.22442 0.431282 0.439769 
27 0.299246 0.51448 0.499852 
28 0.394179 0.62475 0.554523 
29 0.499586 0.753382 0.60126 
30 0.606717 0.892229 0.63933 
31 0.71169 1.03979 0.668842 
32 0.814982 1.20315 0.689342 
33 0.918166 1.39685 0.699103 
34 1.01927 1.63824 0.695738 
35 1.108 1.93576 0.678599 
36 1.16541 2.27211 0.65198 
37 1.17398 2.60156 0.624709 
38 1.1304 2.87647 0.603711 
39 1.04522 3.07547 0.588187 
40 0.931754 3.20212 0.570504 
41 0.798846 3.26722 0.540389 
42 0.651235 3.27745 0.488227 
43 0.492892 3.23435 0.407444 
44 0.329642 3.13864 0.296762 
45 0.169506 2.99511 0.161471 
46 0.0207679 2.81421 0.0121667 
47 -0.110602 2.60914 -0.138918 
48 -0.22205 2.39103 -0.281487 
49 -0.31343 2.16576 -0.408233 
50 -0.385003 1.93416 -0.513328 
51 -0.436067 1.69527 -0.590363 
52 -0.465323 1.45061 -0.632251 
53 -0.473 1.20712 -0.634427 
54 -0.462934 0.975599 -0.599188 
55 -0.442133 0.765149 -0.536345 
56 -0.417888 0.578711 -0.458683 
57 -0.395214 0.413182 -0.376538 
58 -0.376379 0.262408 -0.295575 
59 -0.361824 0.119685 -0.217514 
60 -0.351176 -0.0213474 -0.141762 
61 -0.343676 -0.166769 -0.066847 
62 -0.337775 -0.322056 0.00827228 
63 -0.329815 -0.489809 0.0824243 
64 -0.312283 -0.66441 0.149826 
65 -0.273746 -0.826142 0.198947 
66 -0.203551 -0.943859 0.21652 
67 -0.0995014 -0.992019 0.196516 
68 0.0299611 -0.967545 0.145105 
69 0.171785 -0.887813 0.0760418 
70 0.314432 -0.776588 0.00366903 
71 0.448249 -0.65492 -0.0590089 
72 0.56134 -0.540905 -0.0976629 
73 0.634294 -0.453144 -0.0935547 
74 0.639265 -0.411121 -0.0261014 
75 0.553043 -0.425881 0.112365 
76 0.383035 -0.485003 0.297917 
77 0.173268 -0.554894 0.482829 
78 -0.0282321 -0.606031 0.630547 
79 -0.19813 -0.629284 0.732924 
80 -0.334354 -0.630962 0.798306 
81 -0.439683 -0.624108 0.835118 
82 -0.509118 -0.626166 0.842205 
83 -0.524896 -0.658458 0.805196 
84 -0.468465 -0.734931 0.705636 
85 -0.352783 -0.839046 0.54873 
86 -0.228675 -0.926507 0.373882 
87 -0.138635 -0.963132 0.219335 
88 -0.0888966 -0.937567 0.0966233 
89 -0.0627576 -0.842649 0.00159588 
90 -0.0370771 -0.669944 -0.0683083 
91 0.00353783 -0.442043 -0.108432 
92 0.0511535 -0.233895 -0.118516 
93 0.0868013 -0.100237 -0.111802 
94 0.10555 -0.0293432 -0.101484 
95 0.113162 0.00998955 -0.0922886 
96 0.115402 0.0370658 -0.0844485 
97 0.115428 0.0599998 -0.0773535 
98 0.114622 0.0816527 -0.0705735 
99 0.113525 0.102936 -0.0639067 
100 0.112329 0.12412 -0.0572752 
