4,95
1 3.41208 -0.159938 7.35919 
2 3.04245 -0.0990517 6.56958 
3 2.67276 -0.038168 5.77981 
4 2.30295 0.0227108 4.9897 
5 1.93281 0.0835733 4.19862 
6 1.5614 0.144307 3.40407 
7 1.1842 0.203851 2.59445 
8 0.789553 0.25509 1.73769 
9 0.411605 0.277169 0.896131 
10 0.198483 0.284674 0.410876 
11 0.102762 0.322588 0.200032 
12 0.018564 0.385515 0.0144075 
13 -0.0628425 0.472259 -0.186275 
14 -0.11746 0.605745 -0.373606 
15 -0.121021 0.798318 -0.477336 
16 -0.116881 0.973208 -0.491201 
17 -0.145996 1.09264 -0.500074 
18 -0.192516 1.1926 -0.523087 
19 -0.245338 1.29247 -0.552146 
20 -0.304049 1.39769 -0.584866 
21 -0.372311 1.51099 -0.62213 
22 -0.456508 1.63441 -0.665533 
23 -0.565685 1.76745 -0.716118 
24 -0.709629 1.90298 -0.772446 
25 -0.892646 2.02267 -0.827958 
26 -1.10446 2.09863 -0.870378 
27 -1.31852 2.10744 -0.886996 
28 -1.50598 2.04636 -0.872973 
29 -1.65244 1.93209 -0.833256 
30 -1.75944 1.78488 -0.776784 
31 -1.83457 1.61632 -0.710728 
32 -1.88192 1.42701 -0.638751 
33 -1.89672 1.20993 -0.561926 
34 -1.86413 0.958408 -0.480701 
35 -1.76613 0.679202 -0.397305 
36 -1.59911 0.402246 -0.316961 
37 -1.38665 0.168329 -0.245507 
38 -1.16607 0.000676882 -0.185302 
39 -0.963714 -0.105082 -0.134558 
40 -0.787171 -0.167088 -0.0899229 
41 -0.632462 -0.202705 -0.0486536 
42 -0.491711 -0.223286 -0.0095475 
43 -0.357284 -0.234078 0.0258568 
44 -0.22633 -0.234961 0.0505554 
45 -0.10887 -0.222897 0.051921 
46 -0.0249298 -0.199417 0.0252904 
47 0.021705 -0.173103 -0.0141133 
48 0.0475171 -0.149307 -0.0492636 
49 0.0666024 -0.126032 -0.0747506 
50 0.082971 -0.0976732 -0.0900234 
51 0.0927686 -0.0580622 -0.0918855 
52 0.0847269 -0.00613567 -0.0718348 
53 0.0441965 0.041103 -0.0218813 
54 -0.028928 0.0474485 0.0489108 
55 -0.111558 -0.00588668 0.115064 
56 -0.182987 -0.102281 0.162135 
57 -0.239231 -0.21953 0.193141 
58 -0.282671 -0.347347 0.216064 
59 -0.313016 -0.483374 0.238239 
60 -0.325038 -0.625509 0.267235 
61 -0.311493 -0.76547 0.311223 
62 -0.271571 -0.888223 0.374396 
63 -0.216186 -0.982601 0.451414 
64 -0.159178 -1.05044 0.531157 
65 -0.106969 -1.1004 0.604961 
66 -0.0596387 -1.13873 0.668161 
67 -0.0161345 -1.16734 0.71743 
68 0.0231836 -1.18577 0.749266 
69 0.0564727 -1.19317 0.760314 
70 0.0812788 -1.18943 0.7484 
71 0.0955245 -1.17563 0.713336 
72 0.0982351 -1.15396 0.65697 
73 0.0898671 -1.12746 0.582472 
74 0.072339 -1.0997 0.493377 
75 0.0490025 -1.07468 0.393402 
76 0.0246391 -1.0563 0.288348 
77 0.00491819 -1.04638 0.190503 
78 -0.00580998 -1.04056 0.121009 
79 -0.00747227 -1.02639 0.100461 
80 -0.00311522 -0.989452 0.131487 
81 0.0071775 -0.921271 0.196701 
82 0.0302528 -0.818843 0.273341 
83 0.0785422 -0.680383 0.342741 
84 0.164537 -0.506623 0.389701 
85 0.290236 -0.309106 0.401624 
86 0.436012 -0.116453 0.373945 
87 0.565482 0.0366138 0.31631 
88 0.650092 0.132369 0.247404 
89 0.685144 0.17715 0.182147 
90 0.682331 0.188195 0.126157 
91 0.656077 0.180788 0.0788174 
92 0.617034 0.164468 0.0375413 
93 0.571539 0.144196 -5.93537e-05 
94 0.522956 0.122286 -0.0356235 
95 0.472953 0.0997341 -0.0701293 
