4,75
1 -0.0445695 -0.0262913 -0.000673542 
2 -0.993878 0.198704 -0.0918844 
3 -1.95252 0.424565 -0.183977 
4 -2.92114 0.651296 -0.277244 
5 -3.90223 0.879022 -0.372357 
6 -4.89969 1.10787 -0.470665 
7 -5.91639 1.33755 -0.574732 
8 -6.94333 1.56596 -0.689016 
9 -7.92696 1.78553 -0.819191 
10 -8.71682 1.97887 -0.965345 
11 -9.11388 2.12744 -1.10896 
12 -9.12565 2.2388 -1.22225 
13 -8.98712 2.34106 -1.30127 
14 -8.86146 2.44939 -1.36126 
15 -8.77623 2.56407 -1.41429 
16 -8.71529 2.68203 -1.46536 
17 -8.6644 2.80126 -1.51596 
18 -8.6169 2.92091 -1.56649 
19 -8.57037 3.04067 -1.61703 
20 -8.52416 3.16048 -1.66766 
21 -8.47819 3.28036 -1.71856 
22 -8.43279 3.40042 -1.77021 
23 -8.3888 3.52106 -1.82366 
24 -8.34818 3.64337 -1.88109 
25 -8.31472 3.77015 -1.94596 
26 -8.29427 3.90795 -2.02116 
27 -8.29153 4.06962 -2.10079 
28 -8.29856 4.27314 -2.15157 
29 -8.27896 4.52724 -2.10136 
30 -8.17947 4.81003 -1.88251 
31 -7.97915 5.07942 -1.50501 
32 -7.70411 5.31087 -1.04059 
33 -7.39081 5.50609 -0.550176 
34 -7.06105 5.6765 -0.0588282 
35 -6.72176 5.83173 0.432201 
36 -6.37031 5.97653 0.933286 
37 -5.99721 6.10997 1.46182 
38 -5.58712 6.22286 2.03983 
39 -5.12382 6.29366 2.68382 
40 -4.60881 6.29005 3.37533 
41 -4.0879 6.192 4.02915 
42 -3.63771 6.02461 4.53313 
43 -3.29884 5.84309 4.85115 
44 -3.05244 5.68248 5.0356 
45 -2.86104 5.54538 5.15382 
46 -2.69905 5.42044 5.24758 
47 -2.55591 5.2962 5.33543 
48 -2.43067 5.16524 5.42354 
49 -2.32757 5.02525 5.51211 
50 -2.25285 4.88036 5.59758 
51 -2.21121 4.7427 5.67333 
52 -2.20124 4.63176 5.731 
53 -2.2124 4.56845 5.76371 
54 -2.22725 4.56545 5.76986 
55 -2.22871 4.62126 5.75405 
56 -2.20674 4.72294 5.72447 
57 -2.15966 4.85379 5.68909 
58 -2.09171 4.99886 5.65368 
59 -2.01018 5.14644 5.62162 
60 -1.92389 5.2871 5.59438 
61 -1.84235 5.41294 5.57208 
62 -1.77458 5.51778 5.55371 
63 -1.72749 5.59827 5.53752 
64 -1.70429 5.65471 5.52145 
65 -1.70426 5.69065 5.50376 
66 -1.72373 5.7114 5.4833 
67 -1.75783 5.72242 5.45966 
68 -1.80184 5.7282 5.43292 
69 -1.85197 5.73189 5.40346 
70 -1.90548 5.73548 5.37178 
71 -1.9606 5.74 5.33834 
72 -2.01626 5.74594 5.30356 
73 -2.07183 5.75342 5.26776 
74 -2.12701 5.76236 5.23119 
75 -2.18168 5.77264 5.19405 
