4,75
1 -9.1055 1.99921 -0.755916 
2 -8.11199 1.81701 -0.715043 
3 -7.11707 1.63471 -0.674096 
4 -6.11899 1.45226 -0.632978 
5 -5.11384 1.26962 -0.591488 
6 -4.09363 1.0871 -0.549253 
7 -3.04487 0.906896 -0.505854 
8 -1.95975 0.738427 -0.462105 
9 -0.900453 0.609903 -0.425015 
10 -0.102719 0.560906 -0.412507 
11 0.242727 0.572908 -0.432823 
12 0.327898 0.577682 -0.467132 
13 0.379035 0.55444 -0.500635 
14 0.450463 0.516139 -0.531988 
15 0.529183 0.475969 -0.563136 
16 0.593874 0.443728 -0.59484 
17 0.620886 0.430414 -0.62489 
18 0.579572 0.452446 -0.644404 
19 0.437062 0.531178 -0.630943 
20 0.193582 0.676626 -0.546455 
21 -0.0643977 0.855371 -0.363163 
22 -0.204188 0.99833 -0.105056 
23 -0.178654 1.06828 0.171949 
24 -0.0363861 1.07944 0.435276 
25 0.162637 1.05927 0.681735 
26 0.38382 1.02582 0.917756 
27 0.612529 0.987426 1.14886 
28 0.843549 0.947249 1.378 
29 1.07522 0.906174 1.60646 
30 1.30701 0.864027 1.83466 
31 1.5386 0.819769 2.06255 
32 1.76934 0.771034 2.28952 
33 1.99741 0.713034 2.51363 
34 2.2182 0.636643 2.72987 
35 2.42079 0.525812 2.92635 
36 2.58219 0.355902 3.07789 
37 2.66138 0.098461 3.13946 
38 2.60433 -0.257886 3.05144 
39 2.37682 -0.672608 2.7756 
40 2.01105 -1.04705 2.34655 
41 1.60024 -1.28581 1.86634 
42 1.23059 -1.36122 1.42994 
43 0.937007 -1.30489 1.07621 
44 0.714732 -1.16351 0.800295 
45 0.545521 -0.973263 0.582273 
46 0.412273 -0.756027 0.403229 
47 0.303233 -0.523313 0.24988 
48 0.212181 -0.280689 0.114703 
49 0.138107 -0.0314169 -0.00449141 
50 0.0854608 0.219487 -0.104213 
51 0.0640531 0.45919 -0.174691 
52 0.0849639 0.660497 -0.202439 
53 0.148222 0.78582 -0.181439 
54 0.23085 0.813794 -0.127709 
55 0.297985 0.764121 -0.0740589 
56 0.329399 0.680262 -0.0448269 
57 0.326195 0.59508 -0.044513 
58 0.298661 0.521203 -0.0663943 
59 0.256202 0.459154 -0.102214 
60 0.204253 0.405229 -0.145661 
61 0.144105 0.354616 -0.192032 
62 0.0728718 0.301378 -0.236262 
63 -0.0162237 0.237289 -0.269765 
64 -0.129351 0.152775 -0.277499 
65 -0.257872 0.0456972 -0.242826 
66 -0.367052 -0.0658065 -0.167468 
67 -0.421371 -0.153176 -0.0804578 
68 -0.418983 -0.20532 -0.0100949 
69 -0.380614 -0.230362 0.0365404 
70 -0.325019 -0.239938 0.0649369 
71 -0.262432 -0.241818 0.0820218 
72 -0.197343 -0.240063 0.0926327 
73 -0.13151 -0.23661 0.0996163 
74 -0.0655642 -0.232356 0.104556 
75 0.000297528 -0.227719 0.10832 
