3,3,75
0.0500741 -0.00576218 0.00220759 
-0.00576218 0.0232511 -0.00432132 
0.00220759 -0.00432132 0.0139933 
0.0499757 -0.00574967 0.00220284 
-0.00574967 0.0232089 -0.00431379 
0.00220284 -0.00431379 0.0139721 
0.04973 -0.005718 0.00219085 
-0.005718 0.0231045 -0.00429534 
0.00219085 -0.00429534 0.0139213 
0.0492642 -0.0056563 0.00216753 
-0.0056563 0.0229115 -0.00426173 
0.00216753 -0.00426173 0.0138339 
0.0484302 -0.00554 0.0021238 
-0.00554 0.0225827 -0.00420628 
0.0021238 -0.00420628 0.0137082 
0.0469524 -0.00531338 0.00203926 
-0.00531338 0.0220589 -0.00412469 
0.00203926 -0.00412469 0.0135938 
0.0443904 -0.00484273 0.00186604 
-0.00484273 0.0213741 -0.0040464 
0.00186604 -0.0040464 0.0138058 
0.0403976 -0.00378936 0.00148643 
-0.00378936 0.0212256 -0.00418422 
0.00148643 -0.00418422 0.0158246 
0.036366 -0.00131661 0.000620129 
-0.00131661 0.0251221 -0.00546796 
0.000620129 -0.00546796 0.0253004 
0.0393988 0.00411129 -0.00122632 
0.00411128 0.0431191 -0.0104219 
-0.00122632 -0.0104219 0.056638 
0.0591354 0.0130565 -0.00420085 
0.0130565 0.0844922 -0.0212356 
-0.00420085 -0.0212356 0.121353 
0.0877984 0.0221173 -0.00717355 
0.0221172 0.133292 -0.0337477 
-0.00717355 -0.0337477 0.194593 
0.107768 0.0276352 -0.00897224 
0.0276352 0.165008 -0.0418196 
-0.00897224 -0.0418196 0.241426 
0.116531 0.0299399 -0.00972154 
0.0299399 0.178591 -0.0452667 
-0.00972154 -0.0452667 0.261361 
0.119476 0.030702 -0.00996907 
0.0307019 0.18312 -0.0464152 
-0.00996907 -0.0464152 0.267994 
0.120318 0.0309188 -0.0100395 
0.0309188 0.184412 -0.0467427 
-0.0100395 -0.0467427 0.269886 
0.120532 0.0309737 -0.0100573 
0.0309737 0.184739 -0.0468257 
-0.0100573 -0.0468257 0.270365 
0.12058 0.0309862 -0.0100614 
0.0309861 0.184814 -0.0468445 
-0.0100614 -0.0468445 0.270474 
0.120588 0.0309882 -0.010062 
0.0309882 0.184826 -0.0468476 
-0.010062 -0.0468476 0.270491 
0.120582 0.0309866 -0.0100615 
0.0309866 0.184816 -0.0468452 
-0.0100615 -0.0468452 0.270477 
0.120555 0.0309795 -0.0100592 
0.0309795 0.184774 -0.0468345 
-0.0100592 -0.0468345 0.270416 
0.120464 0.0309564 -0.0100516 
0.0309564 0.184635 -0.0467993 
-0.0100516 -0.0467993 0.270213 
0.120188 0.0308858 -0.0100275 
0.0308858 0.18421 -0.0466913 
-0.0100275 -0.0466913 0.269591 
0.119397 0.0306865 -0.00995316 
0.0306865 0.182984 -0.0463784 
-0.00995316 -0.0463784 0.267797 
0.117333 0.0301862 -0.00971541 
0.0301861 0.179704 -0.0455311 
-0.00971541 -0.0455311 0.263007 
0.112697 0.0291982 -0.00888606 
0.0291982 0.17182 -0.0434242 
-0.00888606 -0.0434242 0.251532 
0.105223 0.0284236 -0.00577015 
0.0284236 0.155979 -0.0387985 
-0.00577015 -0.0387985 0.228709 
0.103046 0.032852 0.00525966 
0.032852 0.133553 -0.0304566 
0.00525966 -0.0304566 0.197455 
0.132759 0.0555999 0.0356474 
0.0555999 0.12126 -0.0192888 
0.0356474 -0.0192888 0.18421 
0.219566 0.107121 0.09194 
0.107121 0.142508 -0.00910917 
0.09194 -0.00910917 0.224479 
0.342089 0.174466 0.159709 
0.174466 0.19306 -0.00281629 
0.159709 -0.00281629 0.309723 
0.45277 0.233457 0.216917 
0.233457 0.245784 9.6016e-05 
0.216917 9.6016e-05 0.396476 
0.528651 0.273344 0.254939 
0.273344 0.284048 0.00125775 
0.254939 0.00125775 0.458874 
0.57177 0.295852 0.27624 
0.295852 0.306345 0.00168773 
0.27624 0.00168773 0.495087 
0.589898 0.30524 0.285173 
0.30524 0.315828 0.00178015 
0.285173 0.00178015 0.510423 
0.586877 0.30347 0.283824 
0.30347 0.314296 0.0015537 
0.283824 0.0015537 0.507772 
0.560322 0.288906 0.27121 
0.288906 0.300687 0.000575828 
0.27121 0.000575828 0.485084 
0.502556 0.256125 0.244004 
0.256125 0.271981 -0.00276355 
0.244004 -0.00276355 0.436246 
0.408033 0.197964 0.200605 
0.197964 0.228501 -0.0131842 
0.200605 -0.0131842 0.358147 
0.292983 0.113853 0.151101 
0.113853 0.185834 -0.0404647 
0.151101 -0.0404647 0.268378 
0.20606 0.0211056 0.120981 
0.0211056 0.1761 -0.0930915 
0.120981 -0.0930915 0.212144 
0.181822 -0.052962 0.124603 
-0.052962 0.210628 -0.160678 
0.124603 -0.160678 0.215622 
0.197187 -0.0965383 0.144876 
-0.0965383 0.258907 -0.217336 
0.144876 -0.217336 0.249463 
0.214973 -0.11613 0.160641 
-0.11613 0.291394 -0.249319 
0.160641 -0.249319 0.276503 
0.221403 -0.121646 0.16592 
-0.121646 0.303136 -0.259882 
0.16592 -0.259882 0.286013 
0.217082 -0.119289 0.162619 
-0.119289 0.300058 -0.256513 
0.162619 -0.256513 0.28127 
0.204614 -0.111768 0.15298 
-0.111768 0.287845 -0.244349 
0.15298 -0.244349 0.266482 
0.185364 -0.099823 0.137971 
-0.099823 0.270564 -0.226294 
0.137971 -0.226294 0.244058 
0.160098 -0.0834098 0.117958 
-0.0834098 0.252789 -0.205056 
0.117958 -0.205056 0.215946 
0.130396 -0.0626272 0.0937914 
-0.0626272 0.242009 -0.185175 
0.0937914 -0.185175 0.185629 
0.0997901 -0.0385275 0.0677349 
-0.0385275 0.249165 -0.173872 
0.0677349 -0.173872 0.159317 
0.0734702 -0.0135105 0.0434811 
-0.0135106 0.284514 -0.178832 
0.0434811 -0.178832 0.144568 
0.0558391 0.00923976 0.0246552 
0.00923974 0.348927 -0.202636 
0.0246552 -0.202636 0.145677 
0.0476486 0.0271317 0.0127523 
0.0271317 0.428538 -0.23868 
0.0127523 -0.23868 0.159595 
0.0459284 0.039172 0.00666331 
0.039172 0.501147 -0.274355 
0.00666332 -0.274355 0.17758 
0.0467103 0.0457898 0.00413769 
0.0457898 0.548807 -0.298709 
0.0041377 -0.298709 0.191109 
0.0474033 0.0480206 0.00333319 
0.0480206 0.564122 -0.306771 
0.00333319 -0.306771 0.195748 
0.047305 0.0469064 0.00330678 
0.0469064 0.548292 -0.298815 
0.00330679 -0.298815 0.191086 
0.0471601 0.0433501 0.00381784 
0.0433501 0.507287 -0.278235 
0.00381785 -0.278235 0.179265 
0.0486996 0.0382346 0.00502947 
0.0382346 0.450117 -0.250442 
0.00502947 -0.250442 0.164085 
0.054178 0.032553 0.0072754 
0.0325529 0.388365 -0.222403 
0.0072754 -0.222403 0.150494 
0.0655926 0.0273592 0.0108402 
0.0273592 0.334562 -0.201426 
0.0108402 -0.201426 0.143525 
0.0836711 0.023513 0.0157485 
0.023513 0.298645 -0.192857 
0.0157485 -0.192857 0.146545 
0.107287 0.0214049 0.0216684 
0.0214049 0.284541 -0.198077 
0.0216684 -0.198077 0.159849 
0.133858 0.0209001 0.028014 
0.0209001 0.289683 -0.214458 
0.028014 -0.214458 0.180807 
0.160447 0.0215327 0.0341721 
0.0215327 0.307629 -0.237253 
0.0341721 -0.237253 0.205431 
0.184769 0.0227742 0.0396934 
0.0227742 0.331504 -0.261835 
0.0396934 -0.261835 0.230082 
0.20559 0.0242103 0.0443569 
0.0242103 0.356141 -0.284979 
0.0443569 -0.284979 0.252382 
0.222595 0.0255887 0.048131 
0.0255887 0.378577 -0.305038 
0.048131 -0.305038 0.271255 
0.236049 0.0267911 0.0510983 
0.0267911 0.397586 -0.321539 
0.0510983 -0.321539 0.286546 
0.246481 0.0277841 0.0533888 
0.0277841 0.413007 -0.334674 
0.0533888 -0.334674 0.298597 
0.254476 0.028578 0.0551386 
0.028578 0.425196 -0.344925 
0.0551386 -0.344925 0.307938 
0.260568 0.029201 0.0564688 
0.029201 0.434687 -0.352838 
0.0564688 -0.352838 0.315113 
0.265204 0.0296851 0.0574795 
0.0296851 0.442023 -0.358917 
0.0574795 -0.358917 0.320606 
0.268738 0.0300598 0.058249 
0.0300598 0.447678 -0.363582 
0.058249 -0.363582 0.324812 
