4,110
1 -0.0379944 0.256481 0.250252 
2 -0.109114 0.793363 0.756534 
3 -0.180292 1.33137 1.26397 
4 -0.251541 1.8709 1.77298 
5 -0.322872 2.41251 2.28416 
6 -0.394276 2.95688 2.79826 
7 -0.465695 3.5047 3.31608 
8 -0.536934 4.05611 3.83805 
9 -0.607458 4.60921 4.3627 
10 -0.675958 5.15617 4.88307 
11 -0.739605 5.67513 5.37878 
12 -0.79331 6.11918 5.80479 
13 -0.830809 6.41757 6.09165 
14 -0.849802 6.51984 6.18723 
15 -0.856869 6.45947 6.12032 
16 -0.86277 6.33475 5.98522 
17 -0.873715 6.2224 5.85829 
18 -0.890171 6.14586 5.76481 
19 -0.910331 6.09901 5.70081 
20 -0.932483 6.06967 5.65594 
21 -0.955675 6.0483 5.62229 
22 -0.979728 6.02888 5.59551 
23 -1.00524 6.00761 5.57376 
24 -1.03376 5.98172 5.55655 
25 -1.0682 5.94875 5.5438 
26 -1.11335 5.90637 5.53501 
27 -1.17632 5.85275 5.52838 
28 -1.26612 5.7875 5.51987 
29 -1.39186 5.71304 5.50283 
30 -1.55911 5.63541 5.46887 
31 -1.76609 5.56342 5.41053 
32 -2.00296 5.50571 5.32434 
33 -2.25539 5.46762 5.21208 
34 -2.51021 5.44997 5.07918 
35 -2.75903 5.45021 4.93189 
36 -2.99869 5.46446 4.77511 
37 -3.22983 5.48904 4.61152 
38 -3.4552 5.5212 4.44164 
39 -3.67855 5.5592 4.26404 
40 -3.90411 5.60213 4.07558 
41 -4.13638 5.64959 3.87139 
42 -4.38005 5.70127 3.6449 
43 -4.63961 5.75647 3.38813 
44 -4.91845 5.81339 3.09284 
45 -5.21703 5.86844 2.7532 
46 -5.53067 5.91578 2.36984 
47 -5.84804 5.94801 1.95401 
48 -6.15268 5.95821 1.52803 
49 -6.42798 5.94262 1.11961 
50 -6.66328 5.90209 0.75211 
51 -6.85668 5.8412 0.437298 
52 -7.01353 5.76582 0.174691 
53 -7.14255 5.68106 -0.0441053 
54 -7.25254 5.59017 -0.230298 
55 -7.35073 5.49452 -0.394549 
56 -7.44242 5.39393 -0.545586 
57 -7.53125 5.28701 -0.690043 
58 -7.61967 5.17143 -0.832778 
59 -7.70925 5.04409 -0.977231 
60 -7.80089 4.90129 -1.12559 
61 -7.8948 4.73913 -1.2787 
62 -7.99037 4.55415 -1.43571 
63 -8.08598 4.34453 -1.59355 
64 -8.1788 4.11155 -1.74656 
65 -8.26499 3.86088 -1.88672 
66 -8.34031 3.60301 -2.00482 
67 -8.40111 3.35177 -2.09263 
68 -8.44542 3.12127 -2.14508 
69 -8.47344 2.9225 -2.16154 
70 -8.48732 2.76129 -2.14542 
71 -8.49031 2.63828 -2.10259 
72 -8.48597 2.55045 -2.03958 
73 -8.47751 2.49318 -1.9623 
74 -8.46754 2.46179 -1.87548 
75 -8.4581 2.45252 -1.78283 
76 -8.45074 2.46286 -1.68739 
77 -8.44664 2.49135 -1.59211 
78 -8.44666 2.53719 -1.50026 
79 -8.45125 2.59954 -1.41568 
80 -8.46036 2.67681 -1.34265 
81 -8.47338 2.76614 -1.28527 
82 -8.48912 2.86333 -1.24664 
83 -8.50604 2.96331 -1.22806 
84 -8.52255 3.06107 -1.22872 
85 -8.53731 3.1526 -1.24602 
86 -8.54948 3.23535 -1.27633 
87 -8.55869 3.30836 -1.31586 
88 -8.56496 3.37186 -1.36123 
89 -8.56857 3.42684 -1.40986 
90 -8.56996 3.47459 -1.45987 
91 -8.56958 3.51638 -1.51004 
92 -8.56794 3.55315 -1.55943 
93 -8.56562 3.58515 -1.60702 
94 -8.56345 3.61143 -1.65102 
95 -8.56266 3.62894 -1.68787 
96 -8.56502 3.63187 -1.71125 
97 -8.57249 3.61251 -1.71264 
98 -8.58596 3.56589 -1.68568 
99 -8.60375 3.49624 -1.63301 
100 -8.62209 3.41721 -1.56749 
101 -8.63754 3.34323 -1.50395 
102 -8.64869 3.28192 -1.45109 
103 -8.6558 3.23414 -1.41075 
104 -8.65982 3.1975 -1.38116 
105 -8.66166 3.16905 -1.3597 
106 -8.66203 3.14637 -1.34407 
107 -8.6614 3.12772 -1.3326 
108 -8.66008 3.11198 -1.32418 
109 -8.65825 3.09846 -1.31814 
110 -8.65602 3.08679 -1.31411 
