4,110
1 -0.753025 5.65818 5.35506 
2 -0.674302 5.07708 4.80281 
3 -0.59175 4.4784 4.23387 
4 -0.50633 3.86685 3.65275 
5 -0.418309 3.24408 3.06105 
6 -0.327532 2.6102 2.45897 
7 -0.233793 1.9659 1.84733 
8 -0.137888 1.31816 1.23314 
9 -0.0446181 0.695105 0.643749 
10 0.0318319 0.169607 0.149183 
11 0.0685518 -0.152227 -0.149712 
12 0.0559208 -0.241679 -0.227341 
13 0.0135759 -0.207479 -0.188949 
14 -0.0346198 -0.162413 -0.14197 
15 -0.0796685 -0.141597 -0.119072 
16 -0.121553 -0.139667 -0.114575 
17 -0.161875 -0.14664 -0.118716 
18 -0.201683 -0.156838 -0.126011 
19 -0.241468 -0.167927 -0.134249 
20 -0.281486 -0.179076 -0.142697 
21 -0.321957 -0.189932 -0.151147 
22 -0.363181 -0.200213 -0.159554 
23 -0.405609 -0.209532 -0.16795 
24 -0.449931 -0.217294 -0.176453 
25 -0.497177 -0.222574 -0.185347 
26 -0.548832 -0.223981 -0.195228 
27 -0.606918 -0.219508 -0.20724 
28 -0.67395 -0.206454 -0.223411 
29 -0.752578 -0.181596 -0.247032 
30 -0.844631 -0.141888 -0.282831 
31 -0.949496 -0.0859456 -0.336471 
32 -1.06234 -0.0160281 -0.412875 
33 -1.17372 0.060777 -0.513629 
34 -1.27205 0.133911 -0.635125 
35 -1.34805 0.19322 -0.769389 
36 -1.39802 0.232668 -0.907351 
37 -1.42375 0.251317 -1.04203 
38 -1.43004 0.251754 -1.16971 
39 -1.42226 0.237875 -1.28936 
40 -1.40486 0.213348 -1.4014 
41 -1.381 0.180946 -1.5067 
42 -1.35265 0.142428 -1.60592 
43 -1.32082 0.0986352 -1.69909 
44 -1.28576 0.0496211 -1.78528 
45 -1.24708 -0.00523213 -1.86219 
46 -1.20387 -0.067098 -1.92572 
47 -1.15466 -0.137495 -1.96941 
48 -1.09771 -0.217838 -1.98421 
49 -1.03139 -0.308588 -1.9592 
50 -0.955037 -0.408039 -1.8842 
51 -0.870035 -0.511254 -1.75451 
52 -0.780371 -0.610277 -1.57599 
53 -0.69187 -0.696375 -1.36606 
54 -0.610117 -0.763339 -1.14816 
55 -0.538488 -0.809488 -0.942916 
56 -0.477591 -0.837134 -0.762245 
57 -0.426066 -0.850539 -0.609135 
58 -0.381758 -0.854037 -0.480815 
59 -0.342563 -0.85107 -0.372182 
60 -0.306791 -0.843971 -0.278021 
61 -0.273232 -0.83411 -0.193998 
62 -0.241084 -0.822115 -0.116898 
63 -0.209853 -0.808035 -0.0445412 
64 -0.179277 -0.791418 0.0243882 
65 -0.149274 -0.771302 0.0904804 
66 -0.11993 -0.746122 0.153658 
67 -0.0915206 -0.713574 0.21314 
68 -0.0645572 -0.670483 0.267307 
69 -0.0398593 -0.612784 0.313532 
70 -0.0186072 -0.535863 0.348056 
71 -0.00230618 -0.435567 0.3662 
72 0.00745444 -0.310149 0.363231 
73 0.00953116 -0.16281 0.336115 
74 0.00392697 -0.00340711 0.285704 
75 -0.00776983 0.152739 0.2179 
76 -0.0226858 0.289511 0.142398 
77 -0.0376546 0.395519 0.0693423 
78 -0.0502402 0.466861 0.00612589 
79 -0.0591886 0.50605 -0.0438256 
80 -0.0642775 0.519013 -0.0803633 
81 -0.0659053 0.512366 -0.10519 
82 -0.064717 0.49188 -0.120641 
83 -0.0613742 0.461961 -0.128958 
84 -0.0564511 0.425694 -0.131972 
85 -0.0504118 0.385066 -0.131012 
86 -0.0436263 0.341192 -0.126896 
87 -0.0364072 0.294464 -0.119927 
88 -0.0290598 0.244609 -0.109844 
89 -0.0219458 0.190703 -0.0957329 
90 -0.0155605 0.131239 -0.0759524 
91 -0.0106041 0.0644717 -0.048245 
92 -0.00798124 -0.0106036 -0.0103907 
93 -0.00859856 -0.0924455 0.0382226 
94 -0.0128642 -0.175047 0.0943961 
95 -0.0201057 -0.248142 0.150146 
96 -0.0285325 -0.301273 0.195265 
97 -0.0360531 -0.329172 0.222354 
98 -0.0412602 -0.333428 0.229766 
99 -0.0437498 -0.319741 0.220424 
100 -0.0438086 -0.294338 0.198902 
101 -0.0419797 -0.262069 0.169369 
102 -0.0387951 -0.226098 0.134879 
103 -0.034676 -0.188285 0.0974323 
104 -0.0299253 -0.149645 0.0582594 
105 -0.0247504 -0.110704 0.018092 
106 -0.01929 -0.0717168 -0.0226424 
107 -0.0136362 -0.0327986 -0.0636966 
108 -0.00785002 0.00600835 -0.104928 
109 -0.00197213 0.0446961 -0.146254 
110 0.00397011 0.0832716 -0.187629 
