4,150
1 0.319169 -0.109679 0.0653857 
2 -0.702902 0.372235 -0.0346302 
3 -1.72897 0.856068 -0.135329 
4 -2.76203 1.34322 -0.237425 
5 -3.80732 1.83607 -0.342516 
6 -4.87298 2.33807 -0.454285 
7 -5.96659 2.85147 -0.581115 
8 -7.07211 3.36467 -0.740027 
9 -8.07663 3.81533 -0.952834 
10 -8.72117 4.07256 -1.20832 
11 -8.88676 4.0897 -1.43292 
12 -8.82164 4.00312 -1.58213 
13 -8.7519 3.9241 -1.68087 
14 -8.72281 3.8699 -1.75963 
15 -8.71847 3.82962 -1.83224 
16 -8.72358 3.79451 -1.90305 
17 -8.73023 3.76035 -1.97287 
18 -8.73353 3.72493 -2.04065 
19 -8.7274 3.68625 -2.10264 
20 -8.70115 3.64215 -2.14889 
21 -8.63853 3.59221 -2.15758 
22 -8.52825 3.5439 -2.09572 
23 -8.39265 3.51733 -1.94832 
24 -8.29167 3.53049 -1.75803 
25 -8.26334 3.57808 -1.59045 
26 -8.29583 3.64209 -1.47061 
27 -8.36195 3.71034 -1.38876 
28 -8.44297 3.77849 -1.32944 
29 -8.52927 3.84595 -1.28249 
30 -8.61536 3.91321 -1.24356 
31 -8.69546 3.98053 -1.2137 
32 -8.75868 4.04611 -1.20107 
33 -8.78392 4.10172 -1.22474 
34 -8.74342 4.12669 -1.31121 
35 -8.6361 4.09603 -1.4629 
36 -8.51858 4.01334 -1.62742 
37 -8.44998 3.91341 -1.74807 
38 -8.43668 3.82134 -1.81722 
39 -8.45809 3.74127 -1.85323 
40 -8.49615 3.6691 -1.87234 
41 -8.54004 3.60017 -1.88307 
42 -8.58241 3.53052 -1.88826 
43 -8.61467 3.4563 -1.88597 
44 -8.62258 3.37469 -1.86792 
45 -8.58605 3.29014 -1.81728 
46 -8.49881 3.22724 -1.71791 
47 -8.40424 3.22397 -1.58482 
48 -8.36644 3.2859 -1.46398 
49 -8.39753 3.38124 -1.37966 
50 -8.47124 3.48368 -1.32458 
51 -8.56405 3.58429 -1.28561 
52 -8.66367 3.68219 -1.255 
53 -8.76379 3.77811 -1.23037 
54 -8.85868 3.87165 -1.21411 
55 -8.93784 3.95871 -1.21503 
56 -8.97969 4.02651 -1.25175 
57 -8.95164 4.04871 -1.34901 
58 -8.84104 4.00021 -1.50742 
59 -8.69872 3.89749 -1.67294 
60 -8.59444 3.79058 -1.78809 
61 -8.54554 3.70699 -1.84767 
62 -8.53408 3.64516 -1.87325 
63 -8.54147 3.59617 -1.88261 
64 -8.55688 3.55341 -1.88479 
65 -8.57452 3.51325 -1.88311 
66 -8.58998 3.47392 -1.87705 
67 -8.5968 3.43529 -1.8613 
68 -8.58275 3.40096 -1.82162 
69 -8.53029 3.38458 -1.7314 
70 -8.43739 3.41346 -1.57006 
71 -8.35192 3.5028 -1.37489 
72 -8.33302 3.62387 -1.22437 
73 -8.38152 3.74007 -1.14433 
74 -8.467 3.84102 -1.11184 
75 -8.56733 3.93058 -1.10283 
76 -8.67177 4.01379 -1.10485 
77 -8.77373 4.09351 -1.11403 
78 -8.8635 4.1693 -1.13338 
79 -8.91831 4.23328 -1.17564 
80 -8.89221 4.25976 -1.26703 
81 -8.74571 4.20602 -1.42641 
82 -8.54518 4.07073 -1.60751 
83 -8.41955 3.92292 -1.73444 
84 -8.39294 3.80684 -1.79893 
85 -8.42272 3.71835 -1.82944 
86 -8.47547 3.6438 -1.84594 
87 -8.53498 3.57441 -1.85655 
88 -8.59239 3.50535 -1.86272 
89 -8.63792 3.4336 -1.86073 
90 -8.65375 3.35825 -1.83863 
91 -8.61143 3.28701 -1.77185 
92 -8.49869 3.24748 -1.63729 
93 -8.37615 3.27099 -1.46307 
94 -8.32961 3.34535 -1.31815 
95 -8.365 3.43396 -1.22581 
96 -8.44476 3.51931 -1.1678 
97 -8.54212 3.59972 -1.12577 
98 -8.6452 3.67723 -1.09086 
99 -8.74888 3.75339 -1.06055 
100 -8.84913 3.82852 -1.03674 
101 -8.93854 3.90071 -1.02676 
102 -9.00032 3.96278 -1.04724 
103 -9.00277 3.99696 -1.12574 
104 -8.91443 3.97721 -1.28044 
105 -8.75703 3.89866 -1.47334 
106 -8.60944 3.79797 -1.62697 
107 -8.51862 3.71114 -1.71093 
108 -8.47656 3.64506 -1.74488 
109 -8.46167 3.59293 -1.75356 
110 -8.45933 3.54802 -1.75131 
111 -8.46206 3.50634 -1.74449 
112 -8.46602 3.46587 -1.73525 
113 -8.46795 3.4255 -1.72299 
114 -8.46244 3.38503 -1.70322 
115 -8.43884 3.34717 -1.66349 
116 -8.38318 3.32432 -1.57974 
117 -8.30144 3.34398 -1.43439 
118 -8.24769 3.42293 -1.26592 
119 -8.26971 3.53327 -1.14473 
120 -8.35284 3.64011 -1.08658 
121 -8.46406 3.73393 -1.06803 
122 -8.58417 3.81784 -1.06918 
123 -8.70428 3.89542 -1.0817 
124 -8.81695 3.96719 -1.10604 
125 -8.90793 4.02795 -1.15134 
126 -8.94591 4.06114 -1.23739 
127 -8.88493 4.03667 -1.38383 
128 -8.72424 3.94192 -1.56546 
129 -8.55894 3.82334 -1.70632 
130 -8.46442 3.73166 -1.77504 
131 -8.43109 3.67103 -1.7975 
132 -8.4281 3.62755 -1.80061 
133 -8.43693 3.59124 -1.7971 
134 -8.44967 3.55749 -1.79143 
135 -8.46302 3.52448 -1.78468 
136 -8.47451 3.49147 -1.77603 
137 -8.47956 3.45836 -1.76176 
138 -8.46791 3.42687 -1.73132 
139 -8.42234 3.4053 -1.6619 
140 -8.33707 3.41475 -1.52888 
141 -8.25946 3.47366 -1.35678 
142 -8.25703 3.56361 -1.22193 
143 -8.33061 3.65226 -1.15505 
144 -8.44388 3.72884 -1.13419 
145 -8.57221 3.79599 -1.13528 
146 -8.70546 3.85778 -1.14568 
147 -8.84016 3.91677 -1.15993 
148 -8.97522 3.97435 -1.1758 
149 -9.11031 4.03119 -1.19239 
150 -9.24537 4.08765 -1.2093 
