4,150
1 -8.34609 4.22666 -0.50958 
2 -7.76409 3.83715 -0.552944 
3 -7.17859 3.4456 -0.597894 
4 -6.57895 3.04632 -0.648563 
5 -5.92338 2.61879 -0.718974 
6 -5.06508 2.09819 -0.849379 
7 -3.67925 1.36708 -1.09653 
8 -1.8419 0.532279 -1.34853 
9 -0.478499 -0.0082204 -1.36479 
10 0.282648 -0.279309 -1.2112 
11 0.791423 -0.456728 -1.00981 
12 1.15669 -0.593141 -0.797107 
13 1.23515 -0.651209 -0.576099 
14 0.693933 -0.525016 -0.347272 
15 -0.256043 -0.244378 -0.132375 
16 -0.690332 -0.0758039 0.0519002 
17 -0.558149 -0.0629522 0.221886 
18 -0.201428 -0.11633 0.390508 
19 0.240779 -0.193192 0.56339 
20 0.773991 -0.285927 0.745965 
21 1.42081 -0.378772 0.92618 
22 1.85034 -0.365168 1.00865 
23 1.49217 -0.148121 0.909646 
24 0.63784 0.149416 0.741075 
25 -0.285982 0.437057 0.580831 
26 -1.175 0.707706 0.425444 
27 -1.95437 0.946741 0.246267 
28 -2.2847 1.04599 -0.00575491 
29 -1.59216 0.795593 -0.31831 
30 -0.419647 0.343354 -0.525735 
31 0.350602 -0.00061842 -0.606465 
32 0.804301 -0.244605 -0.644125 
33 1.13025 -0.44992 -0.674488 
34 1.3446 -0.631168 -0.706519 
35 1.26134 -0.750224 -0.735485 
36 0.484191 -0.694541 -0.712631 
37 -0.751604 -0.450008 -0.551545 
38 -1.33058 -0.276701 -0.306471 
39 -1.21641 -0.250286 -0.0742555 
40 -0.839672 -0.29092 0.137099 
41 -0.37713 -0.353278 0.341669 
42 0.17207 -0.421892 0.552647 
43 0.915906 -0.465434 0.774122 
44 1.69852 -0.359073 0.920411 
45 1.73678 -0.0593754 0.864277 
46 1.12133 0.246762 0.719867 
47 0.327839 0.512069 0.580716 
48 -0.562598 0.768394 0.446662 
49 -1.58983 1.01328 0.293766 
50 -2.39764 1.09708 0.0957419 
51 -2.2004 0.865618 -0.10367 
52 -1.38924 0.535038 -0.25604 
53 -0.524166 0.233296 -0.385181 
54 0.322023 -0.0528295 -0.510578 
55 1.17402 -0.344752 -0.64101 
56 1.98951 -0.650788 -0.779372 
57 2.35276 -0.88375 -0.877208 
58 1.68984 -0.834541 -0.819932 
59 0.631107 -0.598936 -0.659233 
60 -0.25047 -0.366611 -0.494596 
61 -0.957526 -0.170962 -0.330746 
62 -1.46013 -0.0279345 -0.133901 
63 -1.43219 -0.00757383 0.159379 
64 -0.477517 -0.155226 0.542209 
65 0.556682 -0.240576 0.785171 
66 0.898414 -0.141024 0.84546 
67 0.876433 0.0377608 0.844674 
68 0.751159 0.237079 0.832829 
69 0.575108 0.448343 0.819964 
70 0.271561 0.687833 0.804301 
71 -0.408271 0.978031 0.756197 
72 -1.55291 1.20741 0.577194 
73 -2.18419 1.1077 0.251342 
74 -1.85578 0.777124 -0.0665322 
75 -1.12557 0.411108 -0.336577 
76 -0.28563 0.0486914 -0.585422 
77 0.630734 -0.325411 -0.831622 
78 1.66649 -0.732971 -1.06793 
79 2.54047 -1.08264 -1.1764 
80 2.36943 -1.08893 -1.00394 
81 1.45867 -0.857209 -0.746055 
82 0.508616 -0.615163 -0.532417 
83 -0.37098 -0.396373 -0.339977 
84 -1.1612 -0.202502 -0.138298 
85 -1.69975 -0.0667188 0.104341 
86 -1.53398 -0.072604 0.40916 
87 -0.485129 -0.220248 0.676586 
88 0.41773 -0.288736 0.76833 
89 0.71092 -0.219046 0.754184 
90 0.715938 -0.0920175 0.716207 
91 0.638093 0.0504258 0.676056 
92 0.527773 0.199483 0.638295 
93 0.347442 0.363443 0.609946 
94 -0.0723123 0.56947 0.607777 
95 -1.00956 0.826201 0.631523 
96 -2.09402 0.971767 0.566696 
97 -2.27649 0.841127 0.313188 
98 -1.63957 0.560262 -0.0348763 
99 -0.690903 0.247015 -0.400133 
100 0.38409 -0.0780388 -0.769945 
101 1.61618 -0.439826 -1.1436 
102 2.85409 -0.82201 -1.40679 
103 2.9613 -0.941773 -1.27237 
104 1.96654 -0.765927 -0.950078 
105 0.861033 -0.54502 -0.6836 
106 -0.194591 -0.331451 -0.453525 
107 -1.25209 -0.112015 -0.22063 
108 -2.19428 0.113965 0.0586642 
109 -2.15383 0.203164 0.355304 
110 -1.07906 0.0682389 0.504954 
111 -0.0875151 -0.0940345 0.56709 
112 0.724263 -0.222679 0.621894 
113 1.40738 -0.285308 0.692099 
114 1.71248 -0.149855 0.786087 
115 1.11616 0.298782 0.836429 
116 0.195452 0.647893 0.744598 
117 -0.29908 0.711171 0.591658 
118 -0.571415 0.674345 0.435663 
119 -0.790097 0.617474 0.27963 
120 -0.984727 0.550707 0.115022 
121 -1.10071 0.451793 -0.0854737 
122 -0.91692 0.245748 -0.388599 
123 -0.130323 -0.13252 -0.799376 
124 0.783118 -0.467826 -1.0517 
125 1.1921 -0.587289 -1.04975 
126 1.25224 -0.589455 -0.944139 
127 1.14792 -0.549689 -0.815682 
128 0.830275 -0.474755 -0.685512 
129 -0.0087442 -0.32335 -0.549817 
130 -1.27941 -0.11 -0.368882 
131 -1.74294 -0.0146674 -0.132814 
132 -1.36616 -0.0407512 0.109966 
133 -0.722721 -0.103153 0.348091 
134 0.0192193 -0.17147 0.586707 
135 0.869197 -0.225816 0.817496 
136 1.69506 -0.201271 0.963543 
137 1.86777 -0.0284102 0.897831 
138 1.31095 0.180233 0.730874 
139 0.605649 0.34326 0.598372 
140 -0.0721746 0.480816 0.494721 
141 -0.733973 0.610415 0.39948 
142 -1.39945 0.732178 0.298678 
143 -2.02685 0.80233 0.15674 
144 -2.20706 0.645212 -0.108689 
145 -1.41913 0.207285 -0.437642 
146 -0.369405 -0.161422 -0.643558 
147 0.482971 -0.395181 -0.76146 
148 1.21213 -0.573292 -0.852046 
149 1.89439 -0.733492 -0.93539 
150 2.5599 -0.887899 -1.01673 
