4  11
0.0237728  0.151929  0.16974  0.0473806  0.0474573  0.169782  0.0292264  0.0650183  0.092272  0.0986896  0.104731  
6.15306  0.507535  4.52936  0.71607  
56.1984  -0.074588  -0.00616268  -0.0768351  
122.035  -0.015262  -0.000881733  0.0137081  
158.634  -0.465044  -0.239119  0.60014  
163.604  -0.227975  0.184779  0.187566  
227.165  0.111335  0.0603405  -0.095328  
270.157  2.72727  -0.722882  -0.24537  
294.207  -0.079041  -0.0687849  0.0941759  
330.789  -0.264838  0.0340575  0.250256  
374.354  -0.0815475  0.1549  -0.446597  
417.836  -0.156099  0.0161486  0.0946321  
11.249  0.863567  -9.99092  -2.13391  
0.863567  2.8128  -0.226999  0.145027  
-9.99092  -0.226999  9.33577  1.85587  
-2.13391  0.145027  1.85587  2.16566  
884.237  -1.93944  1.18613  -2.20589  
-1.93944  1.36719  -0.087587  -0.20547  
1.18613  -0.087587  0.452568  0.252572  
-2.20589  -0.20547  0.252572  1.3427  
1723.26  -0.465474  0.18998  -1.31722  
-0.465474  0.0673195  -0.00563671  -0.00126989  
0.18998  -0.00563671  0.0334419  0.0272788  
-1.31722  -0.00126989  0.0272788  0.0540414  
10265.9  25.1952  31.3539  -0.114591  
25.1952  11.8675  0.0904225  0.45481  
31.3539  0.0904225  10.9199  2.92162  
-0.114591  0.45481  2.92162  10.1844  
447.223  -23.1834  -5.81239  12.3262  
-23.1834  2.31397  0.499464  -0.664148  
-5.81239  0.499464  0.857655  0.152575  
12.3262  -0.664148  0.152575  1.08865  
699.099  8.66816  6.32449  3.25908  
8.66816  0.877653  0.211469  0.210233  
6.32449  0.211469  0.37315  0.27898  
3.25908  0.210233  0.27898  0.913967  
38.1774  -6.00719  -2.82116  2.56992  
-6.00719  2.97702  0.151105  -0.149063  
-2.82116  0.151105  0.748756  0.249327  
2.56992  -0.149063  0.249327  1.51123  
140.476  -5.30763  4.32753  2.9251  
-5.30763  0.74412  -0.315244  -0.103196  
4.32753  -0.315244  0.553844  0.447957  
2.9251  -0.103196  0.447957  0.698057  
228.859  -4.35107  0.4731  -4.05365  
-4.35107  0.554583  -0.0989567  0.187656  
0.4731  -0.0989567  0.211432  0.15134  
-4.05365  0.187656  0.15134  0.588145  
271.88  9.91599  -3.07461  0.894765  
9.91599  5.44628  -1.28683  -1.0876  
-3.07461  -1.28683  1.6454  1.24728  
0.894765  -1.0876  1.24728  4.46473  
245.918  0.71304  -0.323432  -0.281765  
0.71304  0.894244  -0.0978442  -0.0556127  
-0.323432  -0.0978442  0.246229  0.25037  
-0.281765  -0.0556127  0.25037  0.65433  
