4,442
1 0.0512246 5.97836 1.16605 
2 0.12204 6.01725 1.14173 
3 0.1953 5.72809 1.05877 
4 0.267749 5.22117 0.937799 
5 0.337168 4.57576 0.793607 
6 0.401444 3.84396 0.636161 
7 0.457747 3.06088 0.472708 
8 0.501715 2.25448 0.309825 
9 0.526586 1.45544 0.155477 
10 0.522804 0.70778 0.0210467 
11 0.479837 0.0774872 -0.0778431 
12 0.393097 -0.355386 -0.125331 
13 0.274669 -0.540567 -0.117117 
14 0.154433 -0.514297 -0.0708958 
15 0.0610799 -0.387219 -0.0170368 
16 0.0035315 -0.260168 0.0232988 
17 -0.0259906 -0.174346 0.0457879 
18 -0.0391541 -0.127675 0.0552141 
19 -0.0444739 -0.105351 0.0574122 
20 -0.0465679 -0.0950981 0.056296 
21 -0.0475202 -0.0899551 0.0538828 
22 -0.0481482 -0.0867291 0.0510452 
23 -0.0487343 -0.0841687 0.0481107 
24 -0.0493636 -0.0818433 0.0451874 
25 -0.0500565 -0.0796203 0.0423065 
26 -0.0508147 -0.0774618 0.0394752 
27 -0.0516352 -0.0753568 0.0366945 
28 -0.0525142 -0.073301 0.0339638 
29 -0.0534475 -0.0712917 0.0312823 
30 -0.0544313 -0.069327 0.0286492 
31 -0.0554621 -0.067405 0.0260641 
32 -0.0565361 -0.0655238 0.0235262 
33 -0.0576503 -0.0636819 0.0210352 
34 -0.0588012 -0.0618778 0.018591 
35 -0.059986 -0.0601102 0.0161933 
36 -0.0612017 -0.0583779 0.013842 
37 -0.0624453 -0.0566797 0.0115373 
38 -0.0637143 -0.0550146 0.0092794 
39 -0.0650059 -0.0533818 0.00706849 
40 -0.0663176 -0.0517805 0.00490499 
41 -0.067647 -0.0502098 0.0027894 
42 -0.0689915 -0.0486693 0.000722309 
43 -0.0703488 -0.0471584 -0.00129559 
44 -0.0717166 -0.0456765 -0.0032635 
45 -0.0730924 -0.0442235 -0.00518053 
46 -0.0744742 -0.0427989 -0.00704573 
47 -0.0758596 -0.0414025 -0.008858 
48 -0.0772463 -0.0400342 -0.0106162 
49 -0.0786322 -0.0386939 -0.0123191 
50 -0.0800149 -0.0373816 -0.0139652 
51 -0.0813924 -0.0360973 -0.0155534 
52 -0.0827623 -0.0348411 -0.0170819 
53 -0.0841224 -0.0336132 -0.0185493 
54 -0.0854705 -0.0324139 -0.0199539 
55 -0.0868042 -0.0312433 -0.021294 
56 -0.0881213 -0.0301018 -0.0225679 
57 -0.0894194 -0.0289898 -0.0237737 
58 -0.0906961 -0.0279077 -0.0249096 
59 -0.0919492 -0.026856 -0.0259736 
60 -0.0931762 -0.025835 -0.0269639 
61 -0.0943746 -0.0248454 -0.0278785 
62 -0.0955419 -0.0238878 -0.0287154 
63 -0.0966757 -0.0229626 -0.0294728 
64 -0.0977733 -0.0220704 -0.0301486 
65 -0.0988323 -0.0212119 -0.0307411 
66 -0.0998499 -0.0203877 -0.0312484 
67 -0.100824 -0.0195983 -0.0316688 
68 -0.10175 -0.0188444 -0.0320007 
69 -0.102628 -0.0181265 -0.0322425 
70 -0.103453 -0.0174451 -0.0323928 
71 -0.104224 -0.0168007 -0.0324505 
72 -0.104936 -0.0161937 -0.0324146 
73 -0.105588 -0.0156245 -0.0322844 
74 -0.106176 -0.0150933 -0.0320592 
75 -0.106698 -0.0146004 -0.0317391 
76 -0.10715 -0.0141457 -0.0313241 
77 -0.10753 -0.0137292 -0.0308147 
78 -0.107834 -0.0133507 -0.0302118 
79 -0.108059 -0.0130097 -0.0295168 
80 -0.108201 -0.0127056 -0.0287315 
81 -0.108258 -0.0124376 -0.0278583 
82 -0.108225 -0.0122047 -0.0269 
83 -0.1081 -0.0120055 -0.0258603 
84 -0.107877 -0.0118385 -0.024743 
85 -0.107554 -0.0117018 -0.0235531 
86 -0.107125 -0.0115931 -0.0222959 
87 -0.106585 -0.0115098 -0.0209775 
88 -0.105931 -0.0114491 -0.0196048 
89 -0.105156 -0.0114076 -0.0181852 
90 -0.104255 -0.0113816 -0.0167271 
91 -0.103222 -0.011367 -0.0152395 
92 -0.102049 -0.0113591 -0.0137322 
93 -0.10073 -0.0113529 -0.0122155 
94 -0.0992573 -0.0113431 -0.0107006 
95 -0.0976219 -0.0113235 -0.00919926 
96 -0.0958151 -0.011288 -0.00772392 
97 -0.0938276 -0.0112296 -0.00628755 
98 -0.0916492 -0.0111411 -0.00490351 
99 -0.0892693 -0.0110149 -0.00358571 
100 -0.086677 -0.0108429 -0.00234828 
101 -0.0838606 -0.0106169 -0.00120564 
102 -0.0808084 -0.010328 -0.000172263 
103 -0.0775084 -0.0099674 0.00073736 
104 -0.0739486 -0.00952599 0.00150893 
105 -0.070117 -0.00899455 0.00212845 
106 -0.0660022 -0.0083638 0.00258241 
107 -0.0615931 -0.00762458 0.00285796 
108 -0.0568799 -0.00676784 0.00294309 
109 -0.0518535 -0.00578482 0.00282688 
110 -0.0465067 -0.00466719 0.00249963 
111 -0.0408341 -0.00340707 0.00195311 
112 -0.0348324 -0.00199734 0.0011808 
113 -0.0285013 -0.000431617 0.000178089 
114 -0.0218433 0.00129547 -0.00105749 
115 -0.0148645 0.00318816 -0.00252607 
116 -0.00757477 0.00524948 -0.00422528 
117 1.15616e-05 0.00748097 -0.00614999 
118 0.00787566 0.0098826 -0.00829216 
119 0.0159938 0.0124526 -0.0106407 
120 0.024337 0.0151875 -0.0131816 
121 0.0328708 0.0180816 -0.0158973 
122 0.0415556 0.0211275 -0.0187672 
123 0.0503459 0.0243153 -0.0217676 
124 0.0591908 0.0276332 -0.0248714 
125 0.0680342 0.0310673 -0.0280489 
126 0.0768149 0.0346013 -0.0312672 
127 0.0854671 0.038217 -0.034491 
128 0.0939205 0.0418943 -0.0376828 
129 0.102102 0.0456109 -0.0408032 
130 0.109934 0.0493431 -0.0438111 
131 0.117338 0.0530658 -0.0466647 
132 0.124235 0.0567522 -0.0493212 
133 0.130544 0.060375 -0.0517383 
134 0.136184 0.0639058 -0.0538736 
135 0.141077 0.0673159 -0.0556862 
136 0.145148 0.0705764 -0.0571364 
137 0.148322 0.0736586 -0.0581867 
138 0.150531 0.0765342 -0.0588021 
139 0.151711 0.0791755 -0.0589506 
140 0.151804 0.081556 -0.0586037 
141 0.150757 0.0836502 -0.0577366 
142 0.148527 0.0854343 -0.0563284 
143 0.145074 0.0868858 -0.0543627 
144 0.140369 0.0879842 -0.0518277 
145 0.13439 0.0887109 -0.048716 
146 0.127121 0.0890492 -0.0450252 
147 0.118558 0.0889845 -0.0407574 
148 0.1087 0.0885042 -0.0359198 
149 0.0975574 0.0875979 -0.0305239 
150 0.0851478 0.0862572 -0.0245863 
151 0.0714955 0.0844757 -0.0181278 
152 0.0566323 0.0822491 -0.0111737 
153 0.040597 0.0795748 -0.00375353 
154 0.023435 0.0764523 0.00409894 
155 0.00519851 0.0728827 0.012346 
156 -0.0140544 0.0688689 0.0209462 
157 -0.0342595 0.0644156 0.0298543 
158 -0.0553467 0.0595289 0.0390215 
159 -0.07724 0.0542167 0.0483957 
160 -0.0998581 0.0484885 0.0579212 
161 -0.123114 0.0423555 0.0675396 
162 -0.146915 0.0358306 0.0771892 
163 -0.171163 0.0289286 0.0868055 
164 -0.195754 0.0216659 0.0963214 
165 -0.22058 0.0140614 0.105667 
166 -0.245525 0.00613588 0.114772 
167 -0.270469 -0.0020875 0.123561 
168 -0.295287 -0.0105828 0.131961 
169 -0.319848 -0.0193215 0.139896 
170 -0.344017 -0.0282721 0.147289 
171 -0.367653 -0.0373998 0.154065 
172 -0.390614 -0.0466666 0.160151 
173 -0.412754 -0.0560312 0.165474 
174 -0.433924 -0.0654486 0.169967 
175 -0.453978 -0.0748705 0.173566 
176 -0.47277 -0.0842453 0.176214 
177 -0.490156 -0.0935182 0.17786 
178 -0.506001 -0.102632 0.178465 
179 -0.520175 -0.111526 0.177997 
180 -0.53256 -0.12014 0.176438 
181 -0.543053 -0.128412 0.173781 
182 -0.551565 -0.13628 0.170035 
183 -0.558024 -0.143682 0.165223 
184 -0.562382 -0.150561 0.159382 
185 -0.564612 -0.15686 0.152565 
186 -0.564708 -0.162531 0.144839 
187 -0.562693 -0.167526 0.136284 
188 -0.55861 -0.171808 0.126994 
189 -0.552527 -0.175347 0.117072 
190 -0.544534 -0.178118 0.106627 
191 -0.534742 -0.180108 0.0957777 
192 -0.523277 -0.18131 0.0846423 
193 -0.51028 -0.181727 0.073341 
194 -0.495904 -0.181369 0.0619915 
195 -0.480306 -0.180255 0.0507068 
196 -0.463648 -0.178409 0.0395932 
197 -0.446091 -0.175862 0.0287484 
198 -0.427794 -0.172649 0.0182603 
199 -0.408907 -0.16881 0.00820598 
200 -0.389575 -0.164386 -0.0013493 
201 -0.369929 -0.159421 -0.0103515 
202 -0.35009 -0.153959 -0.0187584 
203 -0.330167 -0.148045 -0.0265386 
204 -0.310254 -0.141721 -0.0336712 
205 -0.290434 -0.135031 -0.0401445 
206 -0.270775 -0.128012 -0.0459557 
207 -0.251336 -0.120704 -0.0511092 
208 -0.232162 -0.113141 -0.0556156 
209 -0.213288 -0.105355 -0.0594912 
210 -0.19474 -0.0973769 -0.0627562 
211 -0.176537 -0.0892325 -0.0654344 
212 -0.158689 -0.0809463 -0.0675521 
213 -0.141201 -0.0725397 -0.0691371 
214 -0.124071 -0.0640319 -0.0702184 
215 -0.107297 -0.0554397 -0.0708256 
216 -0.090868 -0.046778 -0.0709882 
217 -0.0747746 -0.0380594 -0.0707352 
218 -0.0590034 -0.0292951 -0.0700951 
219 -0.0435403 -0.0204947 -0.0690952 
220 -0.02837 -0.0116665 -0.0677619 
221 -0.0134765 -0.00281739 -0.0661202 
222 0.00115595 0.00604661 -0.0641937 
223 0.0155433 0.0149204 -0.0620046 
224 0.029701 0.0237998 -0.0595735 
225 0.0436441 0.0326811 -0.0569199 
226 0.0573868 0.0415611 -0.0540615 
227 0.0709427 0.0504374 -0.0510148 
228 0.0843246 0.0593077 -0.0477949 
229 0.0975441 0.06817 -0.0444158 
230 0.110612 0.0770226 -0.04089 
231 0.123539 0.0858641 -0.0372291 
232 0.136334 0.094693 -0.0334435 
233 0.149004 0.103508 -0.0295426 
234 0.161558 0.112308 -0.0255348 
235 0.174001 0.121091 -0.0214281 
236 0.18634 0.129856 -0.0172293 
237 0.198581 0.138602 -0.0129449 
238 0.210729 0.147327 -0.00858084 
239 0.222791 0.156029 -0.0041433 
240 0.234776 0.164706 0.000361111 
241 0.2467 0.173356 0.00492413 
242 0.258589 0.181979 0.00953401 
243 0.270491 0.190574 0.0141725 
244 0.282493 0.199144 0.0188094 
245 0.294746 0.207696 0.0233947 
246 0.307512 0.21624 0.027845 
247 0.321226 0.224795 0.0320249 
248 0.336594 0.233385 0.0357202 
249 0.354712 0.242033 0.0386028 
250 0.377221 0.250746 0.0401905 
251 0.406468 0.259486 0.0398061 
252 0.445634 0.268112 0.0365509 
253 0.49874 0.276303 0.0293163 
254 0.570426 0.283452 0.0168673 
255 0.665344 0.288554 -0.00196554 
256 0.787093 0.290139 -0.0279684 
257 0.936768 0.286312 -0.0611374 
258 1.11152 0.274968 -0.100307 
259 1.3038 0.254179 -0.143003 
260 1.50191 0.222671 -0.185693 
261 1.69203 0.180184 -0.224421 
262 1.86095 0.127559 -0.255617 
263 1.99847 0.0665278 -0.276753 
264 2.09868 -0.000690353 -0.286623 
265 2.15984 -0.0717866 -0.285252 
266 2.18337 -0.14464 -0.273573 
267 2.17268 -0.217434 -0.253063 
268 2.13204 -0.288651 -0.22544 
269 2.06585 -0.356982 -0.192477 
270 1.97823 -0.42122 -0.155916 
271 1.87285 -0.480138 -0.117449 
272 1.753 -0.532403 -0.0787428 
273 1.62171 -0.576506 -0.041477 
274 1.48196 -0.610774 -0.00735464 
275 1.33696 -0.633452 0.0219338 
276 1.19031 -0.642929 0.0448334 
277 1.04608 -0.638096 0.0601497 
278 0.908648 -0.618795 0.0673512 
279 0.782202 -0.586214 0.0668575 
280 0.670047 -0.543004 0.0601588 
281 0.57391 -0.492948 0.0496345 
282 0.493617 -0.440211 0.0380697 
283 0.427304 -0.388473 0.0280476 
284 0.372081 -0.340285 0.0214699 
285 0.324815 -0.296885 0.0193645 
286 0.282736 -0.258386 0.0219721 
287 0.243739 -0.224182 0.0289856 
288 0.206422 -0.193336 0.0398121 
289 0.169972 -0.164874 0.0537776 
290 0.134 -0.137956 0.0702523 
291 0.0983898 -0.11194 0.0887098 
292 0.0631873 -0.0863879 0.108741 
293 0.0285258 -0.061043 0.130042 
294 -0.00541543 -0.0357928 0.152396 
295 -0.0384309 -0.0106352 0.175649 
296 -0.0702961 0.0143486 0.199685 
297 -0.100767 0.0390142 0.224412 
298 -0.12958 0.0631668 0.24974 
299 -0.156445 0.0865691 0.275571 
300 -0.181051 0.108946 0.301782 
301 -0.203068 0.129989 0.328211 
302 -0.222159 0.149362 0.354652 
303 -0.237992 0.166706 0.380838 
304 -0.25027 0.181661 0.406437 
305 -0.258756 0.193877 0.431053 
306 -0.263315 0.203048 0.454228 
307 -0.263945 0.208936 0.475464 
308 -0.260814 0.211411 0.494246 
309 -0.254277 0.210475 0.51008 
310 -0.244879 0.206284 0.522536 
311 -0.233334 0.199151 0.531288 
312 -0.220475 0.18953 0.53615 
313 -0.207194 0.177982 0.537094 
314 -0.194367 0.16513 0.534249 
315 -0.182785 0.151604 0.527883 
316 -0.173105 0.137991 0.518372 
317 -0.165815 0.124801 0.506152 
318 -0.161232 0.11244 0.491686 
319 -0.159504 0.101201 0.475422 
320 -0.160648 0.0912725 0.457768 
321 -0.164569 0.0827504 0.439077 
322 -0.171105 0.075656 0.419639 
323 -0.180046 0.0699557 0.399677 
324 -0.191168 0.0655797 0.37936 
325 -0.204242 0.062437 0.358802 
326 -0.219057 0.0604278 0.338075 
327 -0.235418 0.0594527 0.317214 
328 -0.253156 0.0594189 0.29623 
329 -0.272128 0.0602445 0.275107 
330 -0.292215 0.0618603 0.253819 
331 -0.313319 0.0642114 0.232323 
332 -0.335362 0.0672569 0.210569 
333 -0.358279 0.0709692 0.188503 
334 -0.382016 0.075333 0.166063 
335 -0.40652 0.0803438 0.14319 
336 -0.431738 0.0860054 0.119821 
337 -0.457606 0.0923283 0.0959003 
338 -0.484043 0.0993261 0.0713748 
339 -0.510945 0.107013 0.0462025 
340 -0.538173 0.115397 0.020355 
341 -0.565545 0.124482 -0.00617745 
342 -0.592829 0.134253 -0.0333801 
343 -0.619738 0.144679 -0.0612074 
344 -0.645919 0.155704 -0.0895772 
345 -0.670962 0.167241 -0.118366 
346 -0.694397 0.17917 -0.147404 
347 -0.715711 0.191336 -0.176477 
348 -0.734365 0.203548 -0.205326 
349 -0.74982 0.215586 -0.233658 
350 -0.761567 0.227208 -0.261157 
351 -0.769163 0.23816 -0.287498 
352 -0.772263 0.248192 -0.31237 
353 -0.770643 0.257073 -0.335491 
354 -0.764218 0.264605 -0.356629 
355 -0.75305 0.270633 -0.375616 
356 -0.737334 0.275055 -0.39235 
357 -0.717382 0.277824 -0.406804 
358 -0.693595 0.278944 -0.419016 
359 -0.666432 0.278464 -0.429079 
360 -0.636378 0.276473 -0.437132 
361 -0.603919 0.273086 -0.443343 
362 -0.569517 0.268434 -0.447895 
363 -0.533596 0.262657 -0.450977 
364 -0.496534 0.255897 -0.452773 
365 -0.458655 0.248287 -0.453453 
366 -0.420235 0.239955 -0.453171 
367 -0.381501 0.231015 -0.452061 
368 -0.342638 0.221569 -0.450235 
369 -0.303796 0.211707 -0.447787 
370 -0.265099 0.201507 -0.444786 
371 -0.226648 0.191034 -0.441285 
372 -0.18853 0.180348 -0.437318 
373 -0.150823 0.169497 -0.432902 
374 -0.113607 0.158525 -0.428039 
375 -0.0769613 0.147471 -0.422716 
376 -0.0409759 0.136372 -0.416909 
377 -0.00575387 0.125262 -0.410578 
378 0.0285843 0.114176 -0.403676 
379 0.0618962 0.10315 -0.396141 
380 0.0940142 0.092224 -0.387906 
381 0.124743 0.0814421 -0.378895 
382 0.153856 0.070853 -0.369027 
383 0.181099 0.0605122 -0.358219 
384 0.206188 0.050482 -0.34639 
385 0.228815 0.0408315 -0.333465 
386 0.248658 0.0316361 -0.319383 
387 0.265386 0.0229762 -0.304101 
388 0.278683 0.0149351 -0.287606 
389 0.28826 0.00759535 -0.269914 
390 0.293878 0.0010349 -0.251088 
391 0.295376 -0.00467792 -0.231233 
392 0.292686 -0.00948957 -0.210504 
393 0.285856 -0.0133663 -0.189103 
394 0.27506 -0.0162986 -0.167273 
395 0.260598 -0.0183032 -0.145286 
396 0.24289 -0.0194246 -0.123435 
397 0.222453 -0.0197326 -0.102014 
398 0.199876 -0.0193192 -0.081299 
399 0.175784 -0.0182925 -0.0615407 
400 0.150805 -0.0167705 -0.0429462 
401 0.125534 -0.014874 -0.025674 
402 0.100509 -0.0127203 -0.00983044 
403 0.0761921 -0.010418 0.00452911 
404 0.052958 -0.00806348 0.0173958 
405 0.0310909 -0.00573795 0.0288002 
406 0.0107895 -0.00350726 0.038804 
407 -0.0078257 -0.00142194 0.0474919 
408 -0.0247003 0.00048162 0.0549635 
409 -0.0398346 0.00217946 0.0613264 
410 -0.0532708 0.00365812 0.0666911 
411 -0.0650821 0.00491264 0.071166 
412 -0.075363 0.00594468 0.0748548 
413 -0.0842209 0.00676089 0.0778544 
414 -0.0917697 0.00737138 0.0802535 
415 -0.0981248 0.0077886 0.0821324 
416 -0.1034 0.00802637 0.0835627 
417 -0.107703 0.00809914 0.0846078 
418 -0.111136 0.00802147 0.0853233 
419 -0.113795 0.00780756 0.0857576 
420 -0.115767 0.00747106 0.0859526 
421 -0.11713 0.00702486 0.0859446 
422 -0.117957 0.00648096 0.0857646 
423 -0.118311 0.00585048 0.0854393 
424 -0.118249 0.00514361 0.0849916 
425 -0.117823 0.00436967 0.0844408 
426 -0.117077 0.00353712 0.0838037 
427 -0.116051 0.00265365 0.0830944 
428 -0.11478 0.00172622 0.0823251 
429 -0.113294 0.000761151 0.0815059 
430 -0.11162 -0.000235818 0.0806459 
431 -0.109782 -0.00125946 0.0797527 
432 -0.1078 -0.00230497 0.0788328 
433 -0.105692 -0.00336792 0.0778919 
434 -0.103473 -0.00444418 0.0769352 
435 -0.101157 -0.00552985 0.075967 
436 -0.0987539 -0.00662118 0.0749915 
437 -0.0962751 -0.00771453 0.0740122 
438 -0.0937284 -0.00880629 0.0730329 
439 -0.091121 -0.00989279 0.0720567 
440 -0.0884589 -0.0109703 0.0710869 
441 -0.0857468 -0.0120347 0.0701271 
442 -0.0829888 -0.0130819 0.0691805 
