4,442
1 0.261352 2.30491 0.720993 
2 0.256653 2.61748 0.699857 
3 0.297017 3.10395 0.70082 
4 0.366458 3.70339 0.717456 
5 0.454704 4.37639 0.74591 
6 0.55518 5.09758 0.784331 
7 0.663439 5.84961 0.832495 
8 0.775949 6.61834 0.891678 
9 0.888984 7.38828 0.964714 
10 0.997353 8.13706 1.05599 
11 1.09291 8.82867 1.17082 
12 1.16356 9.40853 1.31298 
13 1.19499 9.81073 1.4797 
14 1.17792 9.98972 1.65625 
15 1.11743 9.96368 1.81849 
16 1.03307 9.81712 1.94634 
17 0.946141 9.64536 2.0354 
18 0.868588 9.50353 2.09413 
19 0.802706 9.40365 2.13425 
20 0.746211 9.33664 2.16464 
21 0.696117 9.28986 2.19047 
22 0.650208 9.25386 2.21425 
23 0.607162 9.22319 2.23705 
24 0.566271 9.19513 2.25921 
25 0.527169 9.16849 2.28083 
26 0.489655 9.14283 2.30184 
27 0.453601 9.118 2.32217 
28 0.418914 9.09397 2.34171 
29 0.385515 9.07076 2.36034 
30 0.353337 9.04841 2.37796 
31 0.32232 9.02696 2.39444 
32 0.292408 9.00645 2.40965 
33 0.263554 8.98696 2.42345 
34 0.235712 8.96853 2.4357 
35 0.208842 8.95124 2.44624 
36 0.182904 8.93515 2.45492 
37 0.157862 8.92034 2.46156 
38 0.13368 8.90689 2.46601 
39 0.110322 8.89488 2.46808 
40 0.0877501 8.88439 2.46759 
41 0.0659233 8.87549 2.46436 
42 0.0447978 8.86828 2.45822 
43 0.0243249 8.86282 2.44901 
44 0.00444977 8.85917 2.43658 
45 -0.014889 8.85739 2.42079 
46 -0.0337599 8.85751 2.40156 
47 -0.0522395 8.85954 2.37881 
48 -0.0704116 8.86348 2.35253 
49 -0.088367 8.86929 2.32276 
50 -0.106202 8.87689 2.28959 
51 -0.124018 8.88618 2.25318 
52 -0.141915 8.89703 2.21378 
53 -0.159993 8.90926 2.17169 
54 -0.178347 8.92265 2.12728 
55 -0.197061 8.93697 2.08098 
56 -0.216206 8.95196 2.0333 
57 -0.235834 8.96735 1.98475 
58 -0.25598 8.98285 1.93588 
59 -0.276653 8.99818 1.88724 
60 -0.297839 9.01309 1.83936 
61 -0.319498 9.02734 1.79275 
62 -0.34157 9.04073 1.74784 
63 -0.36397 9.05308 1.70502 
64 -0.386598 9.06426 1.6646 
65 -0.409339 9.07421 1.62681 
66 -0.432065 9.08286 1.59183 
67 -0.454646 9.09022 1.55972 
68 -0.476946 9.09632 1.53053 
69 -0.498833 9.10121 1.5042 
70 -0.520175 9.10497 1.48067 
71 -0.540852 9.10769 1.45982 
72 -0.560747 9.1095 1.4415 
73 -0.579755 9.11049 1.42557 
74 -0.59778 9.11079 1.41186 
75 -0.614739 9.11051 1.40019 
76 -0.630558 9.10976 1.39042 
77 -0.645173 9.10864 1.38239 
78 -0.658532 9.10723 1.37596 
79 -0.670593 9.10564 1.37101 
80 -0.681323 9.10393 1.36743 
81 -0.6907 9.10216 1.36511 
82 -0.698709 9.10038 1.36399 
83 -0.705346 9.09865 1.36399 
84 -0.710615 9.09699 1.36507 
85 -0.714527 9.09543 1.36718 
86 -0.717102 9.09398 1.37029 
87 -0.718369 9.09266 1.37439 
88 -0.718364 9.09146 1.37947 
89 -0.717129 9.09039 1.38551 
90 -0.714715 9.08943 1.39252 
91 -0.711181 9.08857 1.40051 
92 -0.706591 9.08779 1.40946 
93 -0.701017 9.08706 1.4194 
94 -0.694535 9.08636 1.43031 
95 -0.687231 9.08565 1.44221 
96 -0.679191 9.0849 1.4551 
97 -0.670511 9.08409 1.46895 
98 -0.661287 9.08316 1.48376 
99 -0.651621 9.08209 1.49952 
100 -0.641615 9.08084 1.51618 
101 -0.631376 9.07937 1.53371 
102 -0.621009 9.07765 1.55207 
103 -0.61062 9.07563 1.57119 
104 -0.600312 9.07329 1.59101 
105 -0.590187 9.0706 1.61145 
106 -0.580342 9.06754 1.63242 
107 -0.570871 9.06407 1.65383 
108 -0.56186 9.06018 1.67555 
109 -0.553389 9.05585 1.69747 
110 -0.545531 9.05109 1.71948 
111 -0.538348 9.04587 1.74142 
112 -0.531894 9.04021 1.76317 
113 -0.526212 9.0341 1.78458 
114 -0.521336 9.02757 1.80551 
115 -0.517288 9.02062 1.82581 
116 -0.514079 9.01329 1.84533 
117 -0.511709 9.00559 1.86394 
118 -0.51017 8.99755 1.88149 
119 -0.50944 8.98922 1.89785 
120 -0.509489 8.98064 1.91291 
121 -0.51028 8.97183 1.92654 
122 -0.511765 8.96286 1.93864 
123 -0.513891 8.95376 1.94912 
124 -0.516596 8.94458 1.9579 
125 -0.519815 8.93538 1.96491 
126 -0.523478 8.9262 1.9701 
127 -0.527512 8.91709 1.97341 
128 -0.53184 8.9081 1.97484 
129 -0.536384 8.89928 1.97436 
130 -0.541067 8.89068 1.97196 
131 -0.545809 8.88233 1.96767 
132 -0.550533 8.87429 1.96151 
133 -0.555161 8.86659 1.9535 
134 -0.559619 8.85927 1.9437 
135 -0.563834 8.85238 1.93216 
136 -0.567735 8.84594 1.91894 
137 -0.571253 8.83998 1.90412 
138 -0.574324 8.83455 1.88777 
139 -0.576884 8.82965 1.86999 
140 -0.578872 8.82533 1.85085 
141 -0.580231 8.8216 1.83046 
142 -0.580906 8.81849 1.80892 
143 -0.580841 8.81601 1.78633 
144 -0.579984 8.81419 1.76281 
145 -0.578285 8.81305 1.73845 
146 -0.575693 8.81261 1.71338 
147 -0.572159 8.81288 1.6877 
148 -0.567634 8.81388 1.66155 
149 -0.562068 8.81563 1.63503 
150 -0.555413 8.81816 1.60827 
151 -0.547622 8.82148 1.5814 
152 -0.538651 8.82562 1.55456 
153 -0.52846 8.83059 1.52788 
154 -0.517015 8.83643 1.50151 
155 -0.504295 8.84316 1.47563 
156 -0.490296 8.85079 1.45041 
157 -0.475036 8.85935 1.42604 
158 -0.45857 8.86884 1.40276 
159 -0.440997 8.87927 1.38083 
160 -0.422476 8.89063 1.36051 
161 -0.403242 8.90289 1.34216 
162 -0.383623 8.91598 1.32613 
163 -0.364056 8.92981 1.31282 
164 -0.345107 8.94425 1.3027 
165 -0.327478 8.95912 1.29623 
166 -0.31201 8.97418 1.2939 
167 -0.29968 8.98913 1.29621 
168 -0.291577 9.00363 1.3036 
169 -0.288859 9.01728 1.31647 
170 -0.292709 9.02965 1.3351 
171 -0.304255 9.04029 1.35967 
172 -0.324503 9.04877 1.39016 
173 -0.35426 9.0547 1.42641 
174 -0.39407 9.05774 1.46807 
175 -0.444174 9.05766 1.51462 
176 -0.504493 9.05429 1.56543 
177 -0.574644 9.04763 1.61976 
178 -0.653978 9.03771 1.67682 
179 -0.741638 9.02471 1.73585 
180 -0.836631 9.00885 1.79609 
181 -0.937896 8.99042 1.85688 
182 -1.04437 8.96972 1.91764 
183 -1.15502 8.94707 1.97789 
184 -1.26893 8.9228 2.03725 
185 -1.38525 8.89719 2.09543 
186 -1.50327 8.87053 2.15223 
187 -1.62239 8.84305 2.20752 
188 -1.74214 8.81499 2.26119 
189 -1.86212 8.78653 2.31321 
190 -1.98205 8.75784 2.36356 
191 -2.1017 8.72905 2.41221 
192 -2.2209 8.7003 2.45916 
193 -2.33954 8.67169 2.50437 
194 -2.45753 8.64332 2.54782 
195 -2.57479 8.6153 2.58944 
196 -2.69126 8.5877 2.6291 
197 -2.80684 8.56062 2.66667 
198 -2.92143 8.53417 2.70195 
199 -3.03486 8.50844 2.73467 
200 -3.14693 8.48354 2.7645 
201 -3.25735 8.45961 2.79105 
202 -3.36572 8.43676 2.81385 
203 -3.47154 8.41513 2.83236 
204 -3.57419 8.39487 2.84599 
205 -3.67292 8.37613 2.85411 
206 -3.76685 8.35901 2.85608 
207 -3.85498 8.34363 2.85128 
208 -3.93627 8.33007 2.83922 
209 -4.00962 8.31833 2.81952 
210 -4.07403 8.30838 2.79202 
211 -4.12862 8.30009 2.75684 
212 -4.17276 8.29328 2.7144 
213 -4.20613 8.28769 2.66542 
214 -4.22877 8.28299 2.61092 
215 -4.24111 8.27883 2.55212 
216 -4.24391 8.27484 2.49041 
217 -4.23826 8.27069 2.42716 
218 -4.22541 8.26605 2.36371 
219 -4.20671 8.26067 2.30123 
220 -4.18352 8.25438 2.2407 
221 -4.15707 8.24704 2.18284 
222 -4.1285 8.23861 2.12815 
223 -4.09874 8.22906 2.07691 
224 -4.06853 8.21844 2.02921 
225 -4.03844 8.20682 1.98501 
226 -4.00889 8.19427 1.94415 
227 -3.98014 8.18088 1.90642 
228 -3.95235 8.16675 1.87154 
229 -3.9256 8.15198 1.83922 
230 -3.8999 8.13664 1.80918 
231 -3.87521 8.12083 1.78114 
232 -3.85146 8.10461 1.75485 
233 -3.82859 8.08805 1.73005 
234 -3.80649 8.0712 1.70654 
235 -3.78511 8.05412 1.68412 
236 -3.76438 8.03685 1.66264 
237 -3.74429 8.01945 1.64195 
238 -3.72485 8.00197 1.62195 
239 -3.70619 7.98449 1.60255 
240 -3.6885 7.9671 1.58372 
241 -3.67215 7.94998 1.56547 
242 -3.65765 7.93334 1.54788 
243 -3.64575 7.91757 1.53111 
244 -3.6374 7.9032 1.51543 
245 -3.63372 7.89105 1.50127 
246 -3.63585 7.88227 1.48925 
247 -3.64463 7.87845 1.48017 
248 -3.66006 7.88163 1.47503 
249 -3.68051 7.89425 1.47491 
250 -3.70168 7.91884 1.48078 
251 -3.71585 7.95754 1.49319 
252 -3.71174 8.01127 1.51187 
253 -3.67573 8.079 1.53541 
254 -3.59457 8.15744 1.5613 
255 -3.45867 8.24139 1.58634 
256 -3.26457 8.32495 1.60734 
257 -3.01525 8.40277 1.62183 
258 -2.71851 8.47111 1.62846 
259 -2.38433 8.52806 1.62693 
260 -2.02262 8.57325 1.61771 
261 -1.64177 8.60734 1.60172 
262 -1.24818 8.63151 1.57998 
263 -0.846327 8.64704 1.55347 
264 -0.439086 8.65511 1.52302 
265 -0.0281563 8.65665 1.48928 
266 0.385605 8.65232 1.45275 
267 0.801901 8.64247 1.41377 
268 1.22079 8.62717 1.37254 
269 1.64252 8.60618 1.32919 
270 2.0674 8.57895 1.28379 
271 2.49562 8.54463 1.23637 
272 2.9271 8.50202 1.18699 
273 3.36123 8.44959 1.13577 
274 3.7965 8.38556 1.08304 
275 4.23004 8.30795 1.0294 
276 4.6571 8.21494 0.975899 
277 5.07053 8.10526 0.924186 
278 5.46056 7.97884 0.876612 
279 5.81525 7.8376 0.83618 
280 6.12191 7.68599 0.806238 
281 6.36965 7.53102 0.789891 
282 6.55231 7.38138 0.789239 
283 6.67048 7.24569 0.804768 
284 6.73161 7.13064 0.835199 
285 6.74792 7.03973 0.877892 
286 6.7332 6.97308 0.929594 
287 6.69999 6.92829 0.987169 
288 6.65791 6.90158 1.04807 
289 6.61339 6.88887 1.11049 
290 6.57005 6.88642 1.17332 
291 6.52957 6.89121 1.23594 
292 6.49236 6.90092 1.2981 
293 6.45818 6.91386 1.35974 
294 6.42652 6.9289 1.42092 
295 6.3968 6.94525 1.48171 
296 6.3685 6.96242 1.54221 
297 6.34121 6.98008 1.6025 
298 6.31458 6.99803 1.66264 
299 6.28841 7.01614 1.7227 
300 6.26253 7.03435 1.7827 
301 6.23684 7.05262 1.84267 
302 6.21127 7.0709 1.90263 
303 6.18578 7.08919 1.9626 
304 6.16037 7.10747 2.02259 
305 6.13503 7.12574 2.08261 
306 6.10975 7.14398 2.14267 
307 6.08456 7.16219 2.20281 
308 6.05947 7.18035 2.26302 
309 6.03451 7.19846 2.32334 
310 6.00971 7.21649 2.3838 
311 5.9851 7.23443 2.44443 
312 5.96074 7.25225 2.50528 
313 5.93668 7.26993 2.56641 
314 5.91298 7.28741 2.62789 
315 5.88972 7.30468 2.68978 
316 5.86697 7.32166 2.7522 
317 5.84483 7.33832 2.81524 
318 5.82337 7.35457 2.87904 
319 5.80268 7.37035 2.94375 
320 5.78285 7.38557 3.00951 
321 5.76392 7.40016 3.07649 
322 5.74591 7.41402 3.14488 
323 5.72878 7.42707 3.21482 
324 5.71239 7.43926 3.28648 
325 5.69651 7.45054 3.35994 
326 5.68076 7.46092 3.43525 
327 5.66456 7.47043 3.51235 
328 5.64713 7.47921 3.59105 
329 5.62745 7.48747 3.671 
330 5.60426 7.49554 3.75165 
331 5.57609 7.50384 3.83225 
332 5.5413 7.51291 3.91183 
333 5.49819 7.52338 3.98928 
334 5.44511 7.53592 4.06333 
335 5.38063 7.55121 4.13269 
336 5.30361 7.56991 4.19614 
337 5.2134 7.59253 4.25264 
338 5.10983 7.61947 4.30137 
339 4.99323 7.65094 4.34184 
340 4.86442 7.68696 4.37389 
341 4.72452 7.72739 4.39764 
342 4.5749 7.77196 4.41348 
343 4.41702 7.82029 4.42197 
344 4.25234 7.87194 4.42377 
345 4.08221 7.92647 4.41957 
346 3.90784 7.9834 4.41006 
347 3.73023 8.04232 4.39584 
348 3.55024 8.10284 4.3774 
349 3.36852 8.1646 4.35512 
350 3.18559 8.22729 4.32926 
351 3.00183 8.29064 4.29993 
352 2.81755 8.35439 4.26712 
353 2.63299 8.4183 4.23066 
354 2.44838 8.48215 4.19026 
355 2.26397 8.54567 4.14549 
356 2.08005 8.60862 4.0958 
357 1.89704 8.67068 4.04048 
358 1.71551 8.7315 3.97875 
359 1.53621 8.79068 3.9097 
360 1.36018 8.84772 3.83235 
361 1.18873 8.90206 3.74575 
362 1.02353 8.95305 3.64897 
363 0.866611 9 3.54126 
364 0.720312 9.04216 3.42213 
365 0.587251 9.07877 3.29152 
366 0.470175 9.10916 3.14991 
367 0.371762 9.13277 2.99844 
368 0.294381 9.14927 2.83896 
369 0.239821 9.1586 2.67402 
370 0.209046 9.16103 2.5067 
371 0.202029 9.15715 2.34046 
372 0.217697 9.14788 2.17876 
373 0.254018 9.13433 2.02484 
374 0.308209 9.11775 1.88141 
375 0.377021 9.09939 1.75043 
376 0.457055 9.08042 1.63313 
377 0.545035 9.06184 1.52991 
378 0.638027 9.04444 1.44055 
379 0.733563 9.02881 1.3643 
380 0.829692 9.01535 1.30006 
381 0.92497 9.00426 1.24653 
382 1.0184 8.99565 1.20232 
383 1.10937 8.98949 1.16606 
384 1.19755 8.98572 1.13647 
385 1.28281 8.98424 1.11236 
386 1.3652 8.98494 1.09268 
387 1.44481 8.98771 1.07648 
388 1.52177 8.99246 1.06298 
389 1.59621 8.99911 1.05147 
390 1.66819 9.00763 1.04136 
391 1.73769 9.01799 1.03215 
392 1.8046 9.03021 1.02341 
393 1.86867 9.04429 1.0148 
394 1.9295 9.06028 1.00603 
395 1.98655 9.07818 0.996898 
396 2.03911 9.09799 0.987271 
397 2.08633 9.11968 0.977096 
398 2.12728 9.14315 0.966409 
399 2.16098 9.16821 0.955337 
400 2.18646 9.19462 0.944094 
401 2.20291 9.22204 0.932978 
402 2.20971 9.25003 0.922347 
403 2.20658 9.27811 0.912596 
404 2.19358 9.30577 0.904123 
405 2.17116 9.33251 0.897293 
406 2.14013 9.35787 0.892407 
407 2.10158 9.38148 0.889681 
408 2.05677 9.40307 0.889231 
409 2.00706 9.42248 0.891076 
410 1.95376 9.43964 0.895149 
411 1.89808 9.4546 0.901316 
412 1.84109 9.46746 0.909394 
413 1.78364 9.47838 0.919173 
414 1.72641 9.48756 0.930436 
415 1.66988 9.49519 0.942969 
416 1.6144 9.50147 0.95657 
417 1.56016 9.5066 0.971058 
418 1.50728 9.51076 0.986274 
419 1.45578 9.51409 1.00208 
420 1.40563 9.51674 1.01836 
421 1.35677 9.51883 1.03502 
422 1.3091 9.52045 1.05198 
423 1.26253 9.52169 1.06918 
424 1.21695 9.52263 1.08656 
425 1.17225 9.52331 1.10409 
426 1.12834 9.5238 1.12172 
427 1.08511 9.52411 1.13944 
428 1.04248 9.5243 1.15722 
429 1.00038 9.52438 1.17505 
430 0.958729 9.52438 1.19292 
431 0.917467 9.52431 1.21081 
432 0.87654 9.52418 1.22872 
433 0.835899 9.52401 1.24665 
434 0.795503 9.52381 1.26459 
435 0.755314 9.52357 1.28253 
436 0.715303 9.52332 1.30048 
437 0.675442 9.52304 1.31843 
438 0.635709 9.52276 1.33638 
439 0.596083 9.52246 1.35434 
440 0.556547 9.52215 1.37229 
441 0.517088 9.52184 1.39025 
442 0.477694 9.52152 1.4082 
