3,3,442
1.33113 0.230375 0.120114 
0.230375 0.256982 0.00766298 
0.120114 0.00766303 0.893812 
1.56834 0.289374 0.158325 
0.289374 0.283272 -0.00640076 
0.158325 -0.0064007 1.03 
1.7463 0.330754 0.184333 
0.330754 0.306327 -0.0144388 
0.184333 -0.0144387 1.13586 
1.86038 0.356352 0.200139 
0.356352 0.322135 -0.0187897 
0.200139 -0.0187896 1.20492 
1.9163 0.368678 0.207668 
0.368678 0.330061 -0.0207435 
0.207668 -0.0207434 1.23906 
1.91895 0.369261 0.207989 
0.369261 0.330266 -0.0208653 
0.207989 -0.0208652 1.24069 
1.86858 0.358176 0.201137 
0.358176 0.322677 -0.0191962 
0.201137 -0.0191961 1.20994 
1.7606 0.334023 0.186095 
0.334023 0.306883 -0.0152742 
0.186095 -0.0152741 1.14451 
1.58885 0.29432 0.160902 
0.29432 0.282853 -0.00798409 
0.160902 -0.00798403 1.04213 
1.35558 0.236959 0.123269 
0.236959 0.25298 0.00470319 
0.123269 0.00470325 0.907548 
1.09107 0.163703 0.0724099 
0.163703 0.2256 0.0257252 
0.0724099 0.0257252 0.765642 
0.869328 0.0847241 0.0122325 
0.0847241 0.216398 0.0575196 
0.0122325 0.0575196 0.669597 
0.775029 0.0173426 -0.0471595 
0.0173426 0.238642 0.0982489 
-0.0471595 0.0982489 0.672834 
0.817304 -0.0262589 -0.0944533 
-0.0262589 0.285328 0.139332 
-0.0944533 0.139332 0.76769 
0.916117 -0.0481309 -0.124971 
-0.0481309 0.332342 0.17089 
-0.124971 0.17089 0.885002 
0.996991 -0.0574289 -0.141513 
-0.0574289 0.363327 0.189647 
-0.141513 0.189647 0.969841 
1.04128 -0.0611262 -0.149392 
-0.0611262 0.378152 0.198611 
-0.149392 0.198611 1.01454 
1.06002 -0.0625737 -0.152845 
-0.0625737 0.383175 0.202109 
-0.152845 0.202109 1.03337 
1.06615 -0.0631427 -0.15432 
-0.0631427 0.383662 0.203115 
-0.15432 0.203115 1.03971 
1.0671 -0.0633746 -0.154985 
-0.0633746 0.382409 0.203138 
-0.154985 0.203138 1.04097 
1.06614 -0.0634764 -0.155325 
-0.0634764 0.3806 0.202807 
-0.155325 0.202807 1.04032 
1.06446 -0.0635222 -0.15552 
-0.0635222 0.378665 0.202354 
-0.15552 0.202354 1.03895 
1.06247 -0.0635364 -0.15563 
-0.0635364 0.376732 0.201853 
-0.15563 0.201853 1.03725 
1.06027 -0.0635265 -0.155674 
-0.0635265 0.374833 0.201323 
-0.155674 0.201323 1.03533 
1.05788 -0.0634947 -0.155658 
-0.0634947 0.372966 0.200768 
-0.155658 0.200768 1.03319 
1.0553 -0.0634417 -0.155585 
-0.0634417 0.371122 0.200187 
-0.155585 0.200187 1.03086 
1.05252 -0.0633679 -0.155454 
-0.0633679 0.369294 0.199577 
-0.155454 0.199577 1.02832 
1.04954 -0.0632734 -0.155268 
-0.0632734 0.36747 0.198936 
-0.155268 0.198936 1.02556 
1.04634 -0.0631584 -0.155027 
-0.0631584 0.365644 0.198262 
-0.155027 0.198262 1.02258 
1.04293 -0.0630229 -0.154731 
-0.0630229 0.363807 0.197554 
-0.154731 0.197554 1.01937 
1.03929 -0.0628671 -0.154381 
-0.0628671 0.361953 0.19681 
-0.154381 0.19681 1.01592 
1.03541 -0.0626909 -0.153977 
-0.0626909 0.360074 0.196027 
-0.153977 0.196027 1.01223 
1.03129 -0.0624943 -0.153519 
-0.0624943 0.358164 0.195204 
-0.153519 0.195204 1.0083 
1.02692 -0.0622774 -0.153008 
-0.0622774 0.356219 0.19434 
-0.153008 0.19434 1.00411 
1.0223 -0.0620399 -0.152443 
-0.0620399 0.354231 0.193432 
-0.152443 0.193432 0.99966 
1.01741 -0.0617818 -0.151824 
-0.0617818 0.352197 0.19248 
-0.151824 0.19248 0.994947 
1.01226 -0.061503 -0.151151 
-0.061503 0.350111 0.191482 
-0.151151 0.191482 0.989961 
1.00683 -0.0612033 -0.150424 
-0.0612033 0.347969 0.190436 
-0.150424 0.190436 0.984698 
1.00112 -0.0608826 -0.149643 
-0.0608826 0.345766 0.189342 
-0.149643 0.189342 0.979151 
0.995119 -0.0605405 -0.148806 
-0.0605405 0.343499 0.188196 
-0.148806 0.188196 0.973314 
0.988823 -0.060177 -0.147914 
-0.060177 0.341164 0.186999 
-0.147914 0.186999 0.967181 
0.982225 -0.0597918 -0.146966 
-0.0597918 0.338757 0.185749 
-0.146966 0.185749 0.960746 
0.975319 -0.0593846 -0.145962 
-0.0593846 0.336274 0.184445 
-0.145962 0.184445 0.954002 
0.968097 -0.0589551 -0.1449 
-0.0589551 0.333713 0.183084 
-0.1449 0.183084 0.946943 
0.960555 -0.0585031 -0.14378 
-0.0585031 0.331069 0.181667 
-0.14378 0.181667 0.939563 
0.952685 -0.0580283 -0.142602 
-0.0580283 0.32834 0.180192 
-0.142602 0.180192 0.931857 
0.944481 -0.0575305 -0.141365 
-0.0575305 0.325523 0.178657 
-0.141365 0.178657 0.923818 
0.935937 -0.0570093 -0.140068 
-0.0570093 0.322616 0.177062 
-0.140068 0.177062 0.915441 
0.927049 -0.0564644 -0.13871 
-0.0564644 0.319616 0.175405 
-0.13871 0.175405 0.90672 
0.917809 -0.0558957 -0.137291 
-0.0558957 0.31652 0.173686 
-0.137291 0.173686 0.89765 
0.908214 -0.0553029 -0.135809 
-0.0553029 0.313327 0.171903 
-0.135809 0.171903 0.888225 
0.898259 -0.0546857 -0.134266 
-0.0546857 0.310034 0.170056 
-0.134266 0.170056 0.878443 
0.88794 -0.0540439 -0.132659 
-0.0540439 0.306641 0.168144 
-0.132659 0.168144 0.868298 
0.877252 -0.0533773 -0.130988 
-0.0533773 0.303145 0.166167 
-0.130988 0.166167 0.857787 
0.866194 -0.0526859 -0.129253 
-0.0526859 0.299545 0.164123 
-0.129253 0.164123 0.846907 
0.854763 -0.0519694 -0.127454 
-0.0519694 0.295842 0.162014 
-0.127454 0.162014 0.835657 
0.842958 -0.0512279 -0.12559 
-0.0512279 0.292033 0.159838 
-0.12559 0.159838 0.824033 
0.830778 -0.0504613 -0.123661 
-0.0504613 0.28812 0.157595 
-0.123661 0.157595 0.812037 
0.818225 -0.0496697 -0.121668 
-0.0496697 0.284103 0.155287 
-0.121668 0.155287 0.799669 
0.805299 -0.0488533 -0.11961 
-0.0488533 0.279982 0.152913 
-0.11961 0.152913 0.786931 
0.792005 -0.0480121 -0.117488 
-0.0480121 0.275758 0.150474 
-0.117488 0.150474 0.773824 
0.778346 -0.0471466 -0.115302 
-0.0471466 0.271434 0.147972 
-0.115302 0.147972 0.760354 
0.764329 -0.046257 -0.113053 
-0.046257 0.267011 0.145407 
-0.113053 0.145407 0.746526 
0.749961 -0.0453439 -0.110742 
-0.0453439 0.262492 0.142781 
-0.110742 0.142781 0.732348 
0.735251 -0.0444079 -0.108371 
-0.0444079 0.257881 0.140096 
-0.108371 0.140096 0.717828 
0.72021 -0.0434495 -0.10594 
-0.0434495 0.253182 0.137354 
-0.10594 0.137354 0.702977 
0.704852 -0.0424696 -0.103452 
-0.0424696 0.248398 0.134559 
-0.103452 0.134559 0.687807 
0.689191 -0.0414692 -0.100909 
-0.0414692 0.243537 0.131712 
-0.100909 0.131712 0.672333 
0.673245 -0.0404493 -0.0983136 
-0.0404493 0.238603 0.128818 
-0.0983136 0.128818 0.656572 
0.657032 -0.0394111 -0.0956679 
-0.0394111 0.233603 0.12588 
-0.0956679 0.12588 0.640541 
0.640574 -0.0383559 -0.0929753 
-0.0383559 0.228545 0.122903 
-0.0929753 0.122903 0.624262 
0.623894 -0.0372852 -0.0902393 
-0.0372852 0.223437 0.11989 
-0.0902393 0.11989 0.607758 
0.607019 -0.0362006 -0.0874637 
-0.0362006 0.218288 0.116848 
-0.0874637 0.116848 0.591054 
0.589976 -0.0351038 -0.0846526 
-0.0351038 0.213108 0.113782 
-0.0846526 0.113782 0.574176 
0.572797 -0.0339969 -0.0818105 
-0.0339969 0.207906 0.110698 
-0.0818105 0.110698 0.557156 
0.555512 -0.0328816 -0.0789423 
-0.0328816 0.202695 0.107601 
-0.0789423 0.107601 0.540024 
0.538158 -0.0317603 -0.0760532 
-0.0317603 0.197485 0.104499 
-0.0760532 0.104499 0.522814 
0.520768 -0.0306353 -0.0731486 
-0.0306353 0.192288 0.101399 
-0.0731486 0.101399 0.505561 
0.503383 -0.0295087 -0.0702342 
-0.0295087 0.187118 0.0983074 
-0.0702342 0.0983074 0.488302 
0.486041 -0.0283833 -0.0673162 
-0.0283833 0.181987 0.0952322 
-0.0673162 0.0952322 0.471076 
0.468782 -0.0272614 -0.0644007 
-0.0272614 0.176909 0.0921809 
-0.0644007 0.0921809 0.453923 
0.451649 -0.0261458 -0.0614942 
-0.0261458 0.171897 0.0891616 
-0.0614942 0.0891616 0.436883 
0.434684 -0.0250391 -0.0586033 
-0.0250391 0.166965 0.0861821 
-0.0586033 0.0861821 0.419998 
0.417928 -0.023944 -0.0557346 
-0.023944 0.162127 0.0832504 
-0.0557346 0.0832504 0.403309 
0.401424 -0.0228632 -0.0528948 
-0.0228632 0.157396 0.0803744 
-0.0528948 0.0803744 0.386858 
0.385215 -0.0217993 -0.0500906 
-0.0217993 0.152786 0.0775618 
-0.0500906 0.0775618 0.370687 
0.369341 -0.020755 -0.0473286 
-0.020755 0.148309 0.0748201 
-0.0473286 0.0748201 0.354836 
0.353843 -0.0197328 -0.0446152 
-0.0197328 0.143978 0.0721567 
-0.0446152 0.0721567 0.339344 
0.338757 -0.0187351 -0.0419567 
-0.0187351 0.139804 0.0695782 
-0.0419567 0.0695782 0.324248 
0.32412 -0.0177642 -0.039359 
-0.0177642 0.135799 0.0670912 
-0.039359 0.0670912 0.309586 
0.309965 -0.0168224 -0.0368279 
-0.0168224 0.131972 0.0647015 
-0.0368279 0.0647015 0.295388 
0.296324 -0.0159116 -0.0343686 
-0.0159116 0.128331 0.0624144 
-0.0343686 0.0624144 0.281687 
0.283223 -0.0150335 -0.0319859 
-0.0150335 0.124885 0.0602343 
-0.0319859 0.0602343 0.26851 
0.270685 -0.0141897 -0.0296841 
-0.0141897 0.12164 0.0581654 
-0.0296841 0.0581654 0.25588 
0.258732 -0.0133816 -0.0274672 
-0.0133816 0.1186 0.0562106 
-0.0274672 0.0562106 0.243817 
0.247379 -0.0126103 -0.0253384 
-0.0126103 0.115769 0.0543722 
-0.0253384 0.0543722 0.23234 
0.236639 -0.0118764 -0.0233004 
-0.0118764 0.11315 0.0526518 
-0.0233004 0.0526518 0.221459 
0.226518 -0.0111807 -0.0213553 
-0.0111807 0.110743 0.0510499 
-0.0213553 0.0510499 0.211184 
0.217021 -0.0105234 -0.0195046 
-0.0105234 0.108546 0.0495665 
-0.0195046 0.0495665 0.201519 
0.208148 -0.00990444 -0.0177492 
-0.00990444 0.106558 0.0482004 
-0.0177492 0.0482004 0.192465 
0.199893 -0.0093236 -0.0160893 
-0.0093236 0.104776 0.04695 
-0.0160893 0.04695 0.184018 
0.192248 -0.00878033 -0.0145247 
-0.00878033 0.103193 0.0458126 
-0.0145247 0.0458126 0.17617 
0.185202 -0.00827385 -0.0130546 
-0.00827385 0.101804 0.044785 
-0.0130546 0.044785 0.168911 
0.178739 -0.00780312 -0.0116775 
-0.00780312 0.100602 0.0438633 
-0.0116775 0.0438633 0.162227 
0.17284 -0.00736686 -0.0103917 
-0.00736686 0.0995773 0.043043 
-0.0103917 0.043043 0.1561 
0.167485 -0.00696357 -0.00919494 
-0.00696357 0.0987222 0.0423191 
-0.00919494 0.0423191 0.150511 
0.162649 -0.00659153 -0.00808448 
-0.00659153 0.0980266 0.0416863 
-0.00808448 0.0416863 0.145437 
0.158308 -0.00624885 -0.00705738 
-0.00624885 0.0974799 0.0411389 
-0.00705738 0.0411389 0.140853 
0.154434 -0.00593343 -0.00611038 
-0.00593343 0.0970718 0.0406708 
-0.00611038 0.0406708 0.136735 
0.151001 -0.005643 -0.00523999 
-0.005643 0.0967913 0.0402762 
-0.00523999 0.0402762 0.133055 
0.147978 -0.00537515 -0.00444256 
-0.00537515 0.0966278 0.0399488 
-0.00444256 0.0399488 0.129785 
0.14534 -0.00512729 -0.00371431 
-0.00512729 0.0965708 0.0396826 
-0.00371431 0.0396826 0.126898 
0.143056 -0.00489672 -0.00305141 
-0.00489672 0.0966103 0.0394719 
-0.00305141 0.0394719 0.124366 
0.141099 -0.00468058 -0.00244998 
-0.00468058 0.0967367 0.0393109 
-0.00244998 0.0393109 0.122161 
0.139445 -0.00447589 -0.00190619 
-0.00447589 0.0969414 0.0391946 
-0.00190619 0.0391946 0.120257 
0.138067 -0.00427953 -0.00141626 
-0.00427953 0.0972167 0.039118 
-0.00141626 0.039118 0.118628 
0.136944 -0.00408829 -0.00097652 
-0.00408829 0.097556 0.039077 
-0.00097652 0.039077 0.117251 
0.136054 -0.00389881 -0.000583409 
-0.00389881 0.0979538 0.0390679 
-0.000583409 0.0390679 0.116103 
0.13538 -0.00370761 -0.000233531 
-0.00370761 0.0984064 0.0390876 
-0.000233531 0.0390876 0.115164 
0.134906 -0.00351114 7.63327e-05 
-0.00351114 0.0989112 0.0391338 
7.63326e-05 0.0391338 0.114416 
0.13462 -0.00330572 0.000349217 
-0.00330572 0.0994672 0.039205 
0.000349217 0.039205 0.113844 
0.134512 -0.0030876 0.000587954 
-0.0030876 0.100075 0.0393004 
0.000587953 0.0393004 0.113434 
0.134576 -0.00285293 0.000795163 
-0.00285293 0.100738 0.0394201 
0.000795163 0.0394201 0.113175 
0.134808 -0.00259785 0.000973262 
-0.00259785 0.101459 0.0395647 
0.000973262 0.0395647 0.113059 
0.135207 -0.00231845 0.00112445 
-0.00231845 0.102244 0.0397358 
0.00112445 0.0397358 0.113081 
0.135775 -0.00201085 0.00125074 
-0.00201085 0.103099 0.0399356 
0.00125074 0.0399356 0.113238 
0.136518 -0.00167122 0.00135394 
-0.00167122 0.104034 0.0401671 
0.00135394 0.0401671 0.113527 
0.137442 -0.0012958 0.00143568 
-0.0012958 0.105058 0.0404336 
0.00143568 0.0404336 0.113951 
0.138555 -0.000881032 0.00149742 
-0.000881032 0.106181 0.0407391 
0.00149742 0.0407391 0.114511 
0.139869 -0.00042352 0.00154049 
-0.00042352 0.107414 0.0410878 
0.00154049 0.0410878 0.115212 
0.141394 7.98422e-05 0.00156605 
7.98422e-05 0.108769 0.0414842 
0.00156605 0.0414842 0.11606 
0.143142 0.000631831 0.0015752 
0.000631831 0.110256 0.0419328 
0.0015752 0.0419328 0.11706 
0.145124 0.00123483 0.0015689 
0.00123483 0.111888 0.0424382 
0.0015689 0.0424382 0.118219 
0.147353 0.00189076 0.00154808 
0.00189076 0.113674 0.0430046 
0.00154807 0.0430046 0.119543 
0.149838 0.00260103 0.00151358 
0.00260103 0.115623 0.0436358 
0.00151358 0.0436358 0.12104 
0.152588 0.00336646 0.00146624 
0.00336646 0.117744 0.0443353 
0.00146624 0.0443353 0.122713 
0.155609 0.00418727 0.00140688 
0.00418727 0.120044 0.0451059 
0.00140688 0.0451059 0.124569 
0.158906 0.00506301 0.00133631 
0.00506301 0.122526 0.0459494 
0.0013363 0.0459494 0.126609 
0.162479 0.00599253 0.00125535 
0.00599253 0.125193 0.046867 
0.00125535 0.046867 0.128835 
0.166326 0.00697399 0.00116489 
0.00697399 0.128045 0.0478588 
0.00116489 0.0478588 0.131247 
0.170442 0.00800485 0.00106581 
0.00800485 0.13108 0.0489239 
0.00106581 0.0489239 0.133841 
0.174818 0.00908185 0.000959084 
0.00908185 0.134292 0.0500603 
0.000959081 0.0500603 0.136613 
0.179441 0.010201 0.00084571 
0.010201 0.137674 0.051265 
0.000845706 0.051265 0.139554 
0.184294 0.0113578 0.000726763 
0.0113578 0.141214 0.0525338 
0.000726759 0.0525338 0.142656 
0.189359 0.012547 0.000603384 
0.012547 0.144901 0.0538616 
0.00060338 0.0538616 0.145906 
0.19461 0.0137629 0.00047678 
0.0137629 0.148718 0.0552421 
0.000476775 0.0552421 0.14929 
0.200023 0.0149991 0.000348229 
0.0149991 0.152648 0.0566682 
0.000348224 0.0566682 0.152792 
0.205567 0.0162489 0.000219083 
0.0162489 0.15667 0.0581319 
0.000219077 0.0581319 0.156393 
0.211211 0.0175054 9.07646e-05 
0.0175054 0.160764 0.0596244 
9.07588e-05 0.0596244 0.160074 
0.216921 0.0187611 -3.52201e-05 
0.0187611 0.164906 0.0611363 
-3.52264e-05 0.0611363 0.163813 
0.22266 0.0200083 -0.000157289 
0.0200083 0.169071 0.0626575 
-0.000157295 0.0626575 0.167587 
0.228391 0.0212395 -0.000273776 
0.0212395 0.173232 0.0641778 
-0.000273783 0.0641778 0.171375 
0.234076 0.0224468 -0.000382917 
0.0224468 0.177363 0.0656863 
-0.000382924 0.0656863 0.17515 
0.239675 0.0236223 -0.000482851 
0.0236223 0.181438 0.0671722 
-0.000482859 0.0671722 0.17889 
0.24515 0.0247585 -0.000571599 
0.0247585 0.185427 0.0686245 
-0.000571607 0.0686245 0.182571 
0.25046 0.0258476 -0.000647052 
0.0258476 0.189302 0.0700324 
-0.00064706 0.0700324 0.186168 
0.255569 0.0268825 -0.000706952 
0.0268825 0.193037 0.0713851 
-0.000706961 0.0713851 0.189659 
0.260439 0.0278562 -0.000748866 
0.0278562 0.196605 0.0726725 
-0.000748875 0.0726725 0.193022 
0.265034 0.0287621 -0.000770158 
0.0287621 0.199977 0.0738845 
-0.000770167 0.0738845 0.196236 
0.26932 0.0295941 -0.000767961 
0.0295941 0.20313 0.0750122 
-0.00076797 0.0750122 0.199284 
0.273268 0.0303469 -0.000739126 
0.0303469 0.206038 0.0760471 
-0.000739135 0.0760471 0.20215 
0.276848 0.0310156 -0.000680197 
0.0310156 0.20868 0.0769818 
-0.000680207 0.0769818 0.20482 
0.280039 0.0315963 -0.000587351 
0.0315963 0.211034 0.0778101 
-0.000587361 0.0778101 0.207285 
0.282818 0.032086 -0.000456339 
0.032086 0.213081 0.078527 
-0.000456349 0.078527 0.20954 
0.285174 0.0324828 -0.000282455 
0.0324828 0.214807 0.0791294 
-0.000282465 0.0791294 0.211582 
0.287096 0.032786 -6.04496e-05 
0.032786 0.216198 0.0796155 
-6.04595e-05 0.0796155 0.213417 
0.288582 0.0329963 0.000215517 
0.0329963 0.217244 0.079986 
0.000215508 0.079986 0.215054 
0.28964 0.0331158 0.000551926 
0.0331158 0.21794 0.0802438 
0.000551917 0.0802438 0.21651 
0.290281 0.0331484 0.00095597 
0.0331484 0.218285 0.0803942 
0.00095596 0.0803942 0.217808 
0.29053 0.0331 0.00143558 
0.0331 0.218283 0.0804453 
0.00143557 0.0804453 0.218982 
0.290418 0.0329783 0.00199948 
0.0329783 0.217943 0.0804085 
0.00199947 0.0804085 0.22007 
0.289991 0.0327931 0.00265717 
0.0327931 0.217278 0.0802982 
0.00265716 0.0802982 0.221123 
0.289302 0.0325566 0.00341892 
0.0325566 0.216311 0.0801324 
0.00341891 0.0801324 0.222201 
0.288417 0.0322831 0.00429574 
0.0322831 0.215069 0.0799322 
0.00429573 0.0799322 0.223371 
0.287414 0.0319894 0.00529926 
0.0319894 0.213584 0.0797227 
0.00529925 0.0797227 0.224713 
0.286381 0.0316941 0.00644164 
0.0316941 0.211898 0.0795318 
0.00644163 0.0795318 0.226313 
0.285418 0.0314181 0.0077353 
0.0314181 0.210057 0.0793909 
0.00773529 0.0793909 0.228266 
0.284632 0.0311839 0.00919272 
0.0311839 0.208112 0.0793336 
0.00919271 0.0793336 0.230674 
0.284138 0.0310151 0.0108261 
0.0310151 0.206121 0.0793957 
0.0108261 0.0793957 0.233643 
0.284055 0.0309364 0.0126471 
0.0309364 0.204144 0.0796142 
0.0126471 0.0796142 0.23728 
0.284503 0.0309724 0.0146662 
0.0309724 0.202244 0.0800264 
0.0146662 0.0800264 0.241693 
0.285602 0.0311475 0.0168923 
0.0311475 0.200485 0.0806687 
0.0168923 0.0806687 0.246984 
0.287465 0.0314844 0.0193325 
0.0314844 0.19893 0.0815754 
0.0193325 0.0815754 0.253247 
0.290195 0.032004 0.0219912 
0.032004 0.197638 0.0827776 
0.0219912 0.0827776 0.260566 
0.293881 0.0327242 0.0248699 
0.0327242 0.196665 0.0843019 
0.0248699 0.0843019 0.269006 
0.298597 0.0336593 0.0279667 
0.0336593 0.196058 0.0861689 
0.0279667 0.0861689 0.278616 
0.304392 0.0348192 0.0312764 
0.0348192 0.195857 0.0883929 
0.0312764 0.0883929 0.289421 
0.311296 0.0362093 0.0347896 
0.0362093 0.196091 0.0909804 
0.0347896 0.0909804 0.301423 
0.319311 0.0378296 0.0384932 
0.0378296 0.196778 0.0939301 
0.0384932 0.0939301 0.314597 
0.328415 0.0396751 0.0423704 
0.0396751 0.197926 0.0972323 
0.0423704 0.0972323 0.328894 
0.33856 0.0417358 0.0464011 
0.0417358 0.199529 0.10087 
0.0464011 0.10087 0.34424 
0.349676 0.0439968 0.050562 
0.0439968 0.201572 0.104817 
0.0505619 0.104817 0.360537 
0.361671 0.0464392 0.0548274 
0.0464392 0.204028 0.109044 
0.0548274 0.109044 0.377669 
0.374437 0.0490406 0.05917 
0.0490406 0.206864 0.113513 
0.05917 0.113513 0.395503 
0.387849 0.0517757 0.0635613 
0.0517757 0.210036 0.118183 
0.0635613 0.118183 0.413895 
0.401778 0.0546179 0.0679725 
0.0546179 0.213497 0.12301 
0.0679725 0.12301 0.432692 
0.416087 0.0575391 0.0723752 
0.0575391 0.217197 0.127951 
0.0723752 0.127951 0.451742 
0.430639 0.0605117 0.0767422 
0.0605117 0.221083 0.132959 
0.0767422 0.132959 0.470893 
0.445302 0.0635086 0.081048 
0.0635086 0.225104 0.137992 
0.081048 0.137992 0.489997 
0.459951 0.0665042 0.085269 
0.0665042 0.22921 0.143008 
0.085269 0.143008 0.50892 
0.474468 0.0694747 0.0893845 
0.0694747 0.233352 0.14797 
0.0893845 0.14797 0.527536 
0.48875 0.0723988 0.0933763 
0.0723988 0.237489 0.152843 
0.0933763 0.152843 0.545735 
0.502706 0.0752579 0.0972295 
0.0752579 0.241581 0.157598 
0.0972295 0.157598 0.563421 
0.516257 0.078036 0.100932 
0.078036 0.245595 0.162211 
0.100932 0.162211 0.580515 
0.52934 0.08072 0.104474 
0.08072 0.249504 0.16666 
0.104474 0.16666 0.596952 
0.541904 0.0832994 0.107849 
0.0832994 0.253284 0.170929 
0.107849 0.170929 0.612684 
0.553913 0.0857665 0.111053 
0.0857665 0.256918 0.175007 
0.111053 0.175007 0.627676 
0.56534 0.0881158 0.114085 
0.0881158 0.260392 0.178886 
0.114085 0.178886 0.641906 
0.576171 0.0903438 0.116944 
0.0903438 0.263698 0.182561 
0.116944 0.182561 0.655364 
0.586399 0.0924491 0.119633 
0.0924491 0.266831 0.18603 
0.119633 0.18603 0.66805 
0.596026 0.0944317 0.122154 
0.0944317 0.269787 0.189294 
0.122154 0.189294 0.679971 
0.605062 0.0962932 0.124513 
0.0962932 0.272569 0.192357 
0.124513 0.192357 0.691145 
0.61352 0.0980361 0.126714 
0.0980361 0.275179 0.195224 
0.126714 0.195224 0.70159 
0.621418 0.0996636 0.128765 
0.0996636 0.277621 0.1979 
0.128765 0.1979 0.711334 
0.628778 0.10118 0.130671 
0.10118 0.279903 0.200393 
0.130671 0.200393 0.720404 
0.635624 0.102589 0.13244 
0.102589 0.282031 0.202711 
0.13244 0.202711 0.728833 
0.64198 0.103897 0.134078 
0.103897 0.284013 0.204863 
0.134078 0.204863 0.736651 
0.647874 0.105108 0.135593 
0.105108 0.285858 0.206857 
0.135593 0.206857 0.743893 
0.653331 0.106227 0.136992 
0.106227 0.287574 0.208702 
0.136992 0.208702 0.750591 
0.658378 0.107259 0.138282 
0.107259 0.289171 0.210407 
0.138282 0.210407 0.756779 
0.663041 0.108209 0.139469 
0.108209 0.290657 0.211981 
0.139469 0.211981 0.762487 
0.667345 0.109082 0.140559 
0.109082 0.29204 0.213432 
0.140559 0.213432 0.767748 
0.671315 0.109883 0.14156 
0.109883 0.29333 0.214768 
0.14156 0.214768 0.772591 
0.674973 0.110616 0.142476 
0.110616 0.294535 0.215997 
0.142476 0.215997 0.777043 
0.678342 0.111285 0.143313 
0.111285 0.295661 0.217126 
0.143313 0.217126 0.781132 
0.681442 0.111894 0.144075 
0.111894 0.296718 0.218163 
0.144075 0.218163 0.784883 
0.684293 0.112447 0.144769 
0.112447 0.297712 0.219112 
0.144769 0.219112 0.788318 
0.686913 0.112946 0.145397 
0.112946 0.298649 0.219981 
0.145397 0.219981 0.791461 
0.68932 0.113396 0.145965 
0.113396 0.299538 0.220776 
0.145965 0.220776 0.794331 
0.69153 0.113799 0.146475 
0.113799 0.300384 0.2215 
0.146475 0.2215 0.796948 
0.693557 0.114157 0.146931 
0.114157 0.301192 0.22216 
0.146931 0.22216 0.799329 
0.695415 0.114473 0.147336 
0.114473 0.301971 0.22276 
0.147335 0.22276 0.801489 
0.697118 0.11475 0.147692 
0.11475 0.302724 0.223303 
0.147692 0.223303 0.803445 
0.698678 0.114988 0.148003 
0.114988 0.303457 0.223794 
0.148003 0.223794 0.80521 
0.700106 0.115189 0.14827 
0.115189 0.304177 0.224236 
0.14827 0.224236 0.806796 
0.701412 0.115356 0.148495 
0.115356 0.304889 0.224632 
0.148495 0.224632 0.808216 
0.702607 0.115488 0.14868 
0.115488 0.305598 0.224986 
0.14868 0.224986 0.809479 
0.703699 0.115588 0.148827 
0.115588 0.306309 0.2253 
0.148827 0.2253 0.810595 
0.704696 0.115655 0.148935 
0.115655 0.307029 0.225576 
0.148935 0.225576 0.811572 
0.705604 0.115691 0.149007 
0.115691 0.307761 0.225816 
0.149007 0.225816 0.812417 
0.70643 0.115694 0.149041 
0.115694 0.308511 0.226021 
0.149041 0.226021 0.813134 
0.707172 0.115665 0.149038 
0.115665 0.309282 0.226191 
0.149038 0.226191 0.813721 
0.707828 0.1156 0.148994 
0.1156 0.310075 0.226324 
0.148994 0.226324 0.814171 
0.70838 0.115497 0.148906 
0.115497 0.310888 0.226415 
0.148906 0.226415 0.814463 
0.708796 0.115349 0.148764 
0.115349 0.311709 0.226451 
0.148764 0.226451 0.814558 
0.709011 0.115142 0.148553 
0.115142 0.312516 0.226412 
0.148553 0.226412 0.814377 
0.708909 0.114858 0.148248 
0.114858 0.313262 0.22626 
0.148248 0.22626 0.813785 
0.708294 0.114461 0.147805 
0.114461 0.313865 0.225932 
0.147805 0.225932 0.812552 
0.70685 0.113897 0.147156 
0.113897 0.314188 0.225325 
0.147156 0.225325 0.810311 
0.70409 0.113084 0.146198 
0.113084 0.314016 0.224282 
0.146198 0.224282 0.806495 
0.699302 0.111893 0.144779 
0.111893 0.313025 0.222572 
0.144779 0.222572 0.800268 
0.691525 0.110144 0.142695 
0.110144 0.31076 0.219881 
0.142695 0.219881 0.790487 
0.679596 0.107582 0.139691 
0.107582 0.306643 0.215816 
0.139691 0.215816 0.775715 
0.662343 0.103877 0.135494 
0.103877 0.300023 0.209958 
0.135494 0.209958 0.754382 
0.639023 0.0986162 0.129887 
0.0986162 0.290326 0.201975 
0.129887 0.201975 0.725176 
0.61002 0.0913331 0.12283 
0.0913331 0.277314 0.191815 
0.12283 0.191815 0.687697 
0.577632 0.0815628 0.114602 
0.0815628 0.261403 0.179936 
0.114602 0.179936 0.643255 
0.546528 0.0689429 0.105897 
0.0689429 0.243908 0.167455 
0.105897 0.167455 0.595426 
0.523262 0.053346 0.097776 
0.053346 0.226977 0.156069 
0.097776 0.156069 0.549841 
0.514597 0.035006 0.0914169 
0.035006 0.213114 0.147647 
0.0914169 0.147647 0.512889 
0.525182 0.0145716 0.087745 
0.0145716 0.204394 0.143639 
0.087745 0.143639 0.489737 
0.555778 -0.00696277 0.0871276 
-0.00696277 0.201787 0.144578 
0.0871276 0.144578 0.482649 
0.603019 -0.0284364 0.0892938 
-0.0284364 0.204935 0.149963 
0.0892938 0.149963 0.490486 
0.660672 -0.0487376 0.0934897 
-0.0487376 0.21243 0.158518 
0.0934897 0.158518 0.509484 
0.72151 -0.0669682 0.0987478 
-0.0669682 0.222364 0.168639 
0.0987478 0.168639 0.53466 
0.778873 -0.0825124 0.104125 
-0.0825124 0.232832 0.17878 
0.104125 0.17878 0.561095 
0.827491 -0.0950209 0.108839 
-0.095021 0.24224 0.187682 
0.108839 0.187682 0.584687 
0.86362 -0.104347 0.112308 
-0.104348 0.249402 0.194429 
0.112308 0.194429 0.602384 
0.884811 -0.110477 0.114127 
-0.110477 0.253519 0.198423 
0.114127 0.198423 0.612095 
0.889562 -0.113468 0.114021 
-0.113468 0.254105 0.199308 
0.114021 0.199308 0.612486 
0.877062 -0.113429 0.111815 
-0.113429 0.250929 0.196933 
0.111815 0.196933 0.602812 
0.847104 -0.110518 0.107409 
-0.110518 0.244002 0.191335 
0.107409 0.191335 0.582854 
0.800213 -0.104983 0.100788 
-0.104983 0.233625 0.182785 
0.100788 0.182785 0.553002 
0.737978 -0.0972306 0.092055 
-0.0972306 0.220486 0.171871 
0.092055 0.171871 0.514479 
0.663517 -0.0879059 0.0814875 
-0.0879059 0.205786 0.159615 
0.0814875 0.159615 0.469638 
0.581874 -0.0779592 0.0695851 
-0.0779593 0.191326 0.147541 
0.0695851 0.147541 0.42221 
0.50003 -0.0686347 0.0570865 
-0.0686347 0.179434 0.137627 
0.0570865 0.137627 0.377232 
0.426133 -0.0613199 0.0449049 
-0.0613199 0.172617 0.132017 
0.0449049 0.132017 0.340411 
0.367806 -0.0572371 0.0339628 
-0.0572371 0.172924 0.132487 
0.0339628 0.132487 0.316821 
0.330009 -0.0570644 0.0249668 
-0.0570644 0.181208 0.13981 
0.0249668 0.13981 0.309327 
0.313504 -0.0606813 0.0182268 
-0.0606813 0.196689 0.153374 
0.0182268 0.153374 0.317518 
0.314902 -0.0672145 0.0136236 
-0.0672145 0.217148 0.171324 
0.0136236 0.171324 0.337906 
0.328319 -0.0753771 0.0107386 
-0.0753771 0.239696 0.191201 
0.0107386 0.191201 0.36532 
0.347601 -0.083904 0.00905392 
-0.083904 0.261679 0.210714 
0.00905391 0.210714 0.394684 
0.367943 -0.0918574 0.00811306 
-0.0918574 0.28127 0.228252 
0.00811305 0.228252 0.422248 
0.386426 -0.0987162 0.0075902 
-0.0987162 0.297588 0.24301 
0.0075902 0.24301 0.445937 
0.40175 -0.104305 0.00728636 
-0.104305 0.310484 0.254814 
0.00728635 0.254814 0.465044 
0.413652 -0.108662 0.00709369 
-0.108662 0.320234 0.263868 
0.00709369 0.263868 0.479702 
0.422378 -0.111924 0.00695881 
-0.111924 0.327274 0.270526 
0.00695881 0.270526 0.490415 
0.428336 -0.114248 0.00685681 
-0.114248 0.332039 0.275153 
0.0068568 0.275153 0.49776 
0.431916 -0.115774 0.00677639 
-0.115774 0.334887 0.278056 
0.00677638 0.278056 0.502237 
0.433419 -0.116608 0.00671267 
-0.116608 0.336074 0.279459 
0.00671266 0.279459 0.504217 
0.433044 -0.116823 0.00666411 
-0.116823 0.335766 0.279508 
0.0066641 0.279508 0.503944 
0.430903 -0.116463 0.00663162 
-0.116463 0.334051 0.278285 
0.00663162 0.278285 0.501552 
0.42704 -0.115551 0.00661857 
-0.115551 0.330957 0.275822 
0.00661856 0.275822 0.497096 
0.421454 -0.114092 0.00663134 
-0.114092 0.326473 0.272112 
0.00663133 0.272112 0.490576 
0.414122 -0.112082 0.00668017 
-0.112082 0.320565 0.26713 
0.00668016 0.26713 0.481962 
0.405015 -0.109513 0.00678029 
-0.109513 0.313186 0.260839 
0.00678029 0.260839 0.471217 
0.394124 -0.106378 0.00695334 
-0.106378 0.304295 0.253203 
0.00695333 0.253203 0.458327 
0.381483 -0.10268 0.00722889 
-0.10268 0.293874 0.244208 
0.00722888 0.244208 0.443322 
0.367198 -0.0984356 0.0076462 
-0.0984356 0.281948 0.233871 
0.00764619 0.233871 0.426316 
0.351477 -0.0936894 0.00825564 
-0.0936894 0.268605 0.222264 
0.00825564 0.222264 0.407539 
0.334657 -0.0885162 0.00911955 
-0.0885162 0.254017 0.209531 
0.00911955 0.209531 0.38737 
0.317231 -0.0830316 0.0103118 
-0.0830316 0.238465 0.195906 
0.0103118 0.195906 0.366367 
0.299857 -0.077395 0.0119152 
-0.077395 0.222343 0.18172 
0.0119152 0.18172 0.345281 
0.283346 -0.0718084 0.0140164 
-0.0718084 0.206165 0.167407 
0.0140164 0.167407 0.325042 
0.26862 -0.0665072 0.0166971 
-0.0665072 0.190535 0.153479 
0.0166971 0.153479 0.306712 
0.25663 -0.0617423 0.0200227 
-0.0617423 0.176108 0.140497 
0.0200227 0.140497 0.291395 
0.248255 -0.0577545 0.024029 
-0.0577545 0.163525 0.129009 
0.0240289 0.129009 0.280116 
0.244173 -0.0547442 0.0287096 
-0.0547442 0.153331 0.119493 
0.0287096 0.119493 0.273683 
0.244758 -0.0528425 0.0340081 
-0.0528425 0.145904 0.112286 
0.0340081 0.112286 0.272557 
0.250005 -0.0520917 0.039816 
-0.0520917 0.1414 0.107541 
0.039816 0.107541 0.276771 
0.25952 -0.0524393 0.0459805 
-0.0524393 0.139737 0.105211 
0.0459805 0.105211 0.285913 
0.272579 -0.0537482 0.0523188 
-0.0537482 0.14061 0.105062 
0.0523188 0.105062 0.29919 
0.28823 -0.0558197 0.0586381 
-0.0558197 0.143555 0.106722 
0.0586381 0.106722 0.315544 
0.305433 -0.0584247 0.0647561 
-0.0584247 0.14802 0.109741 
0.0647561 0.109741 0.333808 
0.323184 -0.0613334 0.0705172 
-0.0613334 0.153442 0.113652 
0.0705172 0.113652 0.352847 
0.340612 -0.0643399 0.0758034 
-0.0643399 0.159307 0.118028 
0.0758034 0.118028 0.371673 
0.357038 -0.0672768 0.080538 
-0.0672768 0.165192 0.122514 
0.080538 0.122514 0.389507 
0.371994 -0.070022 0.0846831 
-0.070022 0.170782 0.126837 
0.0846831 0.126837 0.405806 
0.385203 -0.0724957 0.0882333 
-0.0724957 0.175863 0.130812 
0.0882333 0.130812 0.420241 
0.396548 -0.0746554 0.0912076 
-0.0746554 0.180313 0.134328 
0.0912076 0.134328 0.432666 
0.406035 -0.0764867 0.0936404 
-0.0764867 0.184077 0.137331 
0.0936404 0.137331 0.443071 
0.413747 -0.0779954 0.0955745 
-0.0779954 0.187153 0.13981 
0.0955745 0.13981 0.451536 
0.419819 -0.0792 0.0970544 
-0.0792 0.18957 0.141781 
0.0970544 0.141781 0.458198 
0.424404 -0.0801257 0.098122 
-0.0801257 0.191373 0.143275 
0.098122 0.143275 0.463219 
0.427664 -0.0808012 0.0988131 
-0.0808012 0.192616 0.144332 
0.0988131 0.144332 0.466765 
0.429751 -0.0812554 0.0991552 
-0.0812554 0.193353 0.144992 
0.0991552 0.144992 0.468997 
0.430811 -0.0815169 0.0991658 
-0.0815169 0.193635 0.145296 
0.0991658 0.145296 0.470062 
0.43098 -0.0816134 0.0988513 
-0.0816134 0.19351 0.14528 
0.0988513 0.14528 0.470095 
0.430386 -0.0815731 0.0982057 
-0.0815731 0.19302 0.144978 
0.0982057 0.144978 0.46922 
0.429162 -0.0814261 0.0972096 
-0.0814261 0.192208 0.144424 
0.0972096 0.144424 0.467557 
0.427456 -0.0812069 0.0958279 
-0.0812069 0.191118 0.143652 
0.0958279 0.143652 0.465234 
0.425445 -0.0809579 0.0940084 
-0.0809579 0.189798 0.142703 
0.0940084 0.142703 0.462399 
0.423355 -0.0807336 0.0916781 
-0.0807336 0.188314 0.141629 
0.0916781 0.141629 0.459241 
0.421485 -0.0806064 0.0887401 
-0.0806064 0.18675 0.140496 
0.0887401 0.140496 0.456008 
0.420239 -0.0806733 0.0850688 
-0.0806733 0.185223 0.139397 
0.0850688 0.139397 0.453036 
0.420162 -0.0810639 0.0805049 
-0.0810639 0.183893 0.138459 
0.0805049 0.138459 0.450786 
0.421981 -0.0819497 0.0748494 
-0.0819497 0.182977 0.137855 
0.0748494 0.137855 0.449876 
0.426648 -0.0835547 0.0678577 
-0.0835547 0.182768 0.137812 
0.0678577 0.137812 0.451127 
0.435393 -0.0861651 0.0592347 
-0.0861651 0.183645 0.138631 
0.0592347 0.138631 0.455605 
0.449757 -0.0901385 0.0486311 
-0.0901385 0.186095 0.140689 
0.0486311 0.140689 0.464659 
0.471622 -0.0959094 0.0356446 
-0.0959094 0.190714 0.144457 
0.0356446 0.144457 0.479947 
0.503211 -0.103988 0.019825 
-0.103988 0.198217 0.15049 
0.019825 0.15049 0.503439 
0.547046 -0.114952 0.000689302 
-0.114952 0.209421 0.159428 
0.000689302 0.159428 0.537382 
0.605848 -0.12942 -0.0222542 
-0.12942 0.225217 0.171965 
-0.0222542 0.171965 0.584217 
0.682382 -0.148019 -0.04947 
-0.148019 0.246521 0.188814 
-0.04947 0.188814 0.646438 
0.779221 -0.171329 -0.0813485 
-0.171329 0.274196 0.210648 
-0.0813485 0.210648 0.72639 
0.898473 -0.19982 -0.118152 
-0.19982 0.308965 0.238027 
-0.118152 0.238027 0.826017 
1.04147 -0.23378 -0.159962 
-0.23378 0.351309 0.271324 
-0.159962 0.271324 0.94659 
1.20848 -0.273254 -0.206626 
-0.273254 0.401374 0.310649 
-0.206626 0.310649 1.08845 
1.39852 -0.317996 -0.257738 
-0.317996 0.4589 0.355795 
-0.257738 0.355795 1.25081 
1.60925 -0.367453 -0.312628 
-0.367453 0.523193 0.406215 
-0.312628 0.406215 1.43171 
1.83707 -0.420783 -0.370392 
-0.420783 0.593144 0.461041 
-0.370392 0.461041 1.62803 
2.07736 -0.476912 -0.429953 
-0.476912 0.667306 0.519142 
-0.429953 0.519142 1.83574 
2.32481 -0.534614 -0.490136 
-0.534614 0.744006 0.579208 
-0.490136 0.579208 2.05021 
2.5739 -0.592614 -0.549756 
-0.592614 0.821483 0.639864 
-0.549756 0.639864 2.26655 
2.81928 -0.649681 -0.607707 
-0.649681 0.898024 0.699773 
-0.607707 0.699773 2.48004 
3.05615 -0.704714 -0.663024 
-0.704714 0.972085 0.757729 
-0.663024 0.757729 2.68642 
3.28052 -0.7568 -0.714932 
-0.7568 1.04237 0.812725 
-0.714932 0.812725 2.88214 
3.48934 -0.805244 -0.762865 
-0.805244 1.1079 0.863985 
-0.762865 0.863985 3.06448 
3.68052 -0.849572 -0.806465 
-0.849572 1.16797 0.910975 
-0.806465 0.910975 3.23156 
3.85289 -0.88952 -0.845561 
-0.88952 1.22218 0.953383 
-0.845561 0.953383 3.3823 
4.00603 -0.924997 -0.880138 
-0.924997 1.27039 0.99109 
-0.880138 0.99109 3.51629 
4.14011 -0.956051 -0.910301 
-0.956051 1.31263 1.02413 
-0.910301 1.02413 3.63367 
4.25576 -0.982829 -0.936238 
-0.982829 1.34908 1.05264 
-0.936238 1.05264 3.73495 
4.35388 -1.00554 -0.958189 
-1.00554 1.38002 1.07684 
-0.958189 1.07684 3.8209 
4.43551 -1.02444 -0.976416 
-1.02444 1.40577 1.09699 
-0.976416 1.09699 3.89242 
4.50173 -1.03976 -0.991178 
-1.03976 1.42666 1.11333 
-0.991178 1.11333 3.95044 
4.55354 -1.05175 -1.00272 
-1.05175 1.443 1.12612 
-1.00272 1.12612 3.99585 
4.59185 -1.06062 -1.01124 
-1.06062 1.45508 1.13558 
-1.01124 1.13558 4.02943 
4.61741 -1.06653 -1.01693 
-1.06653 1.46313 1.14189 
-1.01693 1.14189 4.05182 
4.63074 -1.06961 -1.0199 
-1.06961 1.46731 1.14518 
-1.0199 1.14518 4.06349 
4.63218 -1.06994 -1.02024 
-1.06994 1.46774 1.14554 
-1.02024 1.14554 4.06472 
4.62186 -1.06755 -1.01796 
-1.06755 1.46444 1.14299 
-1.01796 1.14299 4.05563 
4.59967 -1.0624 -1.01306 
-1.0624 1.45738 1.1375 
-1.01306 1.1375 4.03612 
4.5653 -1.05442 -1.00545 
-1.05442 1.44646 1.12902 
-1.00545 1.12902 4.00591 
4.51828 -1.04351 -0.995022 
-1.04351 1.43154 1.1174 
-0.995022 1.1174 3.96458 
4.45794 -1.02949 -0.981632 
-1.02949 1.41239 1.1025 
-0.981632 1.1025 3.91153 
4.38351 -1.01219 -0.965096 
-1.01219 1.38876 1.08412 
-0.965096 1.08412 3.84609 
4.29413 -0.991389 -0.945213 
-0.991389 1.36039 1.06206 
-0.945213 1.06206 3.76748 
4.18897 -0.966889 -0.92178 
-0.966889 1.32701 1.03611 
-0.92178 1.03611 3.67496 
4.06727 -0.938496 -0.894607 
-0.938496 1.28836 1.00609 
-0.894607 1.00609 3.56783 
3.92847 -0.906056 -0.863544 
-0.906056 1.24426 0.971867 
-0.863544 0.971867 3.44559 
3.77235 -0.869492 -0.828503 
-0.869492 1.19464 0.933393 
-0.828503 0.933393 3.30801 
3.59915 -0.828824 -0.789496 
-0.828824 1.13955 0.890738 
-0.789496 0.890738 3.15525 
3.40972 -0.784209 -0.746656 
-0.784209 1.07925 0.844122 
-0.746656 0.844122 2.98802 
3.20564 -0.735969 -0.700276 
-0.735969 1.01423 0.793949 
-0.700276 0.793949 2.80765 
2.98932 -0.68461 -0.650822 
-0.68461 0.945239 0.740825 
-0.650822 0.740825 2.61619 
2.76399 -0.630829 -0.598941 
-0.630829 0.873274 0.685565 
-0.598941 0.685565 2.41642 
2.53367 -0.57551 -0.545459 
-0.57551 0.7996 0.629177 
-0.545459 0.629177 2.21183 
2.30301 -0.519682 -0.491345 
-0.519682 0.72567 0.57282 
-0.491345 0.57282 2.00642 
2.077 -0.464472 -0.437662 
-0.464472 0.653058 0.517735 
-0.437662 0.517735 1.80456 
1.86065 -0.411024 -0.385498 
-0.411024 0.583347 0.465167 
-0.385498 0.465167 1.61062 
1.65862 -0.360422 -0.335889 
-0.360422 0.518013 0.416262 
-0.335889 0.416262 1.42869 
1.47482 -0.313606 -0.289742 
-0.313606 0.45831 0.371983 
-0.289742 0.371983 1.26227 
1.31217 -0.2713 -0.247769 
-0.2713 0.405178 0.333032 
-0.247769 0.333032 1.11395 
1.17237 -0.233977 -0.210444 
-0.233977 0.359184 0.299813 
-0.210444 0.299813 0.985338 
1.05589 -0.201836 -0.17799 
-0.201836 0.320508 0.272417 
-0.17799 0.272417 0.876949 
0.962075 -0.174824 -0.150391 
-0.174824 0.288976 0.250654 
-0.150391 0.250654 0.78832 
0.889324 -0.152674 -0.127426 
-0.152674 0.264113 0.234102 
-0.127426 0.234102 0.718169 
0.83537 -0.134956 -0.108719 
-0.134956 0.245236 0.222173 
-0.108719 0.222173 0.664619 
0.797559 -0.121142 -0.0937956 
-0.121142 0.231532 0.21419 
-0.0937956 0.21419 0.625441 
0.77311 -0.11066 -0.082133 
-0.11066 0.222144 0.209445 
-0.082133 0.209445 0.598276 
0.759323 -0.102937 -0.0732044 
-0.102937 0.216235 0.207257 
-0.0732044 0.207257 0.580818 
0.753726 -0.097438 -0.0665113 
-0.097438 0.213032 0.207005 
-0.0665113 0.207005 0.570939 
0.754165 -0.0936853 -0.0616043 
-0.0936853 0.211862 0.208151 
-0.0616043 0.208151 0.566771 
0.758838 -0.0912684 -0.0580944 
-0.0912684 0.212154 0.210248 
-0.0580944 0.210248 0.566742 
0.766296 -0.0898468 -0.0556551 
-0.0898468 0.213447 0.212939 
-0.0556551 0.212939 0.569572 
0.77541 -0.0891465 -0.0540202 
-0.0891465 0.215381 0.215948 
-0.0540202 0.215948 0.574255 
0.785335 -0.0889524 -0.052978 
-0.0889524 0.21768 0.219072 
-0.052978 0.219072 0.580027 
0.795461 -0.0890999 -0.0523634 
-0.0890999 0.220142 0.222166 
-0.0523634 0.222166 0.586323 
0.805364 -0.0894661 -0.0520503 
-0.0894661 0.222627 0.225132 
-0.0520503 0.225132 0.592743 
0.814768 -0.089961 -0.0519441 
-0.089961 0.225036 0.227909 
-0.0519441 0.227909 0.599014 
0.823508 -0.0905208 -0.051975 
-0.0905208 0.227308 0.230463 
-0.051975 0.230463 0.60496 
0.831498 -0.0911013 -0.0520925 
-0.0911013 0.229409 0.23278 
-0.0520925 0.23278 0.610476 
0.838709 -0.091673 -0.0522606 
-0.091673 0.231322 0.234857 
-0.0522606 0.234857 0.615511 
0.84515 -0.0922172 -0.0524543 
-0.0922172 0.233042 0.236704 
-0.0524543 0.236704 0.620049 
0.850857 -0.092723 -0.0526567 
-0.092723 0.234574 0.238334 
-0.0526567 0.238334 0.624097 
0.855878 -0.0931848 -0.0528565 
-0.0931848 0.235927 0.239764 
-0.0528565 0.239764 0.627678 
0.860271 -0.0936008 -0.0530467 
-0.0936008 0.237116 0.241012 
-0.0530467 0.241012 0.630826 
0.864095 -0.0939713 -0.0532233 
-0.0939713 0.238154 0.242095 
-0.0532234 0.242095 0.633576 
0.867409 -0.0942985 -0.0533843 
-0.0942985 0.239055 0.243033 
-0.0533843 0.243033 0.635966 
0.87027 -0.0945852 -0.0535288 
-0.0945852 0.239835 0.243841 
-0.0535288 0.243841 0.638035 
0.87273 -0.0948347 -0.053657 
-0.0948347 0.240507 0.244535 
-0.053657 0.244535 0.639818 
0.874837 -0.0950506 -0.0537695 
-0.0950506 0.241084 0.245129 
-0.0537695 0.245129 0.641347 
0.876633 -0.095236 -0.0538674 
-0.095236 0.241576 0.245634 
-0.0538675 0.245634 0.642652 
0.878156 -0.0953944 -0.0539519 
-0.0953944 0.241995 0.246063 
-0.0539519 0.246063 0.643761 
0.879441 -0.0955286 -0.0540239 
-0.0955286 0.242349 0.246424 
-0.0540239 0.246424 0.644697 
0.880515 -0.0956412 -0.0540848 
-0.0956412 0.242646 0.246726 
-0.0540848 0.246726 0.645481 
0.881405 -0.0957347 -0.0541355 
-0.0957347 0.242893 0.246976 
-0.0541355 0.246976 0.646131 
0.882132 -0.0958111 -0.054177 
-0.0958111 0.243096 0.24718 
-0.054177 0.24718 0.646662 
0.882713 -0.0958721 -0.0542102 
-0.0958721 0.243259 0.247343 
-0.0542102 0.247343 0.647087 
0.883164 -0.0959192 -0.0542358 
-0.0959192 0.243388 0.24747 
-0.0542358 0.24747 0.647417 
0.883498 -0.0959538 -0.0542545 
-0.0959538 0.243485 0.247563 
-0.0542545 0.247563 0.647663 
0.883725 -0.0959767 -0.0542666 
-0.0959767 0.243554 0.247627 
-0.0542666 0.247627 0.647829 
0.883852 -0.0959887 -0.0542726 
-0.0959887 0.243597 0.247662 
-0.0542726 0.247662 0.647924 
0.883886 -0.0959904 -0.0542728 
-0.0959904 0.243616 0.247671 
-0.0542728 0.247671 0.64795 
0.88383 -0.0959821 -0.0542672 
-0.0959821 0.243612 0.247655 
-0.0542672 0.247655 0.647911 
0.883687 -0.095964 -0.0542561 
-0.095964 0.243587 0.247614 
-0.0542561 0.247614 0.647809 
0.883456 -0.095936 -0.0542391 
-0.095936 0.24354 0.247549 
-0.0542391 0.247549 0.647643 
0.883137 -0.0958977 -0.0542162 
-0.0958977 0.243472 0.247458 
-0.0542162 0.247458 0.647413 
