3,3,442
0.475172 -0.039303 0.00677446 
-0.0393029 0.533015 0.322176 
0.00677446 0.322176 0.611144 
0.486184 -0.0511031 0.00399913 
-0.051103 0.580046 0.354485 
0.00399913 0.354485 0.657303 
0.497034 -0.0579525 0.00255311 
-0.0579525 0.611198 0.375504 
0.00255311 0.375504 0.688741 
0.504631 -0.0615969 0.00184773 
-0.0615968 0.629306 0.387474 
0.00184773 0.387474 0.707378 
0.50818 -0.062906 0.00161641 
-0.0629059 0.636418 0.391867 
0.00161641 0.391867 0.714947 
0.507681 -0.0621786 0.00177508 
-0.0621785 0.633442 0.389217 
0.00177508 0.389217 0.712336 
0.503543 -0.0592483 0.00237667 
-0.0592482 0.620117 0.379078 
0.00237667 0.379078 0.6995 
0.496956 -0.0534232 0.00363721 
-0.0534231 0.595091 0.359914 
0.00363721 0.359914 0.675681 
0.491269 -0.0432395 0.00604512 
-0.0432395 0.556236 0.328918 
0.00604512 0.328918 0.640139 
0.495197 -0.0259772 0.0105941 
-0.0259772 0.501674 0.281904 
0.0105941 0.281904 0.594116 
0.528776 0.00301337 0.0191574 
0.00301343 0.432448 0.213715 
0.0191574 0.213715 0.545123 
0.630176 0.0505567 0.0347793 
0.0505567 0.357301 0.120082 
0.0347793 0.120082 0.513388 
0.851353 0.123474 0.0609622 
0.123474 0.296273 0.00172751 
0.0609622 0.00172751 0.533638 
1.22149 0.221723 0.0986587 
0.221723 0.273315 -0.130967 
0.0986587 -0.130967 0.636695 
1.69267 0.331274 0.142613 
0.331274 0.295288 -0.258727 
0.142613 -0.258727 0.813115 
2.14974 0.429461 0.183101 
0.429461 0.342667 -0.363193 
0.183101 -0.363193 1.00794 
2.50025 0.50129 0.213172 
0.50129 0.389505 -0.437134 
0.213172 -0.437134 1.16765 
2.72743 0.54645 0.232217 
0.54645 0.423462 -0.484588 
0.232217 -0.484588 1.27543 
2.8624 0.57264 0.243293 
0.57264 0.444852 -0.51398 
0.243293 -0.51398 1.34151 
2.94217 0.587758 0.249688 
0.587758 0.457979 -0.532679 
0.249688 -0.532679 1.38176 
2.9922 0.597021 0.253603 
0.597021 0.466447 -0.545385 
0.253603 -0.545385 1.40774 
3.0262 0.603195 0.256211 
0.603195 0.472322 -0.554601 
0.256211 -0.554601 1.42581 
3.05054 0.607553 0.25805 
0.607553 0.476586 -0.561501 
0.25805 -0.561501 1.43896 
3.06785 0.610615 0.259344 
0.610615 0.479653 -0.566586 
0.259344 -0.566586 1.44843 
3.0791 0.612572 0.260172 
0.612572 0.481679 -0.570055 
0.260172 -0.570055 1.45471 
3.08462 0.613485 0.26056 
0.613485 0.482715 -0.571981 
0.26056 -0.571981 1.45794 
3.08448 0.613367 0.260514 
0.613367 0.482776 -0.57239 
0.260514 -0.57239 1.45819 
3.07868 0.612216 0.260033 
0.612216 0.481864 -0.57129 
0.260033 -0.57129 1.45544 
3.06722 0.610031 0.259117 
0.610031 0.479978 -0.56868 
0.259117 -0.56868 1.44971 
3.05008 0.606808 0.257764 
0.606808 0.477115 -0.564555 
0.257764 -0.564555 1.44098 
3.02725 0.602548 0.255976 
0.602548 0.473273 -0.55891 
0.255976 -0.55891 1.42924 
2.99874 0.597254 0.253753 
0.597254 0.468451 -0.551734 
0.253753 -0.551734 1.4145 
2.96458 0.590935 0.2511 
0.590935 0.462651 -0.543019 
0.2511 -0.543019 1.39675 
2.92482 0.583603 0.248023 
0.583603 0.455876 -0.532755 
0.248023 -0.532755 1.37602 
2.87953 0.575279 0.244531 
0.575279 0.448136 -0.520936 
0.244531 -0.520936 1.35231 
2.82884 0.565991 0.240636 
0.565991 0.439444 -0.507558 
0.240636 -0.507558 1.32567 
2.77291 0.555778 0.236355 
0.555778 0.429821 -0.492623 
0.236355 -0.492623 1.29616 
2.71197 0.54469 0.231712 
0.54469 0.419296 -0.476145 
0.231712 -0.476145 1.26388 
2.64631 0.532791 0.226735 
0.532791 0.407908 -0.458143 
0.226735 -0.458143 1.22892 
2.5763 0.520165 0.221459 
0.520165 0.395711 -0.438656 
0.221459 -0.438656 1.19147 
2.50243 0.50691 0.215928 
0.50691 0.382772 -0.417736 
0.215928 -0.417736 1.1517 
2.42525 0.493145 0.210195 
0.493145 0.369175 -0.395459 
0.210195 -0.395459 1.10989 
2.34546 0.479011 0.20432 
0.479011 0.355019 -0.371923 
0.20432 -0.371923 1.06632 
2.26383 0.464669 0.198375 
0.464669 0.340426 -0.347251 
0.198375 -0.347251 1.02137 
2.18128 0.450301 0.192438 
0.450301 0.325534 -0.321599 
0.192438 -0.321599 0.975454 
2.09881 0.436106 0.186595 
0.436106 0.310499 -0.29515 
0.186595 -0.29515 0.929047 
2.01749 0.422295 0.18094 
0.422295 0.295493 -0.268117 
0.18094 -0.268117 0.882675 
1.93847 0.409088 0.175568 
0.409088 0.2807 -0.240742 
0.175568 -0.240742 0.836904 
1.86291 0.396703 0.170573 
0.396703 0.266311 -0.21329 
0.170573 -0.21329 0.792319 
1.79192 0.385347 0.166048 
0.385347 0.252517 -0.186047 
0.166048 -0.186047 0.749509 
1.72655 0.375206 0.162072 
0.375206 0.2395 -0.159309 
0.162072 -0.159309 0.709041 
1.6677 0.366431 0.158712 
0.366431 0.227425 -0.13337 
0.158712 -0.13337 0.671436 
1.61606 0.359128 0.156015 
0.359128 0.216432 -0.108517 
0.156015 -0.108517 0.637136 
1.57209 0.353349 0.154005 
0.353349 0.206626 -0.0850152 
0.154005 -0.0850152 0.60648 
1.53594 0.349083 0.152677 
0.349083 0.198069 -0.0630943 
0.152677 -0.0630943 0.579686 
1.50746 0.346257 0.152002 
0.346257 0.19078 -0.0429426 
0.152002 -0.0429426 0.556834 
1.48619 0.344734 0.151921 
0.344734 0.184729 -0.0246973 
0.151921 -0.0246973 0.537861 
1.47139 0.34432 0.152351 
0.34432 0.179842 -0.0084406 
0.152351 -0.0084406 0.522567 
1.46207 0.344779 0.15319 
0.344779 0.176004 0.00580102 
0.15319 0.00580102 0.510631 
1.45708 0.345843 0.154323 
0.345843 0.173072 0.018054 
0.154323 0.018054 0.501634 
1.45517 0.347231 0.155628 
0.347231 0.170878 0.0283917 
0.155628 0.0283917 0.495091 
1.45506 0.348665 0.156985 
0.348665 0.169248 0.0369259 
0.156985 0.0369259 0.490481 
1.45554 0.349886 0.15828 
0.349886 0.168006 0.0437972 
0.15828 0.0437972 0.487283 
1.45548 0.350665 0.159416 
0.350665 0.166989 0.0491645 
0.159416 0.0491645 0.485001 
1.45396 0.350813 0.160308 
0.350813 0.16605 0.0531954 
0.160308 0.0531954 0.483191 
1.45021 0.350188 0.160896 
0.350188 0.165066 0.0560578 
0.160896 0.0560578 0.481474 
1.44369 0.348692 0.161135 
0.348692 0.163938 0.0579133 
0.161135 0.0579133 0.479543 
1.43403 0.34627 0.161002 
0.34627 0.162594 0.0589123 
0.161002 0.0589123 0.47717 
1.42106 0.342908 0.16049 
0.342908 0.160988 0.0591905 
0.16049 0.0591905 0.474195 
1.40474 0.338624 0.159606 
0.338624 0.159091 0.0588683 
0.159606 0.0588683 0.470527 
1.38517 0.333462 0.15837 
0.333462 0.156897 0.0580495 
0.15837 0.0580495 0.466126 
1.36254 0.327483 0.156809 
0.327483 0.15441 0.0568231 
0.156809 0.0568231 0.460997 
1.3371 0.320764 0.154956 
0.320764 0.151648 0.0552633 
0.154956 0.0552633 0.455176 
1.30915 0.313385 0.152846 
0.313385 0.148635 0.0534324 
0.152846 0.0534324 0.448724 
1.27901 0.305432 0.150517 
0.305432 0.145398 0.0513815 
0.150517 0.0513815 0.441716 
1.24698 0.296988 0.148006 
0.296988 0.141968 0.0491526 
0.148006 0.0491526 0.434235 
1.21339 0.288133 0.145348 
0.288133 0.138376 0.04678 
0.145348 0.04678 0.426365 
1.17852 0.278942 0.142577 
0.278942 0.134654 0.0442919 
0.142577 0.0442919 0.41819 
1.14264 0.269483 0.139722 
0.269483 0.130828 0.0417114 
0.139722 0.0417114 0.409791 
1.10602 0.259819 0.136811 
0.259819 0.126927 0.0390574 
0.136811 0.0390574 0.40124 
1.06886 0.250007 0.133869 
0.250007 0.122974 0.0363456 
0.133869 0.0363456 0.392607 
1.03137 0.240096 0.130918 
0.240096 0.118992 0.0335894 
0.130918 0.0335894 0.383951 
0.99374 0.230132 0.127978 
0.230132 0.115 0.0307999 
0.127978 0.0307999 0.375328 
0.956116 0.220155 0.125065 
0.220155 0.111017 0.0279868 
0.125065 0.0279868 0.366784 
0.918643 0.210199 0.122194 
0.210199 0.107058 0.0251587 
0.122194 0.0251587 0.358362 
0.881447 0.200298 0.119379 
0.200298 0.103138 0.022323 
0.119379 0.022323 0.350099 
0.84464 0.19048 0.116631 
0.19048 0.0992707 0.0194869 
0.116631 0.0194869 0.342027 
0.808325 0.180772 0.113961 
0.180772 0.0954679 0.0166565 
0.113961 0.0166565 0.334175 
0.772592 0.171197 0.111377 
0.171197 0.0917411 0.013838 
0.111377 0.013838 0.326568 
0.737526 0.16178 0.108889 
0.16178 0.088101 0.011037 
0.108889 0.011037 0.319228 
0.703204 0.152541 0.106504 
0.152541 0.0845582 0.00825908 
0.106504 0.00825908 0.312174 
0.669698 0.1435 0.10423 
0.1435 0.081123 0.00550951 
0.10423 0.00550951 0.305426 
0.637075 0.134678 0.102074 
0.134678 0.0778057 0.00279336 
0.102074 0.00279336 0.298999 
0.605399 0.126092 0.100043 
0.126092 0.0746168 0.000115603 
0.100043 0.000115603 0.29291 
0.57473 0.117763 0.0981454 
0.117763 0.0715672 -0.00251899 
0.0981454 -0.00251899 0.287175 
0.545128 0.109708 0.0963887 
0.109708 0.0686684 -0.00510592 
0.0963887 -0.00510592 0.28181 
0.516649 0.101946 0.0947814 
0.101946 0.0659323 -0.00764091 
0.0947814 -0.00764091 0.276829 
0.489348 0.0944938 0.0933326 
0.0944938 0.0633719 -0.01012 
0.0933326 -0.01012 0.272251 
0.463277 0.0873706 0.0920522 
0.0873706 0.0610008 -0.0125397 
0.0920522 -0.0125397 0.268092 
0.43849 0.0805941 0.0909515 
0.0805941 0.0588337 -0.0148967 
0.0909515 -0.0148967 0.264373 
0.415038 0.0741823 0.0900424 
0.0741823 0.0568864 -0.0171886 
0.0900424 -0.0171886 0.261114 
0.392971 0.0681529 0.0893385 
0.0681529 0.0551757 -0.0194132 
0.0893385 -0.0194132 0.25834 
0.372337 0.0625236 0.0888542 
0.0625236 0.0537193 -0.0215691 
0.0888542 -0.0215691 0.256074 
0.353185 0.057312 0.0886054 
0.057312 0.052536 -0.0236555 
0.0886054 -0.0236555 0.254346 
0.33556 0.0525348 0.0886091 
0.0525348 0.0516454 -0.0256724 
0.0886091 -0.0256724 0.253184 
0.319507 0.0482086 0.0888832 
0.0482086 0.0510679 -0.0276205 
0.0888832 -0.0276205 0.25262 
0.305067 0.0443489 0.0894468 
0.0443489 0.050824 -0.0295012 
0.0894468 -0.0295012 0.252688 
0.292279 0.0409701 0.0903191 
0.0409701 0.0509346 -0.0313168 
0.0903191 -0.0313168 0.253423 
0.281176 0.0380856 0.0915199 
0.0380856 0.0514202 -0.0330701 
0.0915199 -0.0330701 0.254859 
0.271789 0.0357068 0.0930687 
0.0357068 0.0523008 -0.0347648 
0.0930687 -0.0347648 0.257032 
0.264143 0.0338435 0.0949845 
0.0338435 0.0535951 -0.0364049 
0.0949845 -0.0364049 0.259975 
0.258254 0.0325032 0.0972849 
0.0325032 0.0553202 -0.0379952 
0.0972849 -0.0379952 0.263721 
0.254133 0.0316906 0.0999861 
0.0316906 0.057491 -0.0395407 
0.0999861 -0.0395407 0.2683 
0.251783 0.0314078 0.103102 
0.0314078 0.0601199 -0.0410468 
0.103102 -0.0410468 0.273736 
0.251194 0.0316537 0.106644 
0.0316537 0.063216 -0.0425189 
0.106644 -0.0425189 0.280049 
0.252351 0.0324238 0.110619 
0.0324238 0.0667847 -0.0439626 
0.110619 -0.0439626 0.287253 
0.255224 0.0337099 0.115032 
0.0337099 0.0708273 -0.0453832 
0.115032 -0.0453832 0.295355 
0.259774 0.0355004 0.119882 
0.0355004 0.0753406 -0.0467856 
0.119882 -0.0467856 0.304353 
0.265949 0.0377795 0.125165 
0.0377795 0.0803167 -0.0481746 
0.125165 -0.0481746 0.314236 
0.273687 0.0405277 0.13087 
0.0405277 0.0857426 -0.0495543 
0.13087 -0.0495543 0.324986 
0.282912 0.0437218 0.136984 
0.0437218 0.0916005 -0.0509281 
0.136984 -0.0509281 0.336571 
0.293538 0.0473349 0.143485 
0.0473349 0.0978673 -0.0522987 
0.143485 -0.0522987 0.348953 
0.305468 0.0513365 0.15035 
0.0513365 0.104515 -0.0536681 
0.15035 -0.0536681 0.362083 
0.318594 0.0556932 0.157548 
0.0556932 0.111511 -0.0550375 
0.157548 -0.0550375 0.375901 
0.332799 0.0603685 0.165046 
0.0603685 0.118819 -0.0564069 
0.165046 -0.0564069 0.390339 
0.347959 0.0653232 0.172804 
0.0653232 0.126397 -0.057776 
0.172804 -0.057776 0.405321 
0.36394 0.0705164 0.18078 
0.0705164 0.1342 -0.0591432 
0.18078 -0.0591432 0.420763 
0.380607 0.075905 0.188929 
0.075905 0.142182 -0.0605064 
0.188929 -0.0605064 0.436575 
0.397816 0.0814451 0.197202 
0.0814451 0.150292 -0.0618627 
0.197202 -0.0618627 0.45266 
0.415423 0.0870916 0.205548 
0.0870916 0.158478 -0.0632085 
0.205548 -0.0632085 0.468918 
0.433282 0.0927994 0.213916 
0.0927994 0.166688 -0.0645398 
0.213916 -0.0645398 0.485245 
0.451247 0.098523 0.222253 
0.098523 0.174867 -0.0658519 
0.222253 -0.0658519 0.501537 
0.469172 0.104218 0.230505 
0.104218 0.182961 -0.0671399 
0.230505 -0.0671399 0.517686 
0.486915 0.10984 0.238618 
0.10984 0.190918 -0.0683986 
0.238618 -0.0683986 0.533587 
0.504336 0.115346 0.246542 
0.115346 0.198685 -0.0696226 
0.246542 -0.0696226 0.549136 
0.521303 0.120696 0.254224 
0.120696 0.20621 -0.0708063 
0.254224 -0.0708063 0.56423 
0.537685 0.125849 0.261616 
0.125849 0.213444 -0.0719442 
0.261616 -0.0719442 0.578771 
0.553361 0.130769 0.268669 
0.130769 0.220341 -0.0730309 
0.268669 -0.0730309 0.592663 
0.568214 0.135419 0.275338 
0.135419 0.226856 -0.0740609 
0.275338 -0.0740609 0.605816 
0.582136 0.139766 0.281581 
0.139766 0.232946 -0.0750292 
0.281581 -0.0750292 0.618146 
0.595025 0.14378 0.287358 
0.14378 0.238571 -0.0759307 
0.287358 -0.0759307 0.629571 
0.606789 0.147433 0.292632 
0.147433 0.243697 -0.0767608 
0.292632 -0.0767608 0.640017 
0.617341 0.150697 0.297369 
0.150697 0.248289 -0.0775148 
0.297369 -0.0775148 0.649416 
0.626602 0.153551 0.301536 
0.153551 0.252317 -0.0781887 
0.301536 -0.0781887 0.657703 
0.634502 0.155971 0.305106 
0.155971 0.255752 -0.0787784 
0.305106 -0.0787784 0.664821 
0.640975 0.15794 0.308051 
0.15794 0.258569 -0.0792799 
0.308051 -0.0792799 0.670716 
0.645962 0.159439 0.310347 
0.159439 0.260745 -0.0796894 
0.310347 -0.0796894 0.675337 
0.649409 0.160454 0.311972 
0.160454 0.26226 -0.0800032 
0.311972 -0.0800032 0.678637 
0.651267 0.16097 0.312904 
0.16097 0.263093 -0.0802172 
0.312904 -0.0802172 0.680574 
0.651489 0.160976 0.313122 
0.160976 0.263227 -0.0803274 
0.313122 -0.0803274 0.681102 
0.650032 0.16046 0.312607 
0.16046 0.262646 -0.080329 
0.312607 -0.080329 0.680178 
0.646853 0.159413 0.311337 
0.159413 0.261332 -0.0802168 
0.311337 -0.0802168 0.677758 
0.641911 0.157826 0.309289 
0.157826 0.25927 -0.0799847 
0.309289 -0.0799847 0.673795 
0.635167 0.155694 0.306441 
0.155694 0.256447 -0.0796259 
0.306441 -0.0796259 0.668236 
0.626581 0.15301 0.302765 
0.15301 0.252846 -0.0791323 
0.302765 -0.0791323 0.661027 
0.616118 0.149774 0.298233 
0.149774 0.248456 -0.0784946 
0.298233 -0.0784946 0.652107 
0.603751 0.145989 0.292812 
0.145989 0.243268 -0.0777027 
0.292812 -0.0777027 0.641413 
0.589463 0.141664 0.286465 
0.141664 0.237278 -0.0767453 
0.286465 -0.0767453 0.628882 
0.57326 0.136821 0.279154 
0.136821 0.230492 -0.0756113 
0.279154 -0.0756113 0.61445 
0.555184 0.131495 0.270838 
0.131495 0.22293 -0.0742899 
0.270838 -0.0742899 0.598069 
0.535326 0.125745 0.261474 
0.125745 0.214634 -0.0727725 
0.261474 -0.0727725 0.579705 
0.513851 0.119656 0.251022 
0.119656 0.205676 -0.0710545 
0.251022 -0.0710545 0.559361 
0.491027 0.113357 0.239441 
0.113357 0.196172 -0.0691379 
0.239441 -0.0691379 0.537088 
0.46725 0.107022 0.2267 
0.107022 0.186289 -0.0670349 
0.2267 -0.0670349 0.513006 
0.443079 0.100886 0.212775 
0.100886 0.176262 -0.0647707 
0.212775 -0.0647707 0.487327 
0.419263 0.0952521 0.197655 
0.0952521 0.166401 -0.0623881 
0.197655 -0.0623881 0.460373 
0.39675 0.0904937 0.181346 
0.0904937 0.157101 -0.05995 
0.181346 -0.05995 0.432591 
0.376692 0.0870515 0.163871 
0.0870515 0.148834 -0.057541 
0.163871 -0.057541 0.404558 
0.360405 0.085419 0.145275 
0.085419 0.142141 -0.0552671 
0.145275 -0.0552671 0.376976 
0.349311 0.0861162 0.125627 
0.0861162 0.137601 -0.0532516 
0.125627 -0.0532516 0.35064 
0.344834 0.0896515 0.105023 
0.0896515 0.135795 -0.051628 
0.105023 -0.051628 0.326395 
0.348277 0.0964733 0.0835829 
0.0964733 0.137248 -0.0505292 
0.0835829 -0.0505292 0.30507 
0.360685 0.10692 0.0614534 
0.10692 0.142381 -0.0500749 
0.0614534 -0.0500749 0.287409 
0.382716 0.121172 0.0388073 
0.121172 0.151455 -0.0503585 
0.0388073 -0.0503585 0.273997 
0.414554 0.139224 0.0158397 
0.139224 0.164534 -0.0514366 
0.0158397 -0.0514366 0.265206 
0.455861 0.160871 -0.00723635 
0.160871 0.181473 -0.0533218 
-0.00723635 -0.0533218 0.261158 
0.505803 0.185719 -0.0301971 
0.185719 0.201923 -0.0559812 
-0.0301971 -0.0559812 0.261724 
0.563123 0.21322 -0.0528167 
0.21322 0.225368 -0.0593405 
-0.0528167 -0.0593405 0.266549 
0.626266 0.242722 -0.0748771 
0.242722 0.251168 -0.0632925 
-0.0748771 -0.0632925 0.275098 
0.693513 0.27352 -0.0961774 
0.27352 0.278621 -0.0677081 
-0.0961774 -0.0677081 0.286718 
0.763117 0.304912 -0.116542 
0.304912 0.307014 -0.0724483 
-0.116542 -0.0724483 0.300703 
0.833424 0.336242 -0.135826 
0.336242 0.335674 -0.0773749 
-0.135826 -0.0773749 0.316345 
0.90295 0.366929 -0.153919 
0.366929 0.364 -0.0823592 
-0.153919 -0.0823592 0.332984 
0.970436 0.39649 -0.170742 
0.39649 0.39148 -0.0872874 
-0.170742 -0.0872874 0.350031 
1.03486 0.424538 -0.186248 
0.424538 0.417703 -0.0920637 
-0.186248 -0.0920637 0.366987 
1.09545 0.450782 -0.200418 
0.450782 0.442353 -0.0966108 
-0.200418 -0.0966108 0.383445 
1.15162 0.475016 -0.213252 
0.475016 0.465199 -0.100869 
-0.213252 -0.100869 0.399085 
1.20298 0.497101 -0.224766 
0.497101 0.48608 -0.104793 
-0.224766 -0.104793 0.413661 
1.24925 0.516953 -0.234985 
0.516953 0.504892 -0.10835 
-0.234985 -0.10835 0.426991 
1.29028 0.534522 -0.243939 
0.534522 0.521568 -0.111517 
-0.243939 -0.111517 0.43894 
1.32595 0.54978 -0.251653 
0.54978 0.536066 -0.114275 
-0.251653 -0.114275 0.449407 
1.35618 0.562709 -0.258152 
0.562709 0.548355 -0.116609 
-0.258152 -0.116609 0.458311 
1.3809 0.573288 -0.263447 
0.573288 0.558403 -0.118507 
-0.263447 -0.118507 0.465585 
1.4 0.581486 -0.267539 
0.581486 0.56617 -0.119951 
-0.267539 -0.119951 0.471159 
1.41334 0.587254 -0.270413 
0.587254 0.571601 -0.120924 
-0.270413 -0.120924 0.474964 
1.42072 0.590521 -0.272039 
0.590521 0.57462 -0.121403 
-0.272039 -0.121403 0.476918 
1.42192 0.591197 -0.272367 
0.591197 0.575128 -0.12136 
-0.272367 -0.12136 0.476929 
1.41663 0.589167 -0.27133 
0.589167 0.573008 -0.120761 
-0.27133 -0.120761 0.474893 
1.40452 0.584302 -0.26884 
0.584302 0.568123 -0.119567 
-0.26884 -0.119567 0.470704 
1.38523 0.576467 -0.264797 
0.576467 0.560331 -0.117735 
-0.264797 -0.117735 0.464253 
1.35842 0.565537 -0.259084 
0.565537 0.549493 -0.115219 
-0.259084 -0.115219 0.45545 
1.32381 0.551417 -0.25158 
0.551416 0.535498 -0.111973 
-0.25158 -0.111973 0.444235 
1.28128 0.534072 -0.242164 
0.534072 0.518289 -0.107957 
-0.242164 -0.107957 0.430607 
1.23087 0.513566 -0.23073 
0.513566 0.497893 -0.10314 
-0.23073 -0.10314 0.414654 
1.17298 0.490092 -0.217198 
0.490092 0.474462 -0.0975108 
-0.217198 -0.0975108 0.396578 
1.10838 0.464021 -0.201533 
0.464021 0.448308 -0.0910805 
-0.201533 -0.0910805 0.376737 
1.03831 0.435926 -0.183764 
0.435926 0.419935 -0.0838941 
-0.183764 -0.0838941 0.35566 
0.964536 0.406599 -0.163999 
0.406599 0.390057 -0.0760345 
-0.163999 -0.0760345 0.334058 
0.88932 0.377041 -0.14244 
0.377041 0.359584 -0.0676258 
-0.14244 -0.0676258 0.312809 
0.815306 0.348405 -0.119384 
0.348405 0.329587 -0.0588317 
-0.119384 -0.0588317 0.29291 
0.745342 0.321917 -0.0952189 
0.321917 0.301216 -0.0498474 
-0.0952189 -0.0498474 0.275394 
0.682208 0.298756 -0.0704055 
0.298756 0.275596 -0.0408872 
-0.0704055 -0.0408872 0.26123 
0.62832 0.279917 -0.0454465 
0.279917 0.253705 -0.0321662 
-0.0454465 -0.0321662 0.251199 
0.585451 0.266098 -0.0208504 
0.266098 0.236261 -0.0238821 
-0.0208504 -0.0238821 0.245803 
0.554535 0.257616 0.00290784 
0.257616 0.223644 -0.0161977 
0.00290784 -0.0161977 0.24519 
0.535593 0.254381 0.0254208 
0.254381 0.215865 -0.00922913 
0.0254208 -0.00922913 0.249149 
0.527806 0.255934 0.0463722 
0.255934 0.212596 -0.0030415 
0.0463722 -0.00304151 0.257147 
0.529696 0.261538 0.0655484 
0.261538 0.213241 0.00234919 
0.0655484 0.00234919 0.26842 
0.539376 0.270289 0.0828368 
0.270289 0.21704 0.00696804 
0.0828368 0.00696804 0.282079 
0.554807 0.281237 0.098215 
0.281237 0.223172 0.0108702 
0.098215 0.0108702 0.29722 
0.574029 0.293484 0.111734 
0.293484 0.230843 0.0141294 
0.111734 0.0141294 0.31301 
0.595312 0.306255 0.123497 
0.306255 0.239357 0.0168273 
0.123497 0.0168273 0.328748 
0.617249 0.318929 0.133643 
0.318929 0.248145 0.0190461 
0.133643 0.0190461 0.343891 
0.638776 0.331054 0.14233 
0.331054 0.256775 0.0208626 
0.14233 0.0208626 0.358061 
0.659154 0.342327 0.149721 
0.342327 0.264951 0.0223457 
0.149721 0.0223457 0.371021 
0.677925 0.352574 0.155978 
0.352574 0.272485 0.0235549 
0.155978 0.0235549 0.382658 
0.694849 0.361722 0.161251 
0.361722 0.27928 0.0245404 
0.161251 0.0245404 0.392951 
0.709853 0.369772 0.165678 
0.369772 0.285305 0.025344 
0.165678 0.025344 0.401941 
0.722974 0.37677 0.169385 
0.37677 0.290576 0.0259998 
0.169385 0.0259998 0.409713 
0.734324 0.382797 0.172481 
0.382797 0.295135 0.0265356 
0.172481 0.0265356 0.416376 
0.744052 0.387944 0.17506 
0.387944 0.299044 0.0269737 
0.17506 0.0269737 0.422046 
0.752326 0.39231 0.177205 
0.39231 0.302369 0.0273323 
0.177205 0.0273323 0.426842 
0.759315 0.395989 0.178983 
0.395989 0.305177 0.0276258 
0.178983 0.0276258 0.430875 
0.765176 0.399069 0.180452 
0.399069 0.307532 0.0278657 
0.180452 0.0278657 0.434245 
0.770048 0.401626 0.18166 
0.401626 0.30949 0.0280612 
0.18166 0.0280612 0.437039 
0.774047 0.403723 0.182642 
0.403723 0.311098 0.0282191 
0.182642 0.0282191 0.439327 
0.777259 0.405405 0.183425 
0.405405 0.312388 0.0283445 
0.183425 0.0283445 0.441162 
0.779729 0.406698 0.184024 
0.406698 0.313381 0.0284401 
0.184024 0.0284401 0.442571 
0.781454 0.407601 0.184442 
0.407601 0.314075 0.0285068 
0.184442 0.0285068 0.443555 
0.782363 0.408077 0.184664 
0.408077 0.31444 0.0285425 
0.184664 0.0285425 0.444074 
0.782289 0.408039 0.18465 
0.408039 0.31441 0.0285413 
0.18465 0.0285413 0.444033 
0.780936 0.407329 0.184331 
0.407329 0.313865 0.0284922 
0.184331 0.0284922 0.443265 
0.777822 0.405692 0.183592 
0.405692 0.31261 0.0283767 
0.183592 0.0283767 0.441494 
0.772223 0.402739 0.182257 
0.402739 0.310351 0.0281659 
0.182257 0.0281659 0.438308 
0.763111 0.397904 0.180071 
0.397904 0.306666 0.0278158 
0.180071 0.0278158 0.433116 
0.749121 0.390409 0.176683 
0.390409 0.300988 0.0272616 
0.176683 0.0272616 0.425123 
0.728604 0.379247 0.171642 
0.379247 0.292613 0.0264102 
0.171642 0.0264102 0.413357 
0.69987 0.363237 0.16442 
0.363237 0.280776 0.0251323 
0.16442 0.0251323 0.396777 
0.661723 0.341184 0.154489 
0.341184 0.264835 0.0232545 
0.154489 0.0232545 0.374552 
0.614367 0.312203 0.141473 
0.312203 0.244588 0.020559 
0.141473 0.020559 0.346531 
0.560508 0.276182 0.125359 
0.276182 0.220689 0.0167987 
0.125359 0.0167987 0.313842 
0.50607 0.234243 0.106701 
0.234243 0.194957 0.0117421 
0.106701 0.0117421 0.279317 
0.459664 0.188898 0.0866843 
0.188898 0.170287 0.00525248 
0.0866844 0.00525248 0.24731 
0.430288 0.143629 0.066916 
0.143629 0.149949 -0.00261769 
0.066916 -0.00261769 0.222602 
0.424027 0.101958 0.0489813 
0.101958 0.136487 -0.0115683 
0.0489813 -0.0115683 0.208738 
0.441664 0.0664418 0.0339856 
0.0664418 0.130828 -0.0210829 
0.0339856 -0.0210829 0.206741 
0.478751 0.038157 0.0223336 
0.038157 0.132154 -0.030551 
0.0223336 -0.030551 0.214999 
0.52785 0.0168388 0.0138171 
0.0168389 0.138508 -0.0394211 
0.0138172 -0.0394211 0.230263 
0.581302 0.00141427 0.00787865 
0.00141428 0.147648 -0.0473068 
0.00787868 -0.0473068 0.248977 
0.633103 -0.00944795 0.00387059 
-0.00944794 0.157676 -0.0540157 
0.00387063 -0.0540157 0.268217 
0.679484 -0.0169802 0.00121595 
-0.0169802 0.16729 -0.0595169 
0.00121599 -0.0595169 0.286047 
0.718631 -0.0221673 -0.00053179 
-0.0221672 0.175752 -0.0638825 
-0.000531748 -0.0638825 0.30143 
0.750061 -0.0257311 -0.00169022 
-0.0257311 0.182739 -0.0672342 
-0.00169018 -0.0672342 0.313972 
0.774034 -0.0281748 -0.00247457 
-0.0281748 0.188176 -0.0697038 
-0.00247452 -0.0697038 0.323654 
0.791111 -0.029839 -0.0030278 
-0.029839 0.192117 -0.071409 
-0.00302775 -0.071409 0.330636 
0.801886 -0.0309511 -0.00344592 
-0.0309511 0.194656 -0.0724424 
-0.00344587 -0.0724424 0.335123 
0.806835 -0.0316632 -0.00379699 
-0.0316632 0.195886 -0.0728653 
-0.00379694 -0.0728653 0.337299 
0.80624 -0.0320785 -0.00413509 
-0.0320785 0.195871 -0.0727067 
-0.00413504 -0.0727067 0.337288 
0.80016 -0.0322711 -0.00451152 
-0.0322711 0.194638 -0.0719611 
-0.00451147 -0.0719611 0.335144 
0.788432 -0.0323016 -0.00498514 
-0.0323016 0.192181 -0.0705875 
-0.0049851 -0.0705875 0.33085 
0.770682 -0.0322313 -0.00563409 
-0.0322313 0.188465 -0.0685061 
-0.00563405 -0.0685061 0.324341 
0.746375 -0.0321386 -0.00657089 
-0.0321386 0.183452 -0.0655943 
-0.00657085 -0.0655943 0.315535 
0.714906 -0.0321406 -0.00796309 
-0.0321406 0.17714 -0.0616825 
-0.00796304 -0.0616825 0.304398 
0.675763 -0.0324224 -0.0100608 
-0.0324224 0.169618 -0.0565506 
-0.0100608 -0.0565506 0.291043 
0.628799 -0.0332738 -0.0132305 
-0.0332737 0.161166 -0.0499313 
-0.0132305 -0.0499313 0.275888 
0.574626 -0.0351302 -0.017987 
-0.0351302 0.152375 -0.0415241 
-0.017987 -0.0415241 0.259861 
0.515085 -0.0386 -0.0250066 
-0.0386 0.144266 -0.0310318 
-0.0250066 -0.0310318 0.244606 
0.453644 -0.0444449 -0.0350839 
-0.0444449 0.138352 -0.0182272 
-0.0350839 -0.0182272 0.23259 
0.395415 -0.0534669 -0.04899 
-0.0534669 0.136516 -0.00305434 
-0.04899 -0.00305434 0.22693 
0.346429 -0.06627 -0.0672069 
-0.06627 0.140611 0.0142548 
-0.0672069 0.0142548 0.230736 
0.312086 -0.0829386 -0.089596 
-0.0829386 0.151801 0.0330953 
-0.089596 0.0330953 0.246046 
0.295259 -0.102784 -0.115166 
-0.102784 0.169914 0.0525053 
-0.115166 0.0525052 0.272737 
0.295145 -0.124359 -0.142143 
-0.124359 0.193222 0.0713237 
-0.142143 0.0713237 0.308148 
0.307651 -0.145814 -0.168401 
-0.145814 0.218913 0.0884531 
-0.168401 0.0884531 0.347801 
0.327139 -0.165438 -0.192055 
-0.165438 0.244013 0.10311 
-0.192055 0.10311 0.3869 
0.348409 -0.182085 -0.211907 
-0.182085 0.26625 0.114948 
-0.211907 0.114948 0.421736 
0.367905 -0.195317 -0.227569 
-0.195317 0.284438 0.124032 
-0.227569 0.124032 0.450335 
0.383898 -0.205271 -0.23929 
-0.205271 0.298385 0.130699 
-0.23929 0.130699 0.472315 
0.396035 -0.212425 -0.247686 
-0.212425 0.308537 0.135411 
-0.247686 0.13541 0.488339 
0.404731 -0.217378 -0.253485 
-0.217378 0.315624 0.138635 
-0.253485 0.138635 0.499536 
0.410695 -0.220701 -0.257371 
-0.220701 0.320405 0.140783 
-0.257371 0.140783 0.507095 
0.414649 -0.222874 -0.259909 
-0.222874 0.323541 0.14218 
-0.259909 0.14218 0.512055 
0.417197 -0.224262 -0.261529 
-0.224262 0.32555 0.14307 
-0.261529 0.14307 0.515233 
0.418802 -0.225132 -0.262544 
-0.225132 0.326809 0.143626 
-0.262544 0.143626 0.517226 
0.419792 -0.225666 -0.263168 
-0.225666 0.327585 0.143968 
-0.263168 0.143968 0.518453 
0.420391 -0.22599 -0.263545 
-0.22599 0.328054 0.144174 
-0.263545 0.144174 0.519195 
0.420748 -0.226181 -0.263769 
-0.226181 0.328332 0.144297 
-0.263769 0.144297 0.519635 
0.420955 -0.226293 -0.263899 
-0.226293 0.328494 0.144368 
-0.263899 0.144368 0.519892 
0.421072 -0.226356 -0.263972 
-0.226356 0.328585 0.144408 
-0.263972 0.144408 0.520036 
0.421135 -0.22639 -0.264011 
-0.22639 0.328634 0.14443 
-0.264011 0.14443 0.520113 
0.421163 -0.226405 -0.264029 
-0.226405 0.328656 0.144439 
-0.264029 0.144439 0.520149 
0.42117 -0.226408 -0.264033 
-0.226408 0.328661 0.144442 
-0.264033 0.144442 0.520157 
0.42116 -0.226403 -0.264027 
-0.226403 0.328654 0.144438 
-0.264027 0.144438 0.520145 
0.421136 -0.22639 -0.264012 
-0.22639 0.328635 0.14443 
-0.264012 0.14443 0.520115 
0.421097 -0.226369 -0.263987 
-0.226369 0.328604 0.144417 
-0.263987 0.144417 0.520066 
0.42104 -0.226339 -0.263952 
-0.226339 0.32856 0.144397 
-0.263952 0.144397 0.519996 
0.420961 -0.226296 -0.263902 
-0.226296 0.328498 0.14437 
-0.263902 0.14437 0.519898 
0.420852 -0.226238 -0.263834 
-0.226238 0.328413 0.144332 
-0.263834 0.144332 0.519764 
0.420705 -0.226158 -0.263741 
-0.226158 0.328299 0.144282 
-0.263741 0.144282 0.519582 
0.420507 -0.226052 -0.263617 
-0.226052 0.328144 0.144213 
-0.263617 0.144213 0.519338 
0.420243 -0.22591 -0.263451 
-0.22591 0.327937 0.144122 
-0.263451 0.144122 0.519011 
0.419891 -0.22572 -0.263229 
-0.22572 0.327662 0.144 
-0.263229 0.144 0.518576 
0.419426 -0.22547 -0.262935 
-0.22547 0.327298 0.143838 
-0.262935 0.143838 0.518001 
0.418815 -0.22514 -0.262548 
-0.22514 0.326819 0.143623 
-0.262548 0.143623 0.517243 
0.418016 -0.224708 -0.26204 
-0.224708 0.326191 0.14334 
-0.26204 0.14334 0.516252 
0.416977 -0.224147 -0.261377 
-0.224147 0.325373 0.142969 
-0.261377 0.142969 0.514961 
0.415637 -0.22342 -0.260515 
-0.22342 0.324314 0.142484 
-0.260515 0.142484 0.513294 
0.41392 -0.222487 -0.259404 
-0.222487 0.322954 0.141852 
-0.259404 0.141852 0.511152 
0.411741 -0.221299 -0.257978 
-0.221299 0.321218 0.141031 
-0.257978 0.141031 0.508425 
0.409002 -0.219798 -0.256161 
-0.219798 0.31902 0.139969 
-0.256161 0.139969 0.504981 
0.405597 -0.217922 -0.253862 
-0.217922 0.316266 0.138599 
-0.253862 0.138599 0.500678 
0.401425 -0.215603 -0.250977 
-0.215603 0.312849 0.136838 
-0.250977 0.136838 0.495362 
0.396395 -0.212777 -0.247389 
-0.212777 0.308666 0.13458 
-0.247389 0.13458 0.488888 
0.390453 -0.209389 -0.242974 
-0.209389 0.303618 0.131696 
-0.242974 0.131696 0.481134 
0.38361 -0.205405 -0.237602 
-0.205405 0.297633 0.128022 
-0.237602 0.128022 0.47203 
0.375985 -0.200837 -0.231153 
-0.200837 0.290689 0.123359 
-0.231153 0.123359 0.461607 
0.367856 -0.195754 -0.223526 
-0.195754 0.282838 0.117466 
-0.223526 0.117466 0.450042 
0.359722 -0.190321 -0.21466 
-0.190321 0.274247 0.110056 
-0.21466 0.110056 0.437725 
0.352358 -0.184818 -0.204555 
-0.184818 0.265231 0.100797 
-0.204555 0.100797 0.425321 
0.34686 -0.179662 -0.193292 
-0.179662 0.256285 0.0893222 
-0.193292 0.0893222 0.413818 
0.344656 -0.17542 -0.18105 
-0.175421 0.248096 0.0752439 
-0.18105 0.0752438 0.404549 
0.347455 -0.172791 -0.168118 
-0.172791 0.241532 0.0581865 
-0.168118 0.0581865 0.399151 
0.357126 -0.172557 -0.154882 
-0.172558 0.237584 0.0378281 
-0.154882 0.0378281 0.39946 
0.375508 -0.175514 -0.141805 
-0.175514 0.237275 0.0139527 
-0.141805 0.0139527 0.40733 
0.404156 -0.182362 -0.129381 
-0.182362 0.241532 -0.0134963 
-0.129381 -0.0134964 0.424393 
0.444083 -0.1936 -0.118081 
-0.1936 0.25105 -0.0443721 
-0.118081 -0.0443721 0.451802 
0.495551 -0.209432 -0.1083 
-0.209432 0.266167 -0.078303 
-0.1083 -0.078303 0.490016 
0.557961 -0.229718 -0.100307 
-0.229718 0.286803 -0.114702 
-0.100307 -0.114702 0.538686 
0.629882 -0.253978 -0.094225 
-0.253978 0.312448 -0.15281 
-0.094225 -0.15281 0.596661 
0.709217 -0.281446 -0.090031 
-0.281446 0.342234 -0.191761 
-0.090031 -0.191761 0.662128 
0.793444 -0.311169 -0.0875755 
-0.311169 0.375047 -0.230663 
-0.0875755 -0.230663 0.732836 
0.879901 -0.34212 -0.08662 
-0.34212 0.40966 -0.268675 
-0.08662 -0.268675 0.806359 
0.966043 -0.373298 -0.0868771 
-0.373298 0.444866 -0.305065 
-0.0868771 -0.305065 0.880343 
1.04963 -0.40381 -0.0880472 
-0.40381 0.479576 -0.339245 
-0.0880472 -0.339245 0.952685 
1.12883 -0.432916 -0.0898464 
-0.432916 0.512877 -0.370786 
-0.0898464 -0.370786 1.02165 
1.20228 -0.460049 -0.0920244 
-0.460049 0.544059 -0.399407 
-0.0920244 -0.399407 1.08591 
1.269 -0.484802 -0.0943729 
-0.484802 0.572607 -0.424953 
-0.0943729 -0.424953 1.14451 
1.3284 -0.506909 -0.096726 
-0.506909 0.598175 -0.44737 
-0.096726 -0.44737 1.19683 
1.38015 -0.526215 -0.0989571 
-0.526215 0.62055 -0.46667 
-0.0989571 -0.46667 1.24251 
1.42408 -0.542636 -0.100972 
-0.542636 0.639615 -0.482902 
-0.100972 -0.482902 1.28136 
1.46016 -0.556136 -0.102703 
-0.556136 0.655307 -0.496127 
-0.102703 -0.496127 1.31331 
1.48838 -0.566697 -0.104102 
-0.566697 0.667594 -0.506398 
-0.104102 -0.506398 1.3383 
1.50873 -0.574298 -0.105134 
-0.574298 0.676441 -0.513742 
-0.105134 -0.513742 1.3563 
1.52112 -0.578903 -0.105779 
-0.578903 0.681799 -0.518149 
-0.105779 -0.518149 1.36723 
1.52542 -0.580446 -0.106021 
-0.580446 0.683592 -0.519558 
-0.106021 -0.519558 1.37094 
1.5214 -0.578835 -0.105859 
-0.578835 0.681709 -0.517859 
-0.105859 -0.517859 1.36722 
1.50875 -0.573949 -0.105304 
-0.573949 0.676018 -0.512886 
-0.105304 -0.512886 1.3558 
1.48716 -0.565652 -0.104385 
-0.565652 0.666368 -0.504424 
-0.104385 -0.504424 1.33637 
1.45629 -0.553816 -0.103162 
-0.553816 0.652625 -0.492213 
-0.103162 -0.492213 1.30864 
1.41593 -0.538347 -0.101734 
-0.538347 0.634702 -0.475969 
-0.101734 -0.475969 1.27243 
1.36607 -0.519228 -0.100257 
-0.519228 0.612615 -0.455404 
-0.100257 -0.455404 1.22772 
1.30705 -0.496572 -0.0989597 
-0.496572 0.58654 -0.430263 
-0.0989597 -0.430263 1.17484 
1.23969 -0.470679 -0.0981584 
-0.470679 0.556887 -0.400368 
-0.0981584 -0.400368 1.11455 
1.16549 -0.44209 -0.0982643 
-0.44209 0.524359 -0.365667 
-0.0982643 -0.365667 1.04819 
1.08666 -0.411627 -0.0997803 
-0.411627 0.489999 -0.326293 
-0.0997803 -0.326293 0.977798 
1.00619 -0.380399 -0.103276 
-0.380399 0.455192 -0.282609 
-0.103276 -0.282609 0.90606 
0.927695 -0.349755 -0.109341 
-0.349755 0.421599 -0.235237 
-0.109341 -0.235237 0.836243 
0.855122 -0.321182 -0.118507 
-0.321182 0.391029 -0.185062 
-0.118507 -0.185062 0.771919 
0.79235 -0.296146 -0.131161 
-0.296146 0.365232 -0.13319 
-0.131161 -0.13319 0.716575 
0.742659 -0.275899 -0.147457 
-0.275899 0.345666 -0.080871 
-0.147457 -0.080871 0.673154 
0.70826 -0.261302 -0.167249 
-0.261302 0.333281 -0.0293952 
-0.167249 -0.0293952 0.643623 
0.689977 -0.252704 -0.190073 
-0.252704 0.328375 0.0200267 
-0.190073 0.0200267 0.628689 
0.687164 -0.249906 -0.21519 
-0.249906 0.330563 0.0663662 
-0.21519 0.0663662 0.62773 
0.697898 -0.252232 -0.241668 
-0.252232 0.338876 0.10885 
-0.241668 0.10885 0.638968 
0.719362 -0.258665 -0.268505 
-0.258665 0.351941 0.146987 
-0.268505 0.146987 0.659822 
0.748322 -0.268025 -0.294741 
-0.268025 0.368211 0.180563 
-0.294741 0.180563 0.687342 
0.78157 -0.279133 -0.319553 
-0.279133 0.386166 0.209593 
-0.319553 0.209593 0.718606 
0.816258 -0.290935 -0.342311 
-0.290935 0.404472 0.234272 
-0.342311 0.234272 0.751031 
0.85009 -0.302577 -0.362591 
-0.302577 0.422064 0.254906 
-0.362591 0.254906 0.782537 
0.881371 -0.31342 -0.380158 
-0.31342 0.438167 0.271865 
-0.380158 0.271865 0.811594 
0.908966 -0.323033 -0.394933 
-0.323033 0.452272 0.285535 
-0.394933 0.285535 0.837182 
0.932199 -0.331153 -0.406947 
-0.331153 0.464086 0.296286 
-0.406947 0.296286 0.858699 
0.950733 -0.337642 -0.416299 
-0.337642 0.473474 0.304453 
-0.416299 0.304453 0.875849 
0.964452 -0.342445 -0.423115 
-0.342445 0.480399 0.310321 
-0.423115 0.310321 0.888537 
0.973366 -0.345556 -0.427524 
-0.345556 0.484881 0.314122 
-0.427524 0.314122 0.89678 
0.977533 -0.346986 -0.429636 
-0.346986 0.486956 0.316028 
-0.429636 0.316028 0.900634 
0.977004 -0.346746 -0.429525 
-0.346746 0.486651 0.316158 
-0.429525 0.316158 0.900153 
0.971797 -0.344832 -0.427225 
-0.344832 0.48397 0.314578 
-0.427225 0.314578 0.895351 
0.961877 -0.341224 -0.422728 
-0.341224 0.478884 0.311306 
-0.422728 0.311306 0.886198 
0.947161 -0.335878 -0.415986 
-0.335878 0.471333 0.306318 
-0.415986 0.306318 0.872615 
0.927532 -0.328739 -0.406916 
-0.328739 0.461233 0.299558 
-0.406916 0.299558 0.854492 
0.902872 -0.319742 -0.39542 
-0.319742 0.448484 0.290945 
-0.39542 0.290945 0.831717 
0.873109 -0.308834 -0.381391 
-0.308834 0.432998 0.280389 
-0.381391 0.280389 0.804215 
0.838271 -0.295988 -0.364748 
-0.295988 0.41472 0.267808 
-0.364748 0.267808 0.772006 
0.798564 -0.281229 -0.345453 
-0.281229 0.393663 0.253144 
-0.345453 0.253144 0.735267 
0.75444 -0.264662 -0.32355 
-0.264662 0.369942 0.236395 
-0.32355 0.236395 0.694402 
0.706667 -0.246491 -0.299194 
-0.246491 0.343812 0.217628 
-0.299194 0.217628 0.650104 
0.656374 -0.227042 -0.272676 
-0.227042 0.315691 0.197009 
-0.272676 0.197009 0.603395 
0.605053 -0.206768 -0.244441 
-0.206768 0.286175 0.174815 
-0.244441 0.174815 0.555633 
0.554499 -0.186232 -0.215083 
-0.186232 0.256019 0.151434 
-0.215083 0.151434 0.508452 
0.50668 -0.166079 -0.185315 
-0.166079 0.226099 0.127356 
-0.185315 0.127356 0.463657 
0.463553 -0.146974 -0.155921 
-0.146974 0.197334 0.103138 
-0.155921 0.103138 0.423041 
0.426837 -0.129535 -0.12768 
-0.129535 0.170597 0.0793615 
-0.12768 0.0793615 0.388191 
0.397798 -0.114266 -0.101293 
-0.114266 0.14662 0.0565785 
-0.101293 0.0565785 0.360286 
0.3771 -0.101495 -0.0773151 
-0.101495 0.125916 0.0352613 
-0.0773151 0.0352613 0.339959 
0.364741 -0.0913566 -0.0561067 
-0.0913566 0.108737 0.0157649 
-0.0561067 0.0157649 0.32724 
0.360107 -0.0837862 -0.0378235 
-0.0837862 0.0950749 -0.00169184 
-0.0378235 -0.00169184 0.321598 
0.362109 -0.0785602 -0.0224312 
-0.0785602 0.0846985 -0.017025 
-0.0224312 -0.017025 0.322068 
0.369374 -0.0753442 -0.00974547 
-0.0753442 0.0772167 -0.0302676 
-0.00974547 -0.0302676 0.327419 
0.380437 -0.0737501 0.000518352 
-0.0737501 0.0721518 -0.0415413 
0.000518352 -0.0415413 0.336334 
0.39391 -0.0733857 0.00869536 
-0.0733857 0.0690048 -0.0510253 
0.00869536 -0.0510253 0.347556 
0.408591 -0.0738915 0.0151301 
-0.0738915 0.0673056 -0.0589284 
0.0151301 -0.0589284 0.359993 
0.423519 -0.0749627 0.020147 
-0.0749627 0.0666446 -0.0654659 
0.020147 -0.0654659 0.372769 
0.437991 -0.0763573 0.0240339 
-0.0763573 0.0666863 -0.0708441 
0.0240339 -0.0708441 0.385236 
0.451532 -0.0778947 0.0270341 
-0.0778947 0.0671705 -0.0752512 
0.0270341 -0.0752512 0.396956 
0.463867 -0.0794484 0.0293467 
-0.0794484 0.0679052 -0.0788529 
0.0293467 -0.0788529 0.407667 
0.474868 -0.0809357 0.0311305 
-0.0809357 0.0687554 -0.0817913 
0.0311305 -0.0817913 0.417243 
0.484516 -0.0823078 0.0325091 
-0.0823078 0.0696307 -0.0841859 
0.0325091 -0.0841859 0.425657 
0.492864 -0.0835403 0.0335783 
-0.0835403 0.0704747 -0.0861363 
0.0335783 -0.0861363 0.432948 
0.50001 -0.0846255 0.0344107 
-0.0846255 0.071255 -0.0877246 
0.0344107 -0.0877246 0.439196 
0.506073 -0.0855664 0.0350618 
-0.0855664 0.0719556 -0.089018 
0.0350618 -0.089018 0.444502 
0.511181 -0.0863725 0.0355734 
-0.0863725 0.0725717 -0.0900714 
0.0355734 -0.0900714 0.448975 
0.515459 -0.0870567 0.0359772 
-0.0870567 0.0731049 -0.0909294 
0.0359772 -0.0909294 0.452724 
0.519025 -0.0876329 0.0362973 
-0.0876329 0.0735608 -0.0916284 
0.0362973 -0.0916284 0.45585 
0.521986 -0.0881155 0.0365521 
-0.0881155 0.0739471 -0.0921981 
0.0365521 -0.0921981 0.458446 
0.524437 -0.0885175 0.0367557 
-0.0885175 0.074272 -0.0926623 
0.0367557 -0.0926623 0.460596 
0.52646 -0.0888511 0.0369189 
-0.0888511 0.0745435 -0.0930407 
0.0369189 -0.0930407 0.462371 
0.528126 -0.0891272 0.03705 
-0.0891272 0.0747695 -0.0933493 
0.03705 -0.0933493 0.463833 
0.529496 -0.0893549 0.0371557 
-0.0893549 0.0749568 -0.0936008 
0.0371557 -0.0936008 0.465036 
0.530621 -0.0895424 0.037241 
-0.0895424 0.0751116 -0.093806 
0.037241 -0.093806 0.466023 
0.531544 -0.0896965 0.03731 
-0.0896965 0.0752392 -0.0939732 
0.03731 -0.0939732 0.466833 
0.5323 -0.089823 0.0373659 
-0.089823 0.0753442 -0.0941096 
0.0373659 -0.0941096 0.467497 
0.532918 -0.0899267 0.0374112 
-0.0899267 0.0754304 -0.0942208 
0.0374112 -0.0942208 0.46804 
0.533424 -0.0900116 0.0374479 
-0.0900116 0.0755011 -0.0943114 
0.0374479 -0.0943114 0.468484 
0.533837 -0.0900811 0.0374778 
-0.0900811 0.0755591 -0.0943854 
0.0374778 -0.0943854 0.468847 
0.534175 -0.0901379 0.0375021 
-0.0901379 0.0756065 -0.0944457 
0.0375021 -0.0944457 0.469144 
0.534451 -0.0901843 0.0375218 
-0.0901843 0.0756453 -0.0944948 
0.0375218 -0.0944948 0.469386 
0.534676 -0.0902223 0.0375379 
-0.0902223 0.075677 -0.0945349 
0.0375379 -0.0945349 0.469584 
0.53486 -0.0902532 0.0375509 
-0.0902532 0.075703 -0.0945675 
0.0375509 -0.0945675 0.469745 
0.53501 -0.0902785 0.0375616 
-0.0902785 0.0757241 -0.0945942 
0.0375616 -0.0945942 0.469877 
0.535133 -0.0902991 0.0375702 
-0.0902991 0.0757414 -0.0946158 
0.0375702 -0.0946158 0.469984 
0.535232 -0.0903159 0.0375773 
-0.0903159 0.0757554 -0.0946335 
0.0375773 -0.0946335 0.470072 
