4  12
0.0220034  0.0830082  0.0756552  0.244244  0.0776327  0.0267217  0.037386  0.0863831  0.114382  0.0568024  0.134711  0.0410684  
6.83389  0.999519  4.03916  0.806172  
90.4821  0.00622735  -0.00364598  -0.0109747  
69.8935  -0.0135062  0.12599  -0.016106  
155.603  -0.0651116  0.0221581  0.00190952  
212.071  0.144051  0.119905  0.041998  
251.917  2.02327  -2.47455  -1.19874  
270.56  0.749591  -1.07771  -0.0502515  
314.211  -0.839653  0.952267  0.242377  
370.458  -0.607559  -0.165428  0.072002  
412.892  2.30883  -0.699695  -0.359712  
463.724  -0.858555  0.376262  0.15672  
506.394  0.37713  0.0754806  -0.0739689  
14.0481  -3.97745  -12.1307  -2.73894  
-3.97745  2.44659  3.54879  0.524837  
-12.1307  3.54879  11.532  2.95124  
-2.73894  0.524837  2.95124  2.06636  
1054.33  0.61301  -0.60332  0.386103  
0.61301  0.0165682  -0.00363663  -0.0018837  
-0.60332  -0.00363663  0.00992841  0.00393551  
0.386103  -0.0018837  0.00393551  0.0190131  
1443.38  7.79145  9.07145  -3.06787  
7.79145  3.94908  0.730876  -0.268954  
9.07145  0.730876  4.27446  0.0368558  
-3.06787  -0.268954  0.0368558  4.01061  
6468.66  1.62797  4.88784  3.28346  
1.62797  0.22445  -0.0502623  -0.0428746  
4.88784  -0.0502623  0.197613  0.17812  
3.28346  -0.0428746  0.17812  0.360573  
1707.57  2.70069  13.5543  11.3673  
2.70069  0.896603  -0.810428  -1.28596  
13.5543  -0.810428  3.14742  3.07475  
11.3673  -1.28596  3.07475  4.50427  
20.0147  1.8713  -11.1347  1.41704  
1.8713  1.5325  -2.20375  -0.167915  
-11.1347  -2.20375  10.5245  1.84929  
1.41704  -0.167915  1.84929  3.37856  
66.0455  -4.78157  5.7002  -3.98233  
-4.78157  1.04195  -0.488694  0.588607  
5.7002  -0.488694  0.89652  -0.191833  
-3.98233  0.588607  -0.191833  0.801331  
297.236  -10.084  -1.21633  1.62264  
-10.084  0.919569  -0.306765  -0.286502  
-1.21633  -0.306765  0.715198  0.473579  
1.62264  -0.286502  0.473579  0.664981  
513.77  11.9818  -1.50427  -3.96219  
11.9818  1.15853  -0.0382859  -0.243792  
-1.50427  -0.0382859  0.499987  0.459184  
-3.96219  -0.243792  0.459184  1.25448  
299.868  -27.8111  3.60328  8.90784  
-27.8111  10.1018  -3.35682  -3.3122  
3.60328  -3.35682  5.67103  3.4428  
8.90784  -3.3122  3.4428  7.01453  
583.381  -1.30095  -8.64424  -0.730089  
-1.30095  0.750788  -0.214165  -0.310529  
-8.64424  -0.214165  0.781626  0.59205  
-0.730089  -0.310529  0.59205  1.22342  
80.9661  -0.00103026  -2.13816  0.0710428  
-0.00103026  2.71786  -0.000695668  -0.227444  
-2.13816  -0.000695668  0.730798  0.168268  
0.0710428  -0.227444  0.168268  0.497101  
