4,520
1 1.66147 5.88537 1.27722 
2 1.66452 5.93056 1.27593 
3 1.57457 5.68101 1.21163 
4 1.42038 5.22679 1.10389 
5 1.22409 4.63732 0.967745 
6 1.00112 3.96094 0.813688 
7 0.762192 3.23085 0.649018 
8 0.515475 2.47174 0.479334 
9 0.268593 1.70589 0.309896 
10 0.0306392 0.959224 0.147018 
11 -0.185683 0.267956 -0.000494841 
12 -0.362548 -0.316216 -0.120344 
13 -0.478675 -0.729452 -0.19799 
14 -0.518146 -0.919819 -0.222825 
15 -0.484863 -0.889949 -0.198103 
16 -0.407784 -0.716618 -0.144266 
17 -0.324472 -0.507539 -0.0873119 
18 -0.259044 -0.336811 -0.0436134 
19 -0.216843 -0.22547 -0.0165057 
20 -0.192762 -0.162838 -0.00220419 
21 -0.179732 -0.130703 0.0043135 
22 -0.17243 -0.114674 0.00678646 
23 -0.167742 -0.106126 0.00739106 
24 -0.164117 -0.100698 0.00720929 
25 -0.160873 -0.0964503 0.00671754 
26 -0.157743 -0.0926113 0.00610508 
27 -0.154632 -0.0889042 0.00544093 
28 -0.151511 -0.0852402 0.00474878 
29 -0.148375 -0.0815948 0.00403689 
30 -0.145223 -0.0779637 0.00330869 
31 -0.142058 -0.0743482 0.00256623 
32 -0.138883 -0.0707509 0.00181118 
33 -0.1357 -0.0671746 0.00104505 
34 -0.132513 -0.0636224 0.000269351 
35 -0.129325 -0.0600971 -0.000514484 
36 -0.126137 -0.0566013 -0.00130507 
37 -0.122953 -0.0531375 -0.00210104 
38 -0.119776 -0.0497084 -0.0029011 
39 -0.116607 -0.0463161 -0.00370398 
40 -0.113449 -0.0429631 -0.00450846 
41 -0.110305 -0.0396513 -0.00531339 
42 -0.107176 -0.0363827 -0.00611765 
43 -0.104065 -0.0331593 -0.00692017 
44 -0.100974 -0.0299829 -0.00771993 
45 -0.0979041 -0.0268549 -0.00851596 
46 -0.094858 -0.0237771 -0.00930734 
47 -0.0918372 -0.0207509 -0.0100932 
48 -0.0888433 -0.0177774 -0.0108727 
49 -0.085878 -0.014858 -0.0116452 
50 -0.0829428 -0.0119938 -0.0124098 
51 -0.080039 -0.00918573 -0.0131659 
52 -0.0771681 -0.0064347 -0.0139129 
53 -0.0743313 -0.00374155 -0.0146502 
54 -0.0715298 -0.00110697 -0.0153773 
55 -0.0687648 0.0014684 -0.0160937 
56 -0.0660372 0.00398404 -0.0167989 
57 -0.063348 0.00643947 -0.0174926 
58 -0.0606983 0.00883432 -0.0181743 
59 -0.0580887 0.0111683 -0.0188439 
60 -0.0555202 0.0134411 -0.019501 
61 -0.0529935 0.0156526 -0.0201454 
62 -0.0505092 0.0178027 -0.0207769 
63 -0.0480679 0.0198913 -0.0213954 
64 -0.0456704 0.0219184 -0.0220007 
65 -0.043317 0.0238841 -0.0225927 
66 -0.0410083 0.0257884 -0.0231715 
67 -0.0387448 0.0276315 -0.0237369 
68 -0.0365269 0.0294136 -0.0242891 
69 -0.034355 0.0311347 -0.024828 
70 -0.0322294 0.0327952 -0.0253538 
71 -0.0301505 0.0343953 -0.0258665 
72 -0.0281187 0.0359352 -0.0263663 
73 -0.0261341 0.0374152 -0.0268534 
74 -0.0241971 0.0388355 -0.0273279 
75 -0.0223079 0.0401966 -0.0277901 
76 -0.0204669 0.0414986 -0.0282403 
77 -0.0186741 0.0427419 -0.0286786 
78 -0.01693 0.0439268 -0.0291054 
79 -0.0152347 0.0450534 -0.029521 
80 -0.0135884 0.0461222 -0.0299258 
81 -0.0119914 0.0471333 -0.0303201 
82 -0.0104438 0.0480869 -0.0307042 
83 -0.00894605 0.0489834 -0.0310787 
84 -0.00749823 0.0498229 -0.0314439 
85 -0.00610063 0.0506055 -0.0318003 
86 -0.0047535 0.0513314 -0.0321483 
87 -0.0034571 0.0520006 -0.0324885 
88 -0.00221169 0.0526134 -0.0328214 
89 -0.00101757 0.0531697 -0.0331474 
90 0.000124985 0.0536695 -0.0334672 
91 0.00121568 0.0541128 -0.0337813 
92 0.0022542 0.0544995 -0.0340903 
93 0.00324024 0.0548296 -0.0343949 
94 0.00417347 0.0551028 -0.0346956 
95 0.00505357 0.055319 -0.0349931 
96 0.00588021 0.0554781 -0.0352881 
97 0.00665305 0.0555796 -0.0355812 
98 0.00737177 0.0556234 -0.0358732 
99 0.00803603 0.0556091 -0.0361648 
100 0.00864553 0.0555364 -0.0364567 
101 0.00919996 0.0554049 -0.0367497 
102 0.00969903 0.0552143 -0.0370445 
103 0.0101425 0.0549639 -0.037342 
104 0.01053 0.0546536 -0.0376428 
105 0.0108616 0.0542828 -0.0379477 
106 0.0111368 0.0538511 -0.0382577 
107 0.0113558 0.053358 -0.0385734 
108 0.0115183 0.0528032 -0.0388958 
109 0.0116245 0.0521863 -0.0392254 
110 0.0116743 0.0515069 -0.0395633 
111 0.0116679 0.0507648 -0.03991 
112 0.0116057 0.0499596 -0.0402665 
113 0.0114879 0.0490913 -0.0406333 
114 0.0113149 0.0481597 -0.0410113 
115 0.0110875 0.0471648 -0.0414011 
116 0.0108063 0.0461068 -0.0418033 
117 0.0104721 0.0449859 -0.0422185 
118 0.010086 0.0438026 -0.0426472 
119 0.00964908 0.0425574 -0.0430899 
120 0.00916273 0.041251 -0.043547 
121 0.00862844 0.0398844 -0.0440187 
122 0.00804791 0.0384587 -0.0445054 
123 0.00742302 0.0369754 -0.045007 
124 0.00675583 0.0354359 -0.0455237 
125 0.00604863 0.0338422 -0.0460554 
126 0.00530389 0.0321964 -0.0466017 
127 0.00452428 0.0305009 -0.0471624 
128 0.00371264 0.0287584 -0.0477369 
129 0.00287206 0.0269719 -0.0483245 
130 0.00200577 0.0251447 -0.0489246 
131 0.00111719 0.0232802 -0.049536 
132 0.000209917 0.0213825 -0.0501578 
133 -0.000712328 0.0194557 -0.0507885 
134 -0.00164565 0.0175042 -0.0514268 
135 -0.00258609 0.0155328 -0.0520709 
136 -0.00352953 0.0135465 -0.0527192 
137 -0.00447183 0.0115504 -0.0533696 
138 -0.00540875 0.00955013 -0.05402 
139 -0.00633607 0.00755126 -0.0546681 
140 -0.00724956 0.00555967 -0.0553115 
141 -0.00814495 0.00358136 -0.0559477 
142 -0.00901814 0.0016224 -0.0565739 
143 -0.00986504 -0.000311002 -0.0571875 
144 -0.0106817 -0.00221264 -0.0577854 
145 -0.0114642 -0.00407621 -0.0583647 
146 -0.0122089 -0.00589553 -0.0589224 
147 -0.0129124 -0.0076644 -0.0594554 
148 -0.0135714 -0.00937677 -0.0599605 
149 -0.0141828 -0.0110266 -0.0604346 
150 -0.0147437 -0.0126083 -0.0608746 
151 -0.0152517 -0.014116 -0.0612774 
152 -0.0157045 -0.0155445 -0.0616398 
153 -0.0161 -0.0168886 -0.0619589 
154 -0.0164365 -0.0181435 -0.0622316 
155 -0.0167126 -0.0193045 -0.0624552 
156 -0.0169272 -0.0203674 -0.0626269 
157 -0.0170793 -0.0213282 -0.0627439 
158 -0.0171683 -0.0221833 -0.0628038 
159 -0.017194 -0.0229294 -0.0628041 
160 -0.0171563 -0.0235636 -0.0627426 
161 -0.0170554 -0.0240832 -0.0626172 
162 -0.0168917 -0.0244861 -0.0624259 
163 -0.0166659 -0.0247703 -0.0621668 
164 -0.0163788 -0.0249341 -0.0618384 
165 -0.0160315 -0.0249764 -0.0614391 
166 -0.0156253 -0.0248962 -0.0609676 
167 -0.0151614 -0.0246928 -0.0604228 
168 -0.0146415 -0.0243659 -0.0598036 
169 -0.0140671 -0.0239154 -0.0591093 
170 -0.0134401 -0.0233415 -0.0583391 
171 -0.0127623 -0.0226445 -0.0574924 
172 -0.0120357 -0.0218251 -0.056569 
173 -0.0112621 -0.0208842 -0.0555685 
174 -0.0104437 -0.0198229 -0.0544909 
175 -0.00958252 -0.0186423 -0.0533361 
176 -0.00868062 -0.0173439 -0.0521043 
177 -0.00774015 -0.0159293 -0.0507958 
178 -0.00676319 -0.0144001 -0.049411 
179 -0.00575186 -0.0127581 -0.0479503 
180 -0.00470822 -0.0110054 -0.0464144 
181 -0.00363433 -0.0091439 -0.044804 
182 -0.00253223 -0.0071758 -0.0431198 
183 -0.00140392 -0.00510327 -0.0413627 
184 -0.000251338 -0.00292863 -0.0395337 
185 0.000923585 -0.000654195 -0.0376338 
186 0.00211899 0.00171764 -0.0356641 
187 0.00333305 0.00418442 -0.0336258 
188 0.00456402 0.00674367 -0.0315201 
189 0.00581017 0.00939285 -0.0293484 
190 0.00706982 0.0121295 -0.0271119 
191 0.00834139 0.0149509 -0.0248121 
192 0.00962331 0.0178546 -0.0224504 
193 0.0109141 0.020838 -0.0200284 
194 0.0122122 0.0238984 -0.0175475 
195 0.0135164 0.0270333 -0.0150094 
196 0.0148252 0.0302399 -0.0124156 
197 0.0161374 0.0335158 -0.00976775 
198 0.0174517 0.0368582 -0.00706761 
199 0.0187669 0.0402646 -0.00431682 
200 0.0200819 0.0437323 -0.00151713 
201 0.0213955 0.0472588 0.00132972 
202 0.0227066 0.0508413 0.00422195 
203 0.0240143 0.0544774 0.00715778 
204 0.0253176 0.0581644 0.0101354 
205 0.0266154 0.0618997 0.013153 
206 0.0279069 0.0656808 0.0162086 
207 0.0291912 0.0695051 0.0193006 
208 0.0304674 0.0733701 0.0224269 
209 0.0317347 0.0772731 0.0255858 
210 0.0329923 0.0812117 0.0287752 
211 0.0342395 0.0851834 0.0319934 
212 0.0354755 0.0891855 0.0352384 
213 0.0366995 0.0932157 0.0385083 
214 0.0379109 0.0972715 0.0418011 
215 0.039109 0.10135 0.0451151 
216 0.0402932 0.10545 0.0484481 
217 0.0414628 0.109567 0.0517983 
218 0.0426172 0.1137 0.0551637 
219 0.0437558 0.117846 0.0585424 
220 0.0448781 0.122003 0.0619324 
221 0.0459834 0.126169 0.0653318 
222 0.0470713 0.13034 0.0687386 
223 0.0481412 0.134515 0.0721509 
224 0.0491928 0.138691 0.0755668 
225 0.0502256 0.142866 0.0789842 
226 0.0512393 0.147037 0.0824013 
227 0.0522337 0.151203 0.0858158 
228 0.0532091 0.155365 0.0892252 
229 0.0541659 0.159528 0.0926251 
230 0.0551056 0.163714 0.0960063 
231 0.056032 0.167983 0.0993467 
232 0.0569555 0.172483 0.102593 
233 0.0579027 0.177543 0.10562 
234 0.0589432 0.183857 0.108149 
235 0.0602482 0.19275 0.109603 
236 0.0622137 0.206553 0.108851 
237 0.0656908 0.228949 0.103855 
238 0.072361 0.264982 0.0912402 
239 0.0852353 0.320161 0.0660143 
240 0.109083 0.397879 0.0218704 
241 0.150306 0.494889 -0.047299 
242 0.21561 0.596317 -0.144402 
243 0.309305 0.674315 -0.265719 
244 0.430489 0.694458 -0.399689 
245 0.572342 0.628413 -0.529965 
246 0.724473 0.464567 -0.641242 
247 0.876571 0.209592 -0.723804 
248 1.02089 -0.117745 -0.774385 
249 1.15271 -0.494319 -0.794302 
250 1.26947 -0.897586 -0.786961 
251 1.36963 -1.30714 -0.756029 
252 1.45167 -1.70401 -0.704488 
253 1.51348 -2.06906 -0.634372 
254 1.552 -2.38128 -0.546946 
255 1.56334 -2.61693 -0.443298 
256 1.54357 -2.75081 -0.325355 
257 1.49039 -2.76138 -0.197307 
258 1.40574 -2.6405 -0.0669036 
259 1.29799 -2.40433 0.0545919 
260 1.18126 -2.09644 0.154984 
261 1.07093 -1.77508 0.225558 
262 0.977575 -1.49024 0.264242 
263 0.904059 -1.26725 0.275083 
264 0.847113 -1.10664 0.265076 
265 0.800893 -0.994614 0.241096 
266 0.759839 -0.913908 0.208413 
267 0.719926 -0.849881 0.170545 
268 0.678778 -0.792393 0.129705 
269 0.635302 -0.735356 0.0872996 
270 0.589239 -0.675574 0.0443024 
271 0.540812 -0.611645 0.00148242 
272 0.490504 -0.543156 -0.0404654 
273 0.438924 -0.47019 -0.0808486 
274 0.386749 -0.393055 -0.118935 
275 0.334703 -0.312154 -0.153927 
276 0.283556 -0.227949 -0.184947 
277 0.234122 -0.14097 -0.211041 
278 0.187262 -0.0518569 -0.231196 
279 0.143853 0.0385904 -0.244399 
280 0.104748 0.129361 -0.249722 
281 0.0706882 0.219201 -0.24646 
282 0.042195 0.306623 -0.234298 
283 0.019441 0.389975 -0.21348 
284 0.00214246 0.467586 -0.184925 
285 -0.0104882 0.537968 -0.150238 
286 -0.0196914 0.600034 -0.111571 
287 -0.0270035 0.65326 -0.0713362 
288 -0.0340286 0.697739 -0.031856 
289 -0.0422051 0.734115 0.00495979 
290 -0.0526333 0.76341 0.0378137 
291 -0.065999 0.786819 0.0660661 
292 -0.0825908 0.805526 0.0896497 
293 -0.10238 0.820578 0.108911 
294 -0.125122 0.832827 0.124437 
295 -0.150457 0.842921 0.136912 
296 -0.177984 0.851324 0.147008 
297 -0.207312 0.858358 0.155326 
298 -0.238089 0.864239 0.16237 
299 -0.270017 0.86911 0.168539 
300 -0.302848 0.873067 0.174135 
301 -0.336385 0.876179 0.179382 
302 -0.370473 0.878495 0.184434 
303 -0.404993 0.880056 0.189401 
304 -0.439851 0.880894 0.194352 
305 -0.474976 0.88104 0.199332 
306 -0.510312 0.880518 0.204366 
307 -0.545816 0.879348 0.209469 
308 -0.581452 0.877549 0.214645 
309 -0.617192 0.87513 0.219896 
310 -0.65301 0.872099 0.225219 
311 -0.688884 0.868455 0.230609 
312 -0.72479 0.864192 0.23606 
313 -0.760706 0.8593 0.241566 
314 -0.796606 0.853759 0.247119 
315 -0.832464 0.847543 0.25271 
316 -0.868244 0.84062 0.25833 
317 -0.90391 0.832951 0.263968 
318 -0.939415 0.824489 0.269613 
319 -0.974702 0.81518 0.27525 
320 -1.00971 0.804964 0.280862 
321 -1.04435 0.793773 0.28643 
322 -1.07853 0.781534 0.291932 
323 -1.11214 0.768171 0.297341 
324 -1.14506 0.7536 0.302627 
325 -1.17713 0.73774 0.307754 
326 -1.20817 0.720509 0.312681 
327 -1.238 0.701829 0.317363 
328 -1.2664 0.681629 0.321748 
329 -1.29312 0.659853 0.325779 
330 -1.31791 0.636459 0.329396 
331 -1.34049 0.611432 0.332531 
332 -1.36059 0.584783 0.335119 
333 -1.37791 0.556558 0.33709 
334 -1.3922 0.526842 0.338378 
335 -1.40319 0.495762 0.33892 
336 -1.41068 0.46349 0.33866 
337 -1.41449 0.430238 0.337555 
338 -1.4145 0.39626 0.335571 
339 -1.41067 0.36184 0.332693 
340 -1.40303 0.327288 0.328921 
341 -1.39169 0.292921 0.324274 
342 -1.3768 0.259057 0.318785 
343 -1.35862 0.225999 0.312507 
344 -1.33744 0.194022 0.305503 
345 -1.31358 0.163365 0.297848 
346 -1.2874 0.134222 0.28962 
347 -1.25926 0.106737 0.280903 
348 -1.22951 0.0810057 0.271777 
349 -1.19847 0.0570733 0.262317 
350 -1.16644 0.0349418 0.252595 
351 -1.13367 0.0145743 0.242669 
352 -1.10036 -0.00409843 0.232589 
353 -1.06669 -0.0211703 0.222396 
354 -1.03276 -0.0367537 0.212117 
355 -0.998652 -0.0509728 0.201773 
356 -0.96439 -0.0639588 0.191371 
357 -0.92997 -0.0758449 0.180912 
358 -0.895352 -0.0867634 0.170389 
359 -0.860469 -0.0968428 0.159789 
360 -0.825229 -0.106206 0.149091 
361 -0.789515 -0.11497 0.138271 
362 -0.753196 -0.123243 0.127299 
363 -0.71612 -0.131128 0.116144 
364 -0.678126 -0.138721 0.104771 
365 -0.639037 -0.146108 0.0931406 
366 -0.598667 -0.153373 0.081215 
367 -0.556822 -0.160592 0.0689533 
368 -0.513303 -0.167836 0.0563147 
369 -0.467902 -0.175171 0.0432582 
370 -0.420414 -0.182659 0.0297439 
371 -0.370631 -0.190357 0.0157334 
372 -0.318349 -0.198319 0.00119112 
373 -0.263373 -0.206593 -0.0139148 
374 -0.205519 -0.215225 -0.0296112 
375 -0.144623 -0.224253 -0.0459185 
376 -0.0805401 -0.233713 -0.062849 
377 -0.0131604 -0.243631 -0.0804054 
378 0.0575908 -0.254028 -0.0985788 
379 0.131741 -0.264916 -0.117347 
380 0.209266 -0.276298 -0.136673 
381 0.290075 -0.288165 -0.156503 
382 0.374012 -0.300498 -0.176764 
383 0.460842 -0.313264 -0.197366 
384 0.550246 -0.326416 -0.218196 
385 0.641824 -0.339891 -0.239124 
386 0.735085 -0.353613 -0.259999 
387 0.829453 -0.367491 -0.280653 
388 0.924275 -0.381418 -0.3009 
389 1.01882 -0.395275 -0.320545 
390 1.11232 -0.408931 -0.339381 
391 1.20392 -0.422245 -0.357198 
392 1.29277 -0.435072 -0.373787 
393 1.37802 -0.447259 -0.388945 
394 1.4588 -0.458653 -0.402477 
395 1.53431 -0.469106 -0.414207 
396 1.60377 -0.478473 -0.423979 
397 1.6665 -0.486617 -0.431658 
398 1.72189 -0.493411 -0.437139 
399 1.76942 -0.498743 -0.440343 
400 1.80868 -0.50251 -0.441222 
401 1.83937 -0.504627 -0.439754 
402 1.8613 -0.505019 -0.435947 
403 1.87436 -0.503628 -0.429834 
404 1.87855 -0.500408 -0.421471 
405 1.87395 -0.495322 -0.410935 
406 1.86073 -0.488346 -0.398321 
407 1.83911 -0.479463 -0.383739 
408 1.80937 -0.468664 -0.367309 
409 1.77184 -0.455944 -0.349162 
410 1.72687 -0.441306 -0.329438 
411 1.67485 -0.424754 -0.30828 
412 1.6162 -0.406299 -0.285837 
413 1.55135 -0.385954 -0.26226 
414 1.48074 -0.363737 -0.237704 
415 1.40481 -0.339671 -0.212327 
416 1.32405 -0.313787 -0.186288 
417 1.23891 -0.286124 -0.15975 
418 1.14991 -0.256734 -0.132878 
419 1.05754 -0.225681 -0.105839 
420 0.962331 -0.193046 -0.0788063 
421 0.864831 -0.15893 -0.0519527 
422 0.765606 -0.123457 -0.0254547 
423 0.665248 -0.0867745 0.000510763 
424 0.564369 -0.0490586 0.0257667 
425 0.463599 -0.0105126 0.0501392 
426 0.363581 0.0286317 0.0734595 
427 0.264963 0.0681154 0.0955672 
428 0.168392 0.107655 0.116314 
429 0.0744964 0.146948 0.135569 
430 -0.0161226 0.185675 0.153219 
431 -0.102907 0.223512 0.169175 
432 -0.185358 0.260135 0.183374 
433 -0.263045 0.295232 0.195784 
434 -0.335623 0.328507 0.206399 
435 -0.402836 0.359695 0.215246 
436 -0.464525 0.388567 0.222379 
437 -0.52063 0.414934 0.227879 
438 -0.571186 0.438655 0.231849 
439 -0.616316 0.459636 0.234412 
440 -0.656223 0.477833 0.235702 
441 -0.691176 0.493245 0.235863 
442 -0.721497 0.505918 0.235045 
443 -0.747547 0.515931 0.233395 
444 -0.769711 0.523396 0.231054 
445 -0.788386 0.528449 0.228158 
446 -0.803967 0.531245 0.224831 
447 -0.816839 0.531951 0.221185 
448 -0.827369 0.530739 0.217321 
449 -0.8359 0.527783 0.213323 
450 -0.842747 0.523255 0.209266 
451 -0.848193 0.51732 0.205208 
452 -0.852492 0.510135 0.2012 
453 -0.855866 0.501846 0.197279 
454 -0.858508 0.492591 0.193474 
455 -0.860582 0.482491 0.189806 
456 -0.862227 0.471659 0.186288 
457 -0.863561 0.460196 0.182928 
458 -0.864678 0.448191 0.17973 
459 -0.865656 0.435723 0.176694 
460 -0.866556 0.42286 0.173814 
461 -0.867428 0.409664 0.171087 
462 -0.868308 0.396186 0.168503 
463 -0.869223 0.382473 0.166055 
464 -0.870193 0.368562 0.163734 
465 -0.871229 0.354488 0.161529 
466 -0.872338 0.340281 0.15943 
467 -0.873521 0.325967 0.157427 
468 -0.874773 0.311568 0.15551 
469 -0.876084 0.297108 0.153668 
470 -0.877438 0.282607 0.15189 
471 -0.878809 0.268088 0.150165 
472 -0.880163 0.253578 0.148479 
473 -0.88145 0.239105 0.146819 
474 -0.882602 0.224709 0.145166 
475 -0.883525 0.210438 0.1435 
476 -0.884091 0.196352 0.141793 
477 -0.884127 0.182534 0.140012 
478 -0.883405 0.169083 0.138114 
479 -0.881627 0.15613 0.136047 
480 -0.878412 0.143832 0.133745 
481 -0.873283 0.132379 0.131128 
482 -0.865664 0.12199 0.128102 
483 -0.854882 0.112908 0.124562 
484 -0.840185 0.105387 0.120391 
485 -0.820783 0.0996672 0.115475 
486 -0.795914 0.0959475 0.10971 
487 -0.764939 0.0943457 0.103018 
488 -0.727448 0.0948586 0.0953644 
489 -0.683372 0.0973274 0.0867747 
490 -0.63307 0.10142 0.0773444 
491 -0.577359 0.106639 0.0672407 
492 -0.517481 0.112358 0.0566919 
493 -0.454983 0.117882 0.0459655 
494 -0.391562 0.122524 0.0353398 
495 -0.32888 0.125674 0.0250754 
496 -0.268408 0.12685 0.0153909 
497 -0.21132 0.125725 0.0064493 
498 -0.158448 0.122129 -0.00164625 
499 -0.110284 0.116029 -0.0088481 
500 -0.0670324 0.1075 -0.0151544 
501 -0.0286656 0.0966914 -0.0205972 
502 0.00500357 0.0837973 -0.0252312 
503 0.0342636 0.0690325 -0.0291233 
504 0.0594549 0.0526143 -0.0323454 
505 0.0809325 0.0347504 -0.0349686 
506 0.0990414 0.0156323 -0.0370599 
507 0.114099 -0.00456845 -0.0386803 
508 0.126386 -0.0257011 -0.0398832 
509 0.136143 -0.0476349 -0.0407147 
510 0.143564 -0.0702578 -0.0412135 
511 0.148801 -0.0934746 -0.0414114 
512 0.151962 -0.117204 -0.0413334 
513 0.153112 -0.141378 -0.0409987 
514 0.152273 -0.165938 -0.0404207 
515 0.149427 -0.190834 -0.0396079 
516 0.144511 -0.216024 -0.0385635 
517 0.137418 -0.241468 -0.0372864 
518 0.127999 -0.267131 -0.0357708 
519 0.116054 -0.292981 -0.0340071 
520 0.101338 -0.318982 -0.0319815 
