4,520
1 0.848573 3.18515 0.381454 
2 0.833343 3.10105 0.412443 
3 0.912251 3.39047 0.49981 
4 1.0508 3.92057 0.622084 
5 1.22523 4.60015 0.764463 
6 1.42023 5.3722 0.917067 
7 1.62469 6.19863 1.0721 
8 1.82735 7.04473 1.22099 
9 2.01239 7.86195 1.3516 
10 2.15628 8.57168 1.44717 
11 2.23342 9.07328 1.49236 
12 2.23668 9.30913 1.48857 
13 2.19225 9.33533 1.4605 
14 2.13831 9.276 1.43602 
15 2.09543 9.21792 1.42633 
16 2.06527 9.18518 1.42904 
17 2.04293 9.17205 1.43864 
18 2.02417 9.16884 1.45121 
19 2.00673 9.16958 1.46484 
20 1.9897 9.17161 1.47879 
21 1.97276 9.17399 1.49279 
22 1.95582 9.17643 1.50676 
23 1.93886 9.17886 1.52068 
24 1.92188 9.18125 1.53454 
25 1.90489 9.18359 1.54832 
26 1.88789 9.18588 1.56201 
27 1.87089 9.18811 1.5756 
28 1.85388 9.19026 1.58909 
29 1.83687 9.19234 1.60246 
30 1.81988 9.19432 1.61569 
31 1.80289 9.19621 1.62877 
32 1.78593 9.19798 1.6417 
33 1.76898 9.19963 1.65445 
34 1.75207 9.20114 1.66701 
35 1.73519 9.2025 1.67936 
36 1.71835 9.2037 1.69148 
37 1.70155 9.20472 1.70337 
38 1.68481 9.20554 1.71499 
39 1.66813 9.20615 1.72633 
40 1.65151 9.20653 1.73737 
41 1.63496 9.20666 1.74809 
42 1.6185 9.20652 1.75847 
43 1.60212 9.20609 1.76847 
44 1.58583 9.20536 1.77809 
45 1.56965 9.20429 1.78729 
46 1.55358 9.20287 1.79605 
47 1.53763 9.20107 1.80435 
48 1.5218 9.19887 1.81216 
49 1.50611 9.19625 1.81946 
50 1.49056 9.19319 1.82622 
51 1.47517 9.18966 1.83241 
52 1.45993 9.18565 1.83802 
53 1.44487 9.18112 1.84302 
54 1.42998 9.17607 1.84739 
55 1.41527 9.17047 1.8511 
56 1.40076 9.16431 1.85415 
57 1.38645 9.15757 1.85652 
58 1.37234 9.15024 1.85818 
59 1.35844 9.14232 1.85914 
60 1.34476 9.13379 1.85938 
61 1.3313 9.12466 1.85889 
62 1.31807 9.11494 1.85768 
63 1.30507 9.10461 1.85575 
64 1.2923 9.09371 1.8531 
65 1.27976 9.08223 1.84975 
66 1.26746 9.0702 1.8457 
67 1.2554 9.05765 1.84098 
68 1.24357 9.04459 1.8356 
69 1.23197 9.03107 1.8296 
70 1.2206 9.01712 1.82299 
71 1.20947 9.00278 1.8158 
72 1.19856 8.98808 1.80808 
73 1.18787 8.97308 1.79985 
74 1.17741 8.95783 1.79115 
75 1.16716 8.94237 1.78202 
76 1.15712 8.92676 1.7725 
77 1.14729 8.91104 1.76262 
78 1.13767 8.89527 1.75241 
79 1.12826 8.8795 1.74193 
80 1.11904 8.86379 1.7312 
81 1.11003 8.84818 1.72025 
82 1.10121 8.83273 1.70913 
83 1.0926 8.81748 1.69785 
84 1.08418 8.80247 1.68644 
85 1.07597 8.78777 1.67494 
86 1.06796 8.77339 1.66336 
87 1.06016 8.75939 1.65172 
88 1.05257 8.7458 1.64005 
89 1.04519 8.73265 1.62834 
90 1.03804 8.71998 1.61662 
91 1.03112 8.70782 1.60489 
92 1.02444 8.69619 1.59316 
93 1.018 8.68513 1.58144 
94 1.01181 8.67465 1.56972 
95 1.00589 8.66477 1.55801 
96 1.00025 8.65553 1.54631 
97 0.994889 8.64693 1.53461 
98 0.989828 8.639 1.52291 
99 0.985077 8.63175 1.51121 
100 0.980646 8.62519 1.4995 
101 0.976551 8.61934 1.48777 
102 0.972802 8.61423 1.47601 
103 0.969414 8.60985 1.46422 
104 0.966398 8.60622 1.45239 
105 0.963769 8.60335 1.44052 
106 0.961538 8.60126 1.42859 
107 0.959718 8.59996 1.4166 
108 0.958322 8.59946 1.40453 
109 0.957362 8.59976 1.39239 
110 0.956848 8.60088 1.38016 
111 0.956791 8.60282 1.36784 
112 0.957202 8.6056 1.35542 
113 0.958089 8.60922 1.3429 
114 0.95946 8.61369 1.33028 
115 0.961322 8.61901 1.31754 
116 0.963681 8.62518 1.3047 
117 0.96654 8.63222 1.29174 
118 0.969902 8.64011 1.27868 
119 0.973767 8.64886 1.2655 
120 0.978134 8.65845 1.25221 
121 0.983 8.6689 1.23882 
122 0.988358 8.68019 1.22533 
123 0.9942 8.6923 1.21174 
124 1.00052 8.70522 1.19808 
125 1.00729 8.71893 1.18433 
126 1.01451 8.73342 1.17053 
127 1.02216 8.74865 1.15667 
128 1.0302 8.7646 1.14277 
129 1.03863 8.78124 1.12885 
130 1.04741 8.79853 1.11493 
131 1.0565 8.81642 1.10102 
132 1.06589 8.83488 1.08714 
133 1.07552 8.85386 1.0733 
134 1.08537 8.87331 1.05954 
135 1.09539 8.89317 1.04588 
136 1.10555 8.91339 1.03232 
137 1.1158 8.93391 1.0189 
138 1.12609 8.95466 1.00564 
139 1.13638 8.9756 0.992562 
140 1.14663 8.99665 0.979682 
141 1.15679 9.01776 0.967024 
142 1.16682 9.03886 0.954607 
143 1.17668 9.05988 0.942451 
144 1.18632 9.08078 0.930572 
145 1.19571 9.10149 0.918986 
146 1.2048 9.12196 0.907708 
147 1.21357 9.14213 0.896749 
148 1.22199 9.16197 0.886122 
149 1.23002 9.18142 0.875834 
150 1.23765 9.20044 0.865892 
151 1.24484 9.219 0.856302 
152 1.25159 9.23707 0.847065 
153 1.25788 9.25462 0.838182 
154 1.26369 9.27163 0.829654 
155 1.26903 9.28809 0.821476 
156 1.27389 9.30397 0.813646 
157 1.27827 9.31928 0.806157 
158 1.28217 9.33401 0.799002 
159 1.28559 9.34815 0.792173 
160 1.28854 9.36172 0.78566 
161 1.29104 9.37472 0.779454 
162 1.29309 9.38715 0.773544 
163 1.29471 9.39903 0.767918 
164 1.29591 9.41037 0.762565 
165 1.29671 9.4212 0.757471 
166 1.29712 9.43152 0.752626 
167 1.29717 9.44135 0.748017 
168 1.29686 9.45072 0.74363 
169 1.29621 9.45965 0.739455 
170 1.29525 9.46815 0.735478 
171 1.294 9.47625 0.731689 
172 1.29246 9.48396 0.728076 
173 1.29066 9.49131 0.724627 
174 1.28861 9.49833 0.721333 
175 1.28633 9.50502 0.718182 
176 1.28383 9.51141 0.715166 
177 1.28114 9.51751 0.712274 
178 1.27825 9.52336 0.709498 
179 1.2752 9.52895 0.706831 
180 1.27199 9.53432 0.704262 
181 1.26864 9.53947 0.701787 
182 1.26515 9.54442 0.699396 
183 1.26153 9.54919 0.697085 
184 1.2578 9.55379 0.694846 
185 1.25397 9.55824 0.692674 
186 1.25005 9.56253 0.690564 
187 1.24604 9.56669 0.688511 
188 1.24195 9.57073 0.686509 
189 1.23779 9.57466 0.684556 
190 1.23356 9.57848 0.682647 
191 1.22928 9.5822 0.680778 
192 1.22494 9.58584 0.678946 
193 1.22056 9.5894 0.677148 
194 1.21614 9.59288 0.675381 
195 1.21167 9.5963 0.673642 
196 1.20718 9.59965 0.671929 
197 1.20265 9.60295 0.67024 
198 1.1981 9.60619 0.668573 
199 1.19352 9.6094 0.666925 
200 1.18892 9.61255 0.665295 
201 1.1843 9.61567 0.663681 
202 1.17967 9.61876 0.662083 
203 1.17502 9.62181 0.660498 
204 1.17036 9.62483 0.658925 
205 1.1657 9.62783 0.657363 
206 1.16102 9.6308 0.655812 
207 1.15633 9.63375 0.65427 
208 1.15164 9.63668 0.652737 
209 1.14695 9.6396 0.651211 
210 1.14225 9.6425 0.649692 
211 1.13754 9.64538 0.648179 
212 1.13284 9.64824 0.646672 
213 1.12814 9.6511 0.645169 
214 1.12343 9.65394 0.643672 
215 1.11873 9.65677 0.642178 
216 1.11402 9.65959 0.640689 
217 1.10932 9.66241 0.639204 
218 1.10462 9.66521 0.637724 
219 1.09992 9.66803 0.636252 
220 1.09521 9.67087 0.634791 
221 1.09048 9.67376 0.633349 
222 1.0857 9.67676 0.631939 
223 1.08085 9.67994 0.630582 
224 1.07585 9.68344 0.629313 
225 1.07063 9.6875 0.62819 
226 1.06503 9.69246 0.627298 
227 1.05883 9.69887 0.626772 
228 1.05173 9.70752 0.626806 
229 1.04331 9.71957 0.627681 
230 1.03299 9.73667 0.629791 
231 1.02006 9.76103 0.633662 
232 1.00369 9.79557 0.639978 
233 0.982966 9.84393 0.649583 
234 0.957086 9.9104 0.663448 
235 0.92559 9.99961 0.682591 
236 0.888753 10.1159 0.707911 
237 0.848092 10.2623 0.739935 
238 0.806896 10.4391 0.778475 
239 0.770625 10.6422 0.82227 
240 0.746912 10.8622 0.868725 
241 0.744931 11.0837 0.913913 
242 0.774099 11.2869 0.952962 
243 0.842376 11.4508 0.980808 
244 0.954732 11.5564 0.993087 
245 1.11236 11.5901 0.986878 
246 1.31284 11.5456 0.961025 
247 1.55109 11.4232 0.916019 
248 1.82063 11.2285 0.853567 
249 2.11475 10.9703 0.776061 
250 2.42726 10.6585 0.686115 
251 2.75296 10.3029 0.586236 
252 3.08769 9.9123 0.478653 
253 3.42832 9.49411 0.365249 
254 3.77255 9.05441 0.247569 
255 4.11873 8.59797 0.126862 
256 4.46571 8.12851 0.00414547 
257 4.81267 7.64888 -0.119734 
258 5.15904 7.16126 -0.244039 
259 5.50436 6.66738 -0.368079 
260 5.84821 6.16867 -0.491154 
261 6.19013 5.66644 -0.612498 
262 6.52951 5.1621 -0.731209 
263 6.86551 4.65733 -0.846189 
264 7.1969 4.15445 -0.956069 
265 7.52192 3.6567 -1.05915 
266 7.83813 3.16861 -1.15337 
267 8.14223 2.69643 -1.23634 
268 8.43004 2.24834 -1.30546 
269 8.69664 1.83428 -1.35824 
270 8.93677 1.46528 -1.39276 
271 9.14569 1.15197 -1.40826 
272 9.32017 0.902415 -1.40567 
273 9.45942 0.720099 -1.38781 
274 9.5656 0.602632 -1.35905 
275 9.64337 0.542123 -1.32451 
276 9.69888 0.527042 -1.28903 
277 9.73846 0.544795 -1.25637 
278 9.76754 0.583996 -1.22881 
279 9.79015 0.635779 -1.2073 
280 9.80886 0.69412 -1.1917 
281 9.82505 0.755461 -1.18129 
282 9.8393 0.818056 -1.17505 
283 9.85173 0.881314 -1.17196 
284 9.86223 0.945264 -1.1711 
285 9.87064 1.0102 -1.1717 
286 9.87682 1.07648 -1.1732 
287 9.88072 1.14438 -1.17516 
288 9.88237 1.21409 -1.17731 
289 9.88184 1.28571 -1.17946 
290 9.87927 1.35924 -1.18148 
291 9.8748 1.43464 -1.18333 
292 9.86861 1.51181 -1.18496 
293 9.86088 1.59066 -1.18637 
294 9.85177 1.67108 -1.18758 
295 9.84143 1.753 -1.18859 
296 9.83 1.83634 -1.18942 
297 9.81759 1.9211 -1.19009 
298 9.80428 2.00728 -1.19061 
299 9.79012 2.09495 -1.191 
300 9.77513 2.18424 -1.19124 
301 9.75928 2.27533 -1.19134 
302 9.74249 2.36848 -1.19127 
303 9.72462 2.46405 -1.19098 
304 9.70542 2.56249 -1.19043 
305 9.68457 2.66437 -1.18952 
306 9.66159 2.77037 -1.18812 
307 9.63586 2.88133 -1.18606 
308 9.60656 2.99821 -1.18312 
309 9.57267 3.12213 -1.179 
310 9.53288 3.25429 -1.17334 
311 9.48567 3.396 -1.1657 
312 9.42921 3.54858 -1.15553 
313 9.36147 3.71325 -1.14223 
314 9.28025 3.89105 -1.12514 
315 9.18331 4.08264 -1.10354 
316 9.06853 4.28817 -1.07677 
317 8.93413 4.50711 -1.04422 
318 8.77889 4.73814 -1.00546 
319 8.60235 4.97914 -0.960231 
320 8.40497 5.22725 -0.908577 
321 8.18814 5.47903 -0.850808 
322 7.95412 5.73078 -0.787509 
323 7.70587 5.9788 -0.719484 
324 7.44673 6.21974 -0.647683 
325 7.18011 6.4508 -0.57311 
326 6.90927 6.66994 -0.496739 
327 6.63702 6.87584 -0.419446 
328 6.36565 7.06795 -0.341961 
329 6.09681 7.24631 -0.264845 
330 5.83159 7.41142 -0.188495 
331 5.57052 7.56414 -0.113148 
332 5.31369 7.70549 -0.0389142 
333 5.06082 7.8366 0.0342081 
334 4.81134 7.95857 0.106301 
335 4.56449 8.07247 0.177506 
336 4.31934 8.17923 0.248005 
337 4.07489 8.27968 0.318006 
338 3.83002 8.37449 0.387727 
339 3.58362 8.46418 0.457386 
340 3.33453 8.54913 0.527195 
341 3.0816 8.62954 0.597342 
342 2.82375 8.70545 0.667987 
343 2.55993 8.77676 0.739247 
344 2.28926 8.8432 0.811181 
345 2.01103 8.90435 0.883776 
346 1.72481 8.95964 0.956926 
347 1.43052 9.00839 1.03042 
348 1.12855 9.04983 1.10391 
349 0.819851 9.08316 1.17693 
350 0.505998 9.10759 1.24887 
351 0.189227 9.12245 1.31899 
352 -0.127596 9.12728 1.38647 
353 -0.441087 9.12187 1.45044 
354 -0.747535 9.10638 1.51005 
355 -1.04316 9.08132 1.56455 
356 -1.32441 9.0476 1.61332 
357 -1.58826 9.0064 1.65597 
358 -1.8324 8.95916 1.69234 
359 -2.05542 8.90739 1.72251 
360 -2.25684 8.85262 1.74677 
361 -2.43697 8.79623 1.76556 
362 -2.59683 8.73942 1.77947 
363 -2.73793 8.68314 1.7891 
364 -2.86208 8.6281 1.79507 
365 -2.97119 8.57478 1.79796 
366 -3.06714 8.52344 1.7983 
367 -3.15167 8.47416 1.79652 
368 -3.22631 8.42692 1.79297 
369 -3.29234 8.38157 1.78794 
370 -3.35075 8.33792 1.78162 
371 -3.40232 8.29575 1.77414 
372 -3.44753 8.25479 1.76556 
373 -3.48665 8.2148 1.7559 
374 -3.51973 8.17551 1.74513 
375 -3.54663 8.13669 1.7332 
376 -3.56703 8.0981 1.71999 
377 -3.58043 8.05951 1.70539 
378 -3.58619 8.02071 1.68925 
379 -3.58351 7.98148 1.67141 
380 -3.57147 7.94163 1.65167 
381 -3.54901 7.90095 1.62985 
382 -3.51499 7.85923 1.60575 
383 -3.46813 7.81628 1.57915 
384 -3.40712 7.77187 1.54985 
385 -3.33056 7.7258 1.51764 
386 -3.23704 7.67784 1.48234 
387 -3.12518 7.62777 1.44378 
388 -2.99364 7.57535 1.40182 
389 -2.84119 7.52036 1.35637 
390 -2.66675 7.46256 1.30736 
391 -2.46947 7.40174 1.25482 
392 -2.24876 7.33768 1.19879 
393 -2.00437 7.27021 1.13942 
394 -1.73639 7.19916 1.07691 
395 -1.44534 7.12441 1.01155 
396 -1.13213 7.04588 0.943674 
397 -0.798119 6.96353 0.873702 
398 -0.445035 6.8774 0.802093 
399 -0.0749891 6.78754 0.729348 
400 0.309608 6.69411 0.655991 
401 0.706104 6.5973 0.582556 
402 1.11168 6.49738 0.509565 
403 1.52344 6.39466 0.437518 
404 1.93848 6.28953 0.366877 
405 2.35395 6.18242 0.298056 
406 2.76713 6.07381 0.231414 
407 3.17546 5.96424 0.167252 
408 3.5766 5.85428 0.105808 
409 3.9684 5.74454 0.0472658 
410 4.34898 5.63565 -0.0082489 
411 4.71666 5.52829 -0.0606579 
412 5.07 5.42315 -0.109926 
413 5.40775 5.32091 -0.156055 
414 5.72888 5.22228 -0.199073 
415 6.03254 5.12795 -0.239037 
416 6.31803 5.03858 -0.276015 
417 6.58485 4.95481 -0.310094 
418 6.83263 4.87722 -0.341367 
419 7.06115 4.80635 -0.369933 
420 7.27036 4.74267 -0.395896 
421 7.46032 4.68654 -0.419362 
422 7.63125 4.63827 -0.440438 
423 7.78348 4.59806 -0.459229 
424 7.91748 4.56603 -0.47584 
425 8.03381 4.54219 -0.490375 
426 8.13313 4.52648 -0.502933 
427 8.21618 4.51875 -0.513613 
428 8.28377 4.51879 -0.522506 
429 8.33675 4.52632 -0.5297 
430 8.37598 4.54102 -0.535276 
431 8.40233 4.56253 -0.539306 
432 8.41665 4.59047 -0.541854 
433 8.41978 4.62446 -0.542976 
434 8.41249 4.66412 -0.542715 
435 8.39548 4.70907 -0.541102 
436 8.3694 4.75896 -0.538155 
437 8.3348 4.81346 -0.533879 
438 8.29217 4.87229 -0.528264 
439 8.24187 4.93518 -0.521284 
440 8.18418 5.00193 -0.5129 
441 8.1193 5.07234 -0.503054 
442 8.04731 5.14627 -0.491674 
443 7.96819 5.22362 -0.478672 
444 7.88187 5.30431 -0.463946 
445 7.78816 5.38829 -0.447379 
446 7.68679 5.47554 -0.428842 
447 7.57745 5.56605 -0.408196 
448 7.45975 5.65982 -0.385295 
449 7.33326 5.75684 -0.359988 
450 7.19755 5.85712 -0.332127 
451 7.05216 5.96062 -0.301569 
452 6.89665 6.06729 -0.268183 
453 6.73065 6.17703 -0.231858 
454 6.55383 6.2897 -0.192513 
455 6.36599 6.40508 -0.150099 
456 6.16705 6.5229 -0.104614 
457 5.95712 6.6428 -0.0561089 
458 5.73647 6.76436 -0.004691 
459 5.50561 6.88706 0.0494665 
460 5.26526 7.01032 0.106124 
461 5.01637 7.13348 0.164975 
462 4.76012 7.25585 0.225649 
463 4.49789 7.37669 0.287722 
464 4.23124 7.49524 0.350721 
465 3.96183 7.61079 0.414142 
466 3.69142 7.72262 0.477465 
467 3.4218 7.83009 0.540168 
468 3.1547 7.93264 0.601747 
469 2.89177 8.02981 0.661729 
470 2.63452 8.12122 0.719688 
471 2.3843 8.20662 0.775252 
472 2.14224 8.28588 0.828115 
473 1.90925 8.35895 0.878037 
474 1.68602 8.42589 0.924845 
475 1.47302 8.48685 0.968433 
476 1.27049 8.54205 1.00875 
477 1.07853 8.59176 1.04582 
478 0.897022 8.63629 1.07968 
479 0.72575 8.67599 1.11042 
480 0.564371 8.71123 1.13818 
481 0.412458 8.74236 1.16309 
482 0.26952 8.76975 1.18532 
483 0.135029 8.79375 1.20504 
484 0.00843012 8.81471 1.22242 
485 -0.110838 8.83293 1.23765 
486 -0.223332 8.84872 1.25089 
487 -0.329598 8.86235 1.2623 
488 -0.430159 8.87407 1.27206 
489 -0.525513 8.88411 1.28031 
490 -0.616131 8.89268 1.28719 
491 -0.702451 8.89995 1.29283 
492 -0.78488 8.90609 1.29736 
493 -0.863795 8.91125 1.30089 
494 -0.93954 8.91556 1.30351 
495 -1.01243 8.91913 1.30532 
496 -1.08275 8.92206 1.30641 
497 -1.15077 8.92444 1.30685 
498 -1.21672 8.92634 1.3067 
499 -1.2808 8.92784 1.30604 
500 -1.34323 8.92899 1.30491 
501 -1.40416 8.92984 1.30337 
502 -1.46375 8.93043 1.30145 
503 -1.52215 8.93081 1.29921 
504 -1.57948 8.93099 1.29667 
505 -1.63584 8.93103 1.29386 
506 -1.69135 8.93093 1.29083 
507 -1.74609 8.93073 1.28758 
508 -1.80014 8.93042 1.28414 
509 -1.85357 8.93004 1.28054 
510 -1.90645 8.9296 1.27679 
511 -1.95883 8.9291 1.2729 
512 -2.01077 8.92856 1.2689 
513 -2.06231 8.92798 1.26478 
514 -2.11349 8.92738 1.26058 
515 -2.16436 8.92675 1.25629 
516 -2.21493 8.9261 1.25192 
517 -2.26525 8.92544 1.24748 
518 -2.31534 8.92477 1.24299 
519 -2.36521 8.9241 1.23843 
520 -2.41491 8.92341 1.23383 
