3,3,520
0.269396 0.0907218 -0.0341413 
0.0907218 0.23662 -0.0167007 
-0.0341413 -0.0167007 0.419049 
0.245969 0.111956 -0.0248366 
0.111956 0.280196 -0.019322 
-0.0248366 -0.0193221 0.460102 
0.241005 0.126581 -0.0206625 
0.126581 0.311732 -0.0212939 
-0.0206625 -0.021294 0.495744 
0.241293 0.134794 -0.0189334 
0.134794 0.329862 -0.022447 
-0.0189334 -0.0224471 0.517786 
0.241768 0.137336 -0.0184749 
0.137336 0.335526 -0.0228097 
-0.0184749 -0.0228098 0.524861 
0.241223 0.134518 -0.0189777 
0.134518 0.329242 -0.0224074 
-0.0189777 -0.0224075 0.516997 
0.240989 0.125998 -0.0207817 
0.125998 0.31044 -0.0212122 
-0.0207817 -0.0212122 0.494159 
0.246385 0.11103 -0.0251114 
0.11103 0.2782 -0.0191989 
-0.0251114 -0.019199 0.457861 
0.271128 0.0894927 -0.0347321 
0.0894927 0.234122 -0.0165553 
-0.0347321 -0.0165553 0.416809 
0.341854 0.0641182 -0.054369 
0.0641182 0.187855 -0.0140609 
-0.054369 -0.0140609 0.395802 
0.487084 0.0421027 -0.0881493 
0.0421027 0.159131 -0.0131489 
-0.0881493 -0.013149 0.432754 
0.694838 0.0306386 -0.132109 
0.0306386 0.162156 -0.0146493 
-0.132109 -0.0146493 0.538899 
0.894563 0.0289336 -0.172324 
0.0289336 0.185568 -0.0174005 
-0.172324 -0.0174005 0.665675 
1.02599 0.0307229 -0.198124 
0.0307229 0.207359 -0.0196263 
-0.198124 -0.0196263 0.756744 
1.08862 0.0322061 -0.210242 
0.0322061 0.219096 -0.0207861 
-0.210242 -0.0207861 0.801695 
1.1105 0.032835 -0.214402 
0.032835 0.223394 -0.0212204 
-0.214402 -0.0212204 0.817533 
1.11432 0.0329835 -0.215053 
0.0329835 0.224168 -0.0213198 
-0.215053 -0.0213198 0.820182 
1.11135 0.0329416 -0.214384 
0.0329416 0.223592 -0.0212935 
-0.214384 -0.0212935 0.81784 
1.10599 0.032834 -0.21324 
0.032834 0.222535 -0.0212245 
-0.21324 -0.0212245 0.81371 
1.09963 0.0327029 -0.211894 
0.0327029 0.221282 -0.0211399 
-0.211894 -0.0211399 0.808832 
1.09269 0.0325609 -0.210421 
0.0325609 0.219914 -0.0210477 
-0.210421 -0.0210477 0.803498 
1.08525 0.0324114 -0.208838 
0.0324114 0.21845 -0.0209501 
-0.208838 -0.0209501 0.797774 
1.07734 0.032256 -0.207148 
0.032256 0.216894 -0.0208475 
-0.207148 -0.0208475 0.791668 
1.06895 0.0320955 -0.205347 
0.0320955 0.215246 -0.0207405 
-0.205347 -0.0207405 0.785177 
1.06008 0.0319309 -0.203434 
0.0319309 0.213506 -0.0206293 
-0.203434 -0.0206293 0.778293 
1.05073 0.0317634 -0.201404 
0.0317634 0.211674 -0.0205143 
-0.201404 -0.0205143 0.771008 
1.04088 0.0315943 -0.199256 
0.0315943 0.20975 -0.0203959 
-0.199256 -0.0203959 0.763314 
1.03055 0.0314251 -0.196987 
0.0314251 0.207735 -0.0202746 
-0.196987 -0.0202746 0.755205 
1.01974 0.0312575 -0.194592 
0.0312575 0.205629 -0.0201511 
-0.194592 -0.0201511 0.746673 
1.00843 0.0310935 -0.192069 
0.0310935 0.203434 -0.0200259 
-0.192069 -0.0200259 0.737712 
0.996644 0.0309353 -0.189415 
0.0309353 0.201152 -0.0198998 
-0.189415 -0.0198998 0.728316 
0.984382 0.0307855 -0.186628 
0.0307855 0.198785 -0.0197739 
-0.186628 -0.0197739 0.718479 
0.971653 0.030647 -0.183703 
0.030647 0.196336 -0.019649 
-0.183703 -0.019649 0.708198 
0.95847 0.0305231 -0.180638 
0.0305231 0.193809 -0.0195263 
-0.180638 -0.0195263 0.69747 
0.944851 0.0304175 -0.177431 
0.0304175 0.19121 -0.0194072 
-0.177431 -0.0194072 0.686293 
0.930814 0.0303343 -0.174078 
0.0303343 0.188544 -0.0192932 
-0.174078 -0.0192932 0.674667 
0.916385 0.0302783 -0.170579 
0.0302783 0.185818 -0.0191858 
-0.170579 -0.0191858 0.662593 
0.901594 0.0302546 -0.16693 
0.0302546 0.18304 -0.0190871 
-0.16693 -0.0190871 0.650077 
0.886477 0.030269 -0.163131 
0.030269 0.18022 -0.0189991 
-0.163131 -0.0189991 0.637122 
0.871075 0.030328 -0.15918 
0.030328 0.177369 -0.018924 
-0.15918 -0.018924 0.62374 
0.855436 0.0304385 -0.155076 
0.0304385 0.174499 -0.0188644 
-0.155076 -0.0188644 0.609941 
0.839617 0.0306083 -0.15082 
0.0306083 0.171625 -0.0188232 
-0.15082 -0.0188232 0.595739 
0.82368 0.0308459 -0.146412 
0.0308459 0.168762 -0.0188034 
-0.146412 -0.0188034 0.581154 
0.807695 0.0311606 -0.141852 
0.0311606 0.165929 -0.0188083 
-0.141852 -0.0188083 0.566207 
0.791743 0.0315622 -0.137144 
0.0315622 0.163145 -0.0188415 
-0.137144 -0.0188415 0.550922 
0.77591 0.0320614 -0.132289 
0.0320614 0.160431 -0.0189069 
-0.132289 -0.0189069 0.535331 
0.760293 0.0326697 -0.127291 
0.0326697 0.157812 -0.0190087 
-0.127291 -0.0190087 0.519467 
0.744997 0.0333993 -0.122154 
0.0333993 0.155313 -0.019151 
-0.122154 -0.019151 0.503367 
0.730133 0.0342629 -0.116885 
0.0342629 0.152962 -0.0193387 
-0.116885 -0.0193387 0.487075 
0.715824 0.0352738 -0.111488 
0.0352738 0.150787 -0.0195764 
-0.111488 -0.0195764 0.470637 
0.702197 0.0364459 -0.105971 
0.0364459 0.14882 -0.0198692 
-0.105971 -0.0198692 0.454103 
0.689386 0.0377934 -0.100342 
0.0377934 0.147093 -0.020222 
-0.100342 -0.020222 0.437528 
0.677532 0.0393305 -0.0946119 
0.0393305 0.145639 -0.02064 
-0.0946119 -0.02064 0.420971 
0.666777 0.0410716 -0.0887893 
0.0410716 0.144492 -0.0211283 
-0.0887893 -0.0211283 0.404492 
0.657267 0.0430308 -0.082886 
0.0430308 0.143687 -0.0216919 
-0.082886 -0.0216919 0.388157 
0.649147 0.0452216 -0.0769141 
0.0452216 0.143256 -0.0223355 
-0.0769141 -0.0223355 0.372031 
0.64256 0.0476571 -0.0708865 
0.0476571 0.143235 -0.0230637 
-0.0708865 -0.0230637 0.356181 
0.637645 0.0503489 -0.0648169 
0.0503489 0.143654 -0.0238807 
-0.0648169 -0.0238807 0.340675 
0.634532 0.0533074 -0.0587197 
0.0533074 0.144542 -0.02479 
-0.0587197 -0.02479 0.325579 
0.633342 0.0565414 -0.0526097 
0.0565414 0.145928 -0.0257946 
-0.0526097 -0.0257946 0.310959 
0.634182 0.0600575 -0.0465023 
0.0600575 0.147834 -0.0268969 
-0.0465023 -0.0268969 0.296877 
0.637143 0.06386 -0.0404128 
0.06386 0.15028 -0.0280982 
-0.0404128 -0.0280982 0.283393 
0.642299 0.0679504 -0.0343569 
0.0679504 0.15328 -0.029399 
-0.0343569 -0.029399 0.27056 
0.649699 0.0723275 -0.0283502 
0.0723275 0.156843 -0.0307988 
-0.0283502 -0.0307988 0.258426 
0.659369 0.0769864 -0.0224081 
0.0769864 0.160971 -0.0322959 
-0.0224081 -0.0322959 0.247034 
0.671314 0.0819194 -0.0165456 
0.0819194 0.165662 -0.0338874 
-0.0165456 -0.0338874 0.236417 
0.685504 0.0871149 -0.0107771 
0.0871149 0.170904 -0.0355692 
-0.0107771 -0.0355692 0.2266 
0.701889 0.0925578 -0.00511674 
0.0925578 0.17668 -0.0373362 
-0.00511674 -0.0373362 0.217602 
0.720386 0.0982295 0.000422437 
0.0982295 0.182966 -0.0391819 
0.000422437 -0.0391819 0.209431 
0.740885 0.104108 0.00582798 
0.104108 0.18973 -0.0410985 
0.00582798 -0.0410985 0.202086 
0.76325 0.110168 0.0110884 
0.110168 0.196935 -0.0430776 
0.0110884 -0.0430776 0.195557 
0.787321 0.116381 0.0161932 
0.116381 0.204535 -0.0451092 
0.0161932 -0.0451092 0.189828 
0.812915 0.122716 0.0211328 
0.122716 0.212482 -0.0471831 
0.0211328 -0.0471831 0.184871 
0.839827 0.12914 0.0258987 
0.12914 0.22072 -0.0492879 
0.0258987 -0.0492879 0.180655 
0.86784 0.135619 0.0304833 
0.135619 0.229192 -0.0514119 
0.0304833 -0.0514119 0.17714 
0.896719 0.142115 0.0348802 
0.142115 0.237835 -0.053543 
0.0348802 -0.053543 0.174281 
0.926223 0.148592 0.0390839 
0.148592 0.246586 -0.0556688 
0.0390839 -0.0556688 0.17203 
0.956105 0.155013 0.0430896 
0.155013 0.255381 -0.0577769 
0.0430896 -0.0577769 0.170334 
0.986118 0.16134 0.0468939 
0.16134 0.264153 -0.0598553 
0.0468939 -0.0598553 0.16914 
1.01602 0.167538 0.0504938 
0.167538 0.27284 -0.061892 
0.0504938 -0.061892 0.168391 
1.04556 0.173572 0.0538874 
0.173572 0.281379 -0.0638756 
0.0538874 -0.0638756 0.168032 
1.07451 0.179407 0.0570732 
0.179407 0.289709 -0.0657953 
0.0570732 -0.0657953 0.168009 
1.10266 0.185013 0.0600508 
0.185013 0.297774 -0.0676408 
0.0600508 -0.0676408 0.168268 
1.12979 0.19036 0.06282 
0.19036 0.30552 -0.069403 
0.06282 -0.069403 0.168759 
1.15572 0.195423 0.0653816 
0.195423 0.312899 -0.0710732 
0.0653816 -0.0710732 0.169432 
1.18027 0.200175 0.0677366 
0.200175 0.319865 -0.072644 
0.0677366 -0.072644 0.170244 
1.20328 0.204598 0.0698865 
0.204598 0.326379 -0.0741085 
0.0698865 -0.0741085 0.171152 
1.22463 0.208671 0.0718334 
0.208671 0.332406 -0.0754611 
0.0718334 -0.0754611 0.172118 
1.24418 0.212379 0.0735795 
0.212379 0.337916 -0.0766969 
0.0735795 -0.0766969 0.173109 
1.26183 0.215709 0.0751276 
0.215709 0.342882 -0.0778118 
0.0751276 -0.0778118 0.174095 
1.27751 0.21865 0.0764807 
0.21865 0.347284 -0.0788029 
0.0764807 -0.0788029 0.175047 
1.29113 0.221196 0.077642 
0.221196 0.351105 -0.0796676 
0.077642 -0.0796676 0.175944 
1.30266 0.223339 0.0786149 
0.223339 0.354333 -0.0804043 
0.0786149 -0.0804043 0.176765 
1.31205 0.225077 0.0794031 
0.225077 0.356959 -0.0810122 
0.0794031 -0.0810122 0.177494 
1.31928 0.226408 0.0800103 
0.226408 0.358978 -0.0814907 
0.0800103 -0.0814907 0.178116 
1.32434 0.227334 0.0804406 
0.227334 0.360389 -0.0818402 
0.0804406 -0.0818402 0.178619 
1.32722 0.227855 0.080698 
0.227855 0.361192 -0.0820611 
0.080698 -0.0820611 0.178996 
1.32794 0.227975 0.0807865 
0.227975 0.361391 -0.0821545 
0.0807865 -0.0821545 0.179239 
1.32651 0.227701 0.0807105 
0.227701 0.360992 -0.0821218 
0.0807105 -0.0821218 0.179342 
1.32296 0.227037 0.0804742 
0.227037 0.360004 -0.0819648 
0.0804742 -0.0819648 0.179302 
1.31733 0.225992 0.080082 
0.225992 0.358438 -0.0816852 
0.080082 -0.0816852 0.179116 
1.30965 0.224572 0.0795383 
0.224572 0.356305 -0.0812852 
0.0795383 -0.0812852 0.178784 
1.29997 0.222788 0.0788474 
0.222788 0.353618 -0.0807672 
0.0788474 -0.0807672 0.178305 
1.28834 0.22065 0.0780139 
0.22065 0.350393 -0.0801335 
0.0780139 -0.0801335 0.177681 
1.27481 0.218167 0.0770421 
0.218167 0.346646 -0.0793865 
0.0770421 -0.0793865 0.176913 
1.25945 0.215351 0.0759366 
0.215351 0.342395 -0.078529 
0.0759366 -0.078529 0.176003 
1.24231 0.212214 0.0747019 
0.212214 0.337657 -0.0775636 
0.0747019 -0.0775636 0.174954 
1.22346 0.208768 0.0733424 
0.208768 0.332453 -0.0764929 
0.0733424 -0.0764929 0.173771 
1.20297 0.205026 0.0718628 
0.205026 0.326804 -0.0753197 
0.0718628 -0.0753197 0.172456 
1.18092 0.201002 0.0702676 
0.201002 0.32073 -0.0740466 
0.0702676 -0.0740466 0.171016 
1.15738 0.196709 0.0685613 
0.196709 0.314256 -0.0726766 
0.0685613 -0.0726766 0.169455 
1.13243 0.192163 0.0667487 
0.192163 0.307405 -0.0712122 
0.0667487 -0.0712122 0.167779 
1.10616 0.187378 0.0648343 
0.187378 0.300203 -0.0696563 
0.0648343 -0.0696563 0.165996 
1.07865 0.18237 0.0628227 
0.18237 0.292675 -0.0680118 
0.0628227 -0.0680118 0.164112 
1.05 0.177156 0.0607187 
0.177156 0.28485 -0.0662813 
0.0607187 -0.0662813 0.162136 
1.0203 0.171753 0.0585268 
0.171753 0.276755 -0.0644678 
0.0585268 -0.0644678 0.160076 
0.989649 0.166178 0.0562517 
0.166178 0.268422 -0.0625741 
0.0562517 -0.0625741 0.157944 
0.95815 0.16045 0.0538981 
0.16045 0.259882 -0.0606029 
0.0538981 -0.0606029 0.15575 
0.925912 0.154587 0.0514705 
0.154587 0.251167 -0.0585573 
0.0514705 -0.0585573 0.153506 
0.893044 0.148608 0.0489735 
0.148608 0.242311 -0.05644 
0.0489735 -0.05644 0.151226 
0.859661 0.142533 0.0464116 
0.142533 0.233348 -0.0542541 
0.0464116 -0.0542541 0.148925 
0.825882 0.136384 0.0437892 
0.136384 0.224317 -0.0520023 
0.0437892 -0.0520023 0.146617 
0.791826 0.130179 0.0411105 
0.130179 0.215252 -0.0496877 
0.0411105 -0.0496877 0.144321 
0.757618 0.123941 0.0383798 
0.123941 0.206193 -0.0473132 
0.0383798 -0.0473132 0.142055 
0.723381 0.11769 0.0356009 
0.11769 0.197177 -0.0448817 
0.0356009 -0.0448817 0.139838 
0.689243 0.111447 0.0327778 
0.111447 0.188244 -0.0423961 
0.0327778 -0.0423961 0.137691 
0.65533 0.105233 0.0299138 
0.105233 0.179432 -0.0398595 
0.0299138 -0.0398595 0.135637 
0.621768 0.0990698 0.0270124 
0.0990698 0.170781 -0.0372748 
0.0270124 -0.0372748 0.133699 
0.588682 0.0929769 0.0240768 
0.0929769 0.162329 -0.0346449 
0.0240768 -0.0346449 0.131899 
0.556193 0.0869741 0.0211097 
0.0869741 0.154113 -0.0319727 
0.0211097 -0.0319727 0.130263 
0.52442 0.0810805 0.0181138 
0.0810805 0.146169 -0.0292612 
0.0181138 -0.0292612 0.128816 
0.493476 0.0753139 0.0150913 
0.0753139 0.138533 -0.0265133 
0.0150913 -0.0265133 0.127582 
0.463467 0.0696911 0.0120443 
0.0696911 0.131237 -0.0237318 
0.0120443 -0.0237318 0.126585 
0.434493 0.0642277 0.0089748 
0.0642277 0.12431 -0.0209198 
0.0089748 -0.0209198 0.12585 
0.406645 0.0589375 0.00588429 
0.0589375 0.117781 -0.01808 
0.00588429 -0.01808 0.1254 
0.380004 0.053833 0.00277434 
0.053833 0.111672 -0.0152156 
0.00277434 -0.0152156 0.125255 
0.35464 0.0489246 -0.000353727 
0.0489246 0.106006 -0.0123295 
-0.000353727 -0.0123295 0.125437 
0.330614 0.0442213 -0.00349859 
0.0442213 0.100799 -0.0094247 
-0.00349859 -0.0094247 0.125961 
0.307972 0.0397298 -0.00665896 
0.0397298 0.096063 -0.0065044 
-0.00665896 -0.0065044 0.126843 
0.286751 0.035455 -0.00983354 
0.035455 0.0918074 -0.00357178 
-0.00983354 -0.00357178 0.128095 
0.266972 0.0313999 -0.0130209 
0.0313999 0.0880366 -0.000630165 
-0.0130209 -0.000630165 0.129727 
0.248647 0.0275657 -0.0162194 
0.0275657 0.084751 0.00231704 
-0.0162194 0.00231704 0.131742 
0.231772 0.0239516 -0.0194273 
0.0239516 0.0819465 0.00526629 
-0.0194273 0.00526629 0.134144 
0.216336 0.0205553 -0.0226425 
0.0205553 0.0796153 0.00821394 
-0.0226425 0.00821394 0.136931 
0.202312 0.0173729 -0.0258627 
0.0173729 0.0777458 0.0111562 
-0.0258627 0.0111562 0.140097 
0.189665 0.014399 -0.0290851 
0.014399 0.0763227 0.0140891 
-0.0290851 0.0140891 0.143632 
0.178352 0.0116269 -0.0323069 
0.0116269 0.0753278 0.0170088 
-0.0323069 0.0170088 0.147524 
0.16832 0.00904908 -0.0355245 
0.00904908 0.07474 0.0199111 
-0.0355245 0.0199111 0.151758 
0.159509 0.006657 -0.0387344 
0.006657 0.0745357 0.0227919 
-0.0387344 0.0227919 0.156313 
0.151855 0.00444147 -0.0419325 
0.00444147 0.0746896 0.0256469 
-0.0419325 0.0256469 0.161168 
0.145288 0.00239283 -0.0451147 
0.00239283 0.0751749 0.028472 
-0.0451147 0.028472 0.166298 
0.139735 0.000501134 -0.0482762 
0.000501134 0.0759637 0.031263 
-0.0482762 0.031263 0.171678 
0.135122 -0.00124371 -0.0514126 
-0.00124371 0.0770275 0.0340159 
-0.0514126 0.0340159 0.177279 
0.131374 -0.00285179 -0.054519 
-0.00285179 0.0783378 0.0367266 
-0.054519 0.0367266 0.183073 
0.128415 -0.00433301 -0.0575906 
-0.00433301 0.0798661 0.0393913 
-0.0575906 0.0393913 0.18903 
0.126172 -0.00569705 -0.0606225 
-0.00569705 0.0815845 0.0420064 
-0.0606225 0.0420064 0.19512 
0.124572 -0.00695321 -0.0636101 
-0.00695321 0.0834661 0.0445684 
-0.0636101 0.0445684 0.201313 
0.123546 -0.00811036 -0.0665486 
-0.00811036 0.085485 0.0470742 
-0.0665486 0.0470742 0.207581 
0.123029 -0.00917688 -0.0694338 
-0.00917688 0.0876166 0.0495208 
-0.0694338 0.0495208 0.213895 
0.122958 -0.0101606 -0.0722615 
-0.0101606 0.0898378 0.0519057 
-0.0722615 0.0519057 0.220228 
0.123274 -0.011069 -0.0750278 
-0.011069 0.0921273 0.0542266 
-0.0750278 0.0542266 0.226555 
0.123923 -0.0119086 -0.0777293 
-0.0119086 0.0944651 0.0564815 
-0.0777293 0.0564815 0.232851 
0.124856 -0.0126858 -0.0803628 
-0.0126858 0.0968333 0.0586689 
-0.0803628 0.0586689 0.239095 
0.126026 -0.0134061 -0.0829257 
-0.0134061 0.0992155 0.0607875 
-0.0829257 0.0607875 0.245266 
0.127392 -0.0140748 -0.0854155 
-0.0140748 0.101597 0.0628363 
-0.0854155 0.0628363 0.251345 
0.128917 -0.0146966 -0.0878304 
-0.0146966 0.103965 0.0648148 
-0.0878304 0.0648148 0.257317 
0.130567 -0.0152756 -0.0901689 
-0.0152756 0.106309 0.0667227 
-0.0901689 0.0667227 0.263167 
0.132313 -0.0158156 -0.0924299 
-0.0158156 0.108617 0.0685599 
-0.0924299 0.0685599 0.268882 
0.134129 -0.01632 -0.0946128 
-0.01632 0.110883 0.0703269 
-0.0946128 0.0703269 0.274452 
0.135991 -0.0167919 -0.0967172 
-0.0167919 0.113099 0.0720241 
-0.0967172 0.0720241 0.279869 
0.137881 -0.0172339 -0.0987431 
-0.0172339 0.115259 0.0736523 
-0.0987431 0.0736523 0.285124 
0.139781 -0.0176485 -0.100691 
-0.0176485 0.117358 0.0752126 
-0.100691 0.0752126 0.290213 
0.141676 -0.0180379 -0.102561 
-0.0180379 0.119393 0.0767063 
-0.102561 0.0767063 0.295132 
0.143555 -0.018404 -0.104355 
-0.018404 0.121361 0.0781345 
-0.104355 0.0781345 0.299878 
0.145407 -0.0187485 -0.106074 
-0.0187485 0.123261 0.079499 
-0.106074 0.079499 0.304449 
0.147224 -0.019073 -0.107719 
-0.019073 0.12509 0.0808014 
-0.107719 0.0808014 0.308845 
0.149 -0.0193789 -0.109292 
-0.0193789 0.126849 0.0820433 
-0.109292 0.0820433 0.313068 
0.150728 -0.0196675 -0.110794 
-0.0196675 0.128537 0.0832267 
-0.110794 0.0832267 0.317118 
0.152404 -0.0199399 -0.112227 
-0.0199399 0.130154 0.0843535 
-0.112227 0.0843535 0.320998 
0.154026 -0.0201971 -0.113594 
-0.0201971 0.131702 0.0854256 
-0.113594 0.0854256 0.32471 
0.155592 -0.0204401 -0.114896 
-0.0204401 0.133182 0.086445 
-0.114896 0.086445 0.328258 
0.157099 -0.0206697 -0.116136 
-0.0206697 0.134595 0.0874137 
-0.116136 0.0874137 0.331647 
0.158548 -0.0208868 -0.117316 
-0.0208868 0.135942 0.0883337 
-0.117316 0.0883337 0.334879 
0.159937 -0.0210921 -0.118438 
-0.0210921 0.137226 0.089207 
-0.118438 0.089207 0.337961 
0.161269 -0.0212862 -0.119504 
-0.0212862 0.138448 0.0900356 
-0.119504 0.0900356 0.340896 
0.162542 -0.0214698 -0.120517 
-0.0214698 0.139611 0.0908213 
-0.120517 0.0908213 0.34369 
0.163758 -0.0216435 -0.121478 
-0.0216435 0.140717 0.0915662 
-0.121478 0.0915662 0.346348 
0.164918 -0.0218078 -0.12239 
-0.0218078 0.141767 0.0922721 
-0.12239 0.0922721 0.348875 
0.166024 -0.0219632 -0.123255 
-0.0219632 0.142764 0.0929408 
-0.123255 0.0929408 0.351276 
0.167078 -0.0221102 -0.124076 
-0.0221102 0.14371 0.0935741 
-0.124076 0.0935741 0.353556 
0.16808 -0.0222494 -0.124854 
-0.0222494 0.144608 0.0941736 
-0.124854 0.0941736 0.35572 
0.169034 -0.022381 -0.125591 
-0.022381 0.145459 0.0947412 
-0.125591 0.0947412 0.357774 
0.16994 -0.0225055 -0.126289 
-0.0225055 0.146266 0.0952782 
-0.126289 0.0952782 0.359721 
0.1708 -0.0226233 -0.12695 
-0.0226233 0.147031 0.0957864 
-0.12695 0.0957864 0.361568 
0.171617 -0.0227347 -0.127576 
-0.0227347 0.147755 0.0962671 
-0.127576 0.0962671 0.363319 
0.172392 -0.0228402 -0.128169 
-0.0228402 0.148441 0.0967219 
-0.128169 0.0967219 0.364979 
0.173127 -0.0229399 -0.12873 
-0.0229399 0.14909 0.0971519 
-0.12873 0.0971519 0.366551 
0.173825 -0.0230342 -0.129261 
-0.0230342 0.149705 0.0975587 
-0.129261 0.0975587 0.36804 
0.174485 -0.0231235 -0.129764 
-0.0231235 0.150287 0.0979433 
-0.129764 0.0979433 0.369451 
0.175112 -0.0232079 -0.130239 
-0.0232079 0.150838 0.098307 
-0.130239 0.098307 0.370786 
0.175705 -0.0232877 -0.130689 
-0.0232877 0.151359 0.0986509 
-0.130689 0.0986509 0.372051 
0.176268 -0.0233633 -0.131115 
-0.0233633 0.151852 0.098976 
-0.131115 0.098976 0.373249 
0.1768 -0.0234348 -0.131518 
-0.0234348 0.152318 0.0992835 
-0.131518 0.0992835 0.374382 
0.177304 -0.0235024 -0.131899 
-0.0235024 0.15276 0.0995742 
-0.131899 0.0995742 0.375455 
0.177782 -0.0235663 -0.132259 
-0.0235663 0.153177 0.099849 
-0.132259 0.099849 0.376471 
0.178234 -0.0236268 -0.1326 
-0.0236268 0.153573 0.100109 
-0.1326 0.100109 0.377433 
0.178662 -0.0236841 -0.132923 
-0.0236841 0.153946 0.100355 
-0.132923 0.100355 0.378343 
0.179068 -0.0237382 -0.133228 
-0.0237382 0.1543 0.100587 
-0.133228 0.100587 0.379204 
0.179452 -0.0237895 -0.133517 
-0.0237895 0.154635 0.100807 
-0.133517 0.100807 0.380019 
0.179815 -0.023838 -0.13379 
-0.023838 0.154951 0.101015 
-0.13379 0.101015 0.380791 
0.180159 -0.0238839 -0.134049 
-0.0238839 0.155251 0.101211 
-0.134049 0.101211 0.381522 
0.180485 -0.0239273 -0.134293 
-0.0239273 0.155534 0.101397 
-0.134293 0.101397 0.382213 
0.180793 -0.0239684 -0.134525 
-0.0239684 0.155803 0.101573 
-0.134525 0.101573 0.382868 
0.181085 -0.0240073 -0.134744 
-0.0240073 0.156056 0.10174 
-0.134744 0.10174 0.383487 
0.181362 -0.024044 -0.134951 
-0.024044 0.156296 0.101897 
-0.134951 0.101897 0.384073 
0.181623 -0.0240788 -0.135147 
-0.0240788 0.156523 0.102046 
-0.135147 0.102046 0.384628 
0.18187 -0.0241118 -0.135332 
-0.0241118 0.156738 0.102186 
-0.135332 0.102186 0.385152 
0.182104 -0.0241428 -0.135507 
-0.0241428 0.156941 0.102319 
-0.135507 0.102319 0.385648 
0.182324 -0.0241721 -0.135672 
-0.0241721 0.157132 0.102444 
-0.135672 0.102444 0.386115 
0.182531 -0.0241997 -0.135827 
-0.0241997 0.157312 0.102562 
-0.135827 0.102562 0.386554 
0.182725 -0.0242254 -0.135972 
-0.0242254 0.157479 0.102672 
-0.135972 0.102672 0.386964 
0.182903 -0.0242491 -0.136105 
-0.0242491 0.157634 0.102773 
-0.136105 0.102773 0.387343 
0.183065 -0.0242706 -0.136226 
-0.0242706 0.157774 0.102865 
-0.136226 0.102865 0.387685 
0.183204 -0.0242892 -0.136331 
-0.0242892 0.157895 0.102944 
-0.136331 0.102944 0.387982 
0.183315 -0.024304 -0.136414 
-0.024304 0.157992 0.103007 
-0.136414 0.103007 0.388217 
0.183385 -0.0243134 -0.136466 
-0.0243134 0.158053 0.103047 
-0.136466 0.103047 0.388365 
0.183394 -0.0243148 -0.136473 
-0.0243148 0.158061 0.103052 
-0.136473 0.103052 0.388383 
0.18331 -0.0243043 -0.136411 
-0.0243043 0.157991 0.103006 
-0.136411 0.103006 0.388206 
0.183087 -0.0242765 -0.136245 
-0.0242765 0.157804 0.10288 
-0.136245 0.10288 0.387733 
0.182654 -0.0242237 -0.135922 
-0.0242237 0.157443 0.102636 
-0.135922 0.102636 0.386816 
0.18191 -0.0241368 -0.135367 
-0.0241368 0.156832 0.102215 
-0.135367 0.102215 0.38524 
0.180717 -0.024007 -0.134474 
-0.024007 0.155876 0.101537 
-0.134474 0.101537 0.382708 
0.178891 -0.0238323 -0.133102 
-0.0238323 0.154474 0.100492 
-0.133102 0.100492 0.378829 
0.176209 -0.0236304 -0.131079 
-0.0236304 0.152554 0.0989417 
-0.131079 0.0989417 0.373124 
0.172431 -0.0234655 -0.128205 
-0.0234655 0.150155 0.0967238 
-0.128205 0.0967238 0.365068 
0.167352 -0.0234942 -0.124295 
-0.0234942 0.147568 0.0936701 
-0.124295 0.0936701 0.354194 
0.160892 -0.0240343 -0.11923 
-0.0240343 0.145561 0.0896438 
-0.11923 0.0896438 0.340283 
0.153239 -0.0256471 -0.113046 
-0.0256471 0.145663 0.084596 
-0.113046 0.084596 0.323637 
0.144983 -0.0292038 -0.10604 
-0.0292038 0.150407 0.0786345 
-0.10604 0.0786345 0.30538 
0.137208 -0.0358736 -0.0988261 
-0.0358736 0.163339 0.0720765 
-0.0988261 0.0720765 0.287636 
0.131418 -0.0469679 -0.0923167 
-0.0469679 0.188592 0.0654498 
-0.0923167 0.0654498 0.273402 
0.129245 -0.0636216 -0.0875563 
-0.0636216 0.229914 0.0594108 
-0.0875563 0.0594108 0.265984 
0.132006 -0.0863945 -0.0854544 
-0.0863945 0.289423 0.0545904 
-0.0854544 0.0545904 0.268109 
0.140286 -0.114975 -0.0865173 
-0.114975 0.36663 0.0514274 
-0.0865173 0.0514274 0.281076 
0.153748 -0.148155 -0.0907117 
-0.148155 0.458277 0.0500646 
-0.0907116 0.0500646 0.30437 
0.171271 -0.184092 -0.0975152 
-0.184092 0.559082 0.050352 
-0.0975151 0.050352 0.335892 
0.191296 -0.220746 -0.10611 
-0.220746 0.663027 0.0519375 
-0.10611 0.0519375 0.372652 
0.21223 -0.256277 -0.115612 
-0.256277 0.764582 0.054388 
-0.115612 0.054388 0.41154 
0.232721 -0.289288 -0.125241 
-0.289288 0.859478 0.0572918 
-0.125241 0.0572918 0.449899 
0.251793 -0.318892 -0.134411 
-0.318892 0.944944 0.060315 
-0.134411 0.060315 0.485785 
0.26884 -0.344656 -0.142737 
-0.344656 1.01956 0.0632194 
-0.142737 0.0632194 0.517974 
0.283559 -0.366477 -0.150005 
-0.366477 1.08289 0.0658527 
-0.150005 0.0658527 0.545834 
0.295856 -0.384464 -0.156122 
-0.384464 1.13518 0.068129 
-0.156122 0.068129 0.569143 
0.305758 -0.398828 -0.161072 
-0.398828 1.17698 0.0700073 
-0.161072 0.0700073 0.587927 
0.313354 -0.409812 -0.164875 
-0.409812 1.20894 0.0714733 
-0.164875 0.0714733 0.602328 
0.318739 -0.417635 -0.167566 
-0.417635 1.23167 0.0725265 
-0.167566 0.0725265 0.612513 
0.32199 -0.422465 -0.169173 
-0.422465 1.24564 0.0731709 
-0.169173 0.0731709 0.618613 
0.323144 -0.424401 -0.169706 
-0.424401 1.25112 0.07341 
-0.169706 0.07341 0.620684 
0.322187 -0.423462 -0.169152 
-0.423462 1.24813 0.0732438 
-0.169152 0.0732438 0.618684 
0.319053 -0.419593 -0.16747 
-0.419593 1.23648 0.0726694 
-0.16747 0.0726694 0.61246 
0.31362 -0.412662 -0.164596 
-0.412662 1.21576 0.0716841 
-0.164595 0.0716841 0.601753 
0.305727 -0.402487 -0.160438 
-0.402487 1.18539 0.0702924 
-0.160438 0.0702924 0.586205 
0.29519 -0.388866 -0.154899 
-0.388866 1.14469 0.0685192 
-0.154899 0.0685192 0.565399 
0.281851 -0.371644 -0.147892 
-0.371644 1.09311 0.0664307 
-0.147892 0.0664307 0.53893 
0.265646 -0.350815 -0.139377 
-0.350815 1.03049 0.0641661 
-0.139377 0.0641661 0.506526 
0.246714 -0.326673 -0.129421 
-0.326673 0.957478 0.061981 
-0.129421 0.061981 0.468235 
0.225536 -0.300011 -0.118264 
-0.300011 0.876104 0.0602966 
-0.118264 0.0602966 0.424679 
0.203086 -0.272317 -0.106402 
-0.272317 0.790358 0.0597401 
-0.106402 0.0597401 0.377327 
0.180916 -0.245886 -0.0946334 
-0.245886 0.706541 0.0611437 
-0.0946333 0.0611437 0.328693 
0.161101 -0.223706 -0.084026 
-0.223706 0.632977 0.065457 
-0.084026 0.065457 0.282284 
0.145917 -0.20897 -0.0757592 
-0.20897 0.578734 0.0735413 
-0.0757592 0.0735413 0.24213 
0.137283 -0.204248 -0.0708328 
-0.204248 0.55133 0.0858671 
-0.0708328 0.0858671 0.211864 
0.136125 -0.21058 -0.0697431 
-0.21058 0.554217 0.102233 
-0.0697431 0.102233 0.193659 
0.142011 -0.226981 -0.0722884 
-0.226981 0.585319 0.12167 
-0.0722884 0.12167 0.187521 
0.153277 -0.250694 -0.0776337 
-0.250694 0.63762 0.142641 
-0.0776337 0.142641 0.19138 
0.167616 -0.278095 -0.0846075 
-0.278095 0.701574 0.163454 
-0.0846075 0.163454 0.201941 
0.182784 -0.305772 -0.0920652 
-0.305772 0.768004 0.18269 
-0.0920652 0.18269 0.215786 
0.197106 -0.331249 -0.0991463 
-0.331249 0.830118 0.199456 
-0.0991463 0.199456 0.230198 
0.209627 -0.353193 -0.105356 
-0.353194 0.884119 0.213408 
-0.105356 0.213408 0.243473 
0.22001 -0.37123 -0.110515 
-0.37123 0.928754 0.224628 
-0.110515 0.224629 0.254815 
0.228323 -0.385597 -0.11465 
-0.385597 0.96443 0.233443 
-0.11465 0.233443 0.264059 
0.234844 -0.396828 -0.117895 
-0.396828 0.992379 0.240275 
-0.117895 0.240275 0.271385 
0.239908 -0.405536 -0.120417 
-0.405536 1.01407 0.245544 
-0.120417 0.245544 0.277112 
0.243839 -0.412287 -0.122374 
-0.412287 1.03091 0.249617 
-0.122374 0.249617 0.281573 
0.24691 -0.417556 -0.123904 
-0.417556 1.04405 0.252791 
-0.123904 0.252791 0.285065 
0.249334 -0.421713 -0.125111 
-0.421714 1.05443 0.255292 
-0.125111 0.255292 0.287826 
0.251273 -0.425037 -0.126078 
-0.425037 1.06272 0.257292 
-0.126078 0.257292 0.290037 
0.252846 -0.427731 -0.126862 
-0.427731 1.06944 0.258913 
-0.126862 0.258913 0.291831 
0.254138 -0.429942 -0.127506 
-0.429942 1.07496 0.260243 
-0.127506 0.260244 0.293306 
0.255209 -0.431774 -0.12804 
-0.431774 1.07954 0.261346 
-0.12804 0.261346 0.29453 
0.256102 -0.433299 -0.128486 
-0.433299 1.08335 0.262265 
-0.128486 0.262265 0.29555 
0.256845 -0.434569 -0.128857 
-0.434569 1.08652 0.26303 
-0.128857 0.26303 0.296401 
0.257459 -0.435617 -0.129163 
-0.435617 1.08913 0.263661 
-0.129163 0.263661 0.297103 
0.257956 -0.436463 -0.129411 
-0.436463 1.09124 0.26417 
-0.129411 0.26417 0.29767 
0.25834 -0.437118 -0.129602 
-0.437118 1.09288 0.264565 
-0.129602 0.264565 0.298109 
0.258614 -0.437582 -0.129738 
-0.437582 1.09403 0.264843 
-0.129738 0.264843 0.298419 
0.258772 -0.437846 -0.129815 
-0.437846 1.09469 0.265001 
-0.129815 0.265001 0.298594 
0.258804 -0.437893 -0.129827 
-0.437893 1.0948 0.265027 
-0.129827 0.265027 0.29862 
0.258696 -0.437692 -0.129768 
-0.437692 1.09428 0.264902 
-0.129768 0.264902 0.298478 
0.258428 -0.437204 -0.129624 
-0.437204 1.09304 0.2646 
-0.129624 0.2646 0.29814 
0.257973 -0.436375 -0.12938 
-0.436375 1.09093 0.264089 
-0.12938 0.264089 0.297567 
0.257301 -0.435135 -0.129016 
-0.435135 1.08776 0.263323 
-0.129016 0.263323 0.296712 
0.256378 -0.4334 -0.128508 
-0.4334 1.08332 0.262247 
-0.128508 0.262247 0.295513 
0.255172 -0.431066 -0.127829 
-0.431066 1.0773 0.260793 
-0.127829 0.260793 0.293897 
0.253657 -0.428015 -0.126945 
-0.428015 1.06937 0.258876 
-0.126945 0.258876 0.291777 
0.251823 -0.424113 -0.125822 
-0.424113 1.05912 0.256398 
-0.125822 0.256399 0.289051 
0.249699 -0.419219 -0.124427 
-0.419219 1.04609 0.253249 
-0.124427 0.253249 0.285609 
0.247373 -0.413197 -0.12273 
-0.413197 1.02974 0.249304 
-0.12273 0.249304 0.281334 
0.245034 -0.405935 -0.120719 
-0.405935 1.00954 0.244432 
-0.120719 0.244432 0.276115 
0.243027 -0.397372 -0.118401 
-0.397372 0.984948 0.238505 
-0.118401 0.238505 0.269861 
0.241916 -0.387544 -0.115828 
-0.387544 0.955474 0.231411 
-0.115828 0.231411 0.262521 
0.242566 -0.376631 -0.113107 
-0.376631 0.920778 0.223075 
-0.113107 0.223075 0.254115 
0.24623 -0.365016 -0.110426 
-0.365016 0.88075 0.213479 
-0.110426 0.213479 0.244765 
0.254609 -0.353345 -0.108073 
-0.353345 0.835624 0.202691 
-0.108073 0.202691 0.234731 
0.269885 -0.342564 -0.106446 
-0.342564 0.786077 0.190889 
-0.106446 0.190889 0.22444 
0.294658 -0.333926 -0.10605 
-0.333926 0.733295 0.178376 
-0.10605 0.178376 0.214492 
0.33179 -0.328935 -0.107475 
-0.328935 0.678985 0.165585 
-0.107475 0.165585 0.205647 
0.384103 -0.329222 -0.111339 
-0.329222 0.625286 0.153048 
-0.111339 0.153048 0.198765 
0.453977 -0.336348 -0.11821 
-0.336348 0.574578 0.141354 
-0.11821 0.141354 0.194712 
0.542893 -0.351561 -0.128513 
-0.351561 0.529215 0.13108 
-0.128513 0.13108 0.194241 
0.65104 -0.37557 -0.142442 
-0.37557 0.491213 0.122711 
-0.142441 0.122711 0.197868 
0.777075 -0.408375 -0.159898 
-0.408375 0.461979 0.116575 
-0.159898 0.116575 0.205777 
0.918138 -0.449217 -0.180482 
-0.449217 0.442139 0.112801 
-0.180482 0.112801 0.217782 
1.07013 -0.496658 -0.203534 
-0.496658 0.431508 0.111316 
-0.203534 0.111316 0.233347 
1.22816 -0.548773 -0.22821 
-0.548773 0.429189 0.111867 
-0.22821 0.111867 0.251672 
1.38713 -0.603397 -0.253593 
-0.603397 0.433781 0.11408 
-0.253593 0.11408 0.271805 
1.54222 -0.658378 -0.278789 
-0.658378 0.443616 0.117518 
-0.278788 0.117518 0.292767 
1.68929 -0.71177 -0.303003 
-0.71177 0.456981 0.121738 
-0.303003 0.121738 0.313645 
1.82508 -0.761963 -0.325593 
-0.761963 0.472291 0.126333 
-0.325593 0.126333 0.333666 
1.94726 -0.807732 -0.34608 
-0.807732 0.48819 0.130957 
-0.34608 0.130957 0.352225 
2.05438 -0.848224 -0.364145 
-0.848224 0.503595 0.135334 
-0.364145 0.135334 0.368887 
2.14568 -0.882907 -0.379599 
-0.882907 0.517689 0.139258 
-0.379599 0.139258 0.38337 
2.22096 -0.911495 -0.392358 
-0.911495 0.529892 0.14258 
-0.392358 0.14258 0.395517 
2.28036 -0.933879 -0.402409 
-0.933879 0.539815 0.145196 
-0.402409 0.145196 0.405262 
2.32425 -0.950051 -0.40978 
-0.95005 0.54721 0.147038 
-0.40978 0.147038 0.412602 
2.35306 -0.960048 -0.414519 
-0.960048 0.551932 0.148056 
-0.414519 0.148056 0.417576 
2.36724 -0.96391 -0.416676 
-0.96391 0.5539 0.14821 
-0.416676 0.14821 0.420242 
2.36718 -0.961645 -0.416293 
-0.961645 0.553078 0.147464 
-0.416293 0.147464 0.420675 
2.35317 -0.953209 -0.413394 
-0.953209 0.549452 0.145778 
-0.413394 0.145778 0.418953 
2.32547 -0.938497 -0.407988 
-0.938497 0.543032 0.143104 
-0.407988 0.143104 0.415169 
2.28425 -0.917341 -0.400072 
-0.917341 0.533848 0.139382 
-0.400072 0.139382 0.40943 
2.22974 -0.889521 -0.389634 
-0.889521 0.521964 0.134545 
-0.389634 0.134545 0.40188 
2.16224 -0.854781 -0.376672 
-0.854781 0.507492 0.128512 
-0.376672 0.128512 0.392709 
2.08226 -0.81286 -0.361205 
-0.81286 0.490621 0.121196 
-0.361205 0.121196 0.382184 
1.99063 -0.763531 -0.343296 
-0.763531 0.471642 0.112506 
-0.343296 0.112506 0.370672 
1.88866 -0.706651 -0.323073 
-0.706651 0.450977 0.102356 
-0.323073 0.102356 0.358663 
1.77825 -0.64222 -0.300754 
-0.64222 0.429214 0.0906719 
-0.300754 0.0906719 0.346793 
1.66197 -0.570445 -0.276671 
-0.570445 0.407114 0.077406 
-0.27667 0.077406 0.33585 
1.54314 -0.491803 -0.251274 
-0.491803 0.385615 0.0625494 
-0.251274 0.0625494 0.326761 
1.42572 -0.407087 -0.225139 
-0.407087 0.365797 0.0461465 
-0.225139 0.0461465 0.320546 
1.31411 -0.317434 -0.198944 
-0.317434 0.348811 0.0283093 
-0.198944 0.0283093 0.318246 
1.21285 -0.224306 -0.173429 
-0.224306 0.335783 0.00922598 
-0.173429 0.00922598 0.320807 
1.12611 -0.129437 -0.149335 
-0.129437 0.327675 -0.0108356 
-0.149335 -0.0108356 0.32896 
1.05725 -0.0347319 -0.127332 
-0.0347319 0.325157 -0.0315347 
-0.127332 -0.0315347 0.343085 
1.00837 0.0578745 -0.10795 
0.0578745 0.328494 -0.0524742 
-0.10795 -0.0524742 0.363125 
0.980023 0.146561 -0.0915209 
0.146561 0.337491 -0.0732267 
-0.0915209 -0.0732267 0.388546 
0.971158 0.229757 -0.078158 
0.229757 0.351502 -0.0933667 
-0.078158 -0.0933667 0.418377 
0.979357 0.306249 -0.0677616 
0.306249 0.369521 -0.112503 
-0.0677616 -0.112503 0.451322 
1.00122 0.375232 -0.0600587 
0.375232 0.390319 -0.13031 
-0.0600587 -0.13031 0.485917 
1.03289 0.436309 -0.0546607 
0.436309 0.412598 -0.146542 
-0.0546607 -0.146542 0.520698 
1.0705 0.489456 -0.0511262 
0.489456 0.435144 -0.161047 
-0.0511262 -0.161047 0.554358 
1.1106 0.534946 -0.0490161 
0.534946 0.456928 -0.173762 
-0.0490161 -0.173762 0.585837 
1.15039 0.573271 -0.047933 
0.573271 0.477165 -0.184702 
-0.047933 -0.184702 0.614384 
1.18779 0.60506 -0.0475443 
0.60506 0.495331 -0.193941 
-0.0475443 -0.193941 0.639544 
1.22143 0.631004 -0.0475891 
0.631004 0.511134 -0.201598 
-0.0475891 -0.201598 0.661128 
1.25054 0.651805 -0.0478751 
0.651805 0.524473 -0.207817 
-0.0478751 -0.207817 0.679152 
1.27482 0.668132 -0.048269 
0.668132 0.535388 -0.212749 
-0.048269 -0.212749 0.693779 
1.29429 0.680596 -0.0486845 
0.680596 0.544009 -0.216547 
-0.0486845 -0.216547 0.705257 
1.3092 0.689735 -0.0490704 
0.689735 0.550519 -0.219349 
-0.0490704 -0.219349 0.713878 
1.31989 0.696006 -0.0494014 
0.696006 0.555118 -0.221282 
-0.0494014 -0.221282 0.719939 
1.32676 0.699786 -0.0496692 
0.699786 0.558002 -0.222451 
-0.0496692 -0.222451 0.723718 
1.33019 0.701373 -0.0498781 
0.701373 0.559351 -0.222942 
-0.0498781 -0.222942 0.725463 
1.33056 0.700992 -0.0500407 
0.700992 0.559318 -0.222823 
-0.0500407 -0.222823 0.725381 
1.32818 0.6988 -0.0501761 
0.6988 0.558031 -0.22214 
-0.0501761 -0.22214 0.723639 
1.32334 0.694894 -0.0503095 
0.694894 0.55559 -0.220925 
-0.0503095 -0.220925 0.720361 
1.31628 0.689313 -0.0504722 
0.689313 0.552068 -0.21919 
-0.0504722 -0.21919 0.715641 
1.30722 0.682048 -0.050703 
0.682048 0.54752 -0.216935 
-0.050703 -0.216935 0.709536 
1.29638 0.673039 -0.0510494 
0.673039 0.541985 -0.214145 
-0.0510494 -0.214145 0.702085 
1.28398 0.662185 -0.0515705 
0.662185 0.535491 -0.210791 
-0.0515705 -0.210791 0.693306 
1.27027 0.649345 -0.0523387 
0.649345 0.528064 -0.206835 
-0.0523387 -0.206835 0.683209 
1.25556 0.634339 -0.0534431 
0.634339 0.519734 -0.202227 
-0.0534431 -0.202227 0.671801 
1.24023 0.616951 -0.054992 
0.616951 0.510538 -0.196907 
-0.054992 -0.196907 0.659097 
1.22472 0.596937 -0.0571154 
0.596937 0.500534 -0.190807 
-0.0571154 -0.190807 0.645123 
1.20964 0.574026 -0.0599671 
0.574026 0.489806 -0.183852 
-0.0599671 -0.183852 0.62993 
1.19568 0.547923 -0.063726 
0.547923 0.47847 -0.175962 
-0.063726 -0.175962 0.613601 
1.18367 0.518322 -0.0685955 
0.518322 0.46668 -0.167053 
-0.0685955 -0.167053 0.596255 
1.17462 0.484916 -0.0748012 
0.484916 0.454639 -0.157041 
-0.0748012 -0.157041 0.578056 
1.1696 0.447406 -0.0825862 
0.447406 0.4426 -0.145843 
-0.0825862 -0.145843 0.559216 
1.16981 0.405523 -0.0922029 
0.405523 0.430866 -0.133385 
-0.0922029 -0.133385 0.539999 
1.17652 0.359044 -0.103901 
0.359044 0.419794 -0.119604 
-0.103901 -0.119604 0.520715 
1.19094 0.307814 -0.117915 
0.307814 0.409784 -0.104452 
-0.117915 -0.104452 0.501716 
1.21421 0.251772 -0.134442 
0.251772 0.401275 -0.0879036 
-0.134442 -0.0879036 0.483384 
1.24729 0.190972 -0.153623 
0.190972 0.394729 -0.0699599 
-0.153623 -0.0699599 0.466118 
1.29084 0.125607 -0.175525 
0.125607 0.390616 -0.0506529 
-0.175525 -0.0506529 0.450311 
1.34509 0.0560201 -0.200116 
0.0560201 0.389396 -0.0300488 
-0.200116 -0.0300488 0.436333 
1.40983 -0.0172822 -0.227252 
-0.0172822 0.391497 -0.00824865 
-0.227252 -0.00824865 0.424505 
1.48425 -0.0936339 -0.256667 
-0.0936339 0.397296 0.0146121 
-0.256667 0.0146121 0.415078 
1.56699 -0.172223 -0.287968 
-0.172223 0.40711 0.0383682 
-0.287968 0.0383682 0.408219 
1.65611 -0.252116 -0.320646 
-0.252116 0.421179 0.0628306 
-0.320646 0.0628306 0.404 
1.74914 -0.332296 -0.354095 
-0.332296 0.439665 0.0877962 
-0.354095 0.0877962 0.402394 
1.84324 -0.411713 -0.387638 
-0.411713 0.462656 0.113059 
-0.387638 0.113059 0.40328 
1.93531 -0.489334 -0.420562 
-0.489334 0.490177 0.138422 
-0.420562 0.138422 0.406457 
2.02218 -0.564201 -0.452162 
-0.564201 0.522205 0.163709 
-0.452162 0.163709 0.411667 
2.10082 -0.635483 -0.48178 
-0.635483 0.558684 0.18878 
-0.48178 0.18878 0.418616 
2.1685 -0.702524 -0.508848 
-0.702524 0.59955 0.213533 
-0.508848 0.213533 0.427006 
2.22296 -0.76488 -0.532917 
-0.76488 0.644746 0.237919 
-0.532917 0.237919 0.436554 
2.26254 -0.822333 -0.553685 
-0.822333 0.694234 0.261937 
-0.553685 0.261937 0.44702 
2.2863 -0.874907 -0.571012 
-0.874907 0.748007 0.285639 
-0.571012 0.285639 0.45822 
2.294 -0.922853 -0.584924 
-0.922853 0.806083 0.309123 
-0.584924 0.309123 0.47004 
2.28614 -0.966625 -0.595602 
-0.966625 0.868504 0.332524 
-0.595602 0.332524 0.482433 
2.26386 -1.00685 -0.603371 
-1.00685 0.93532 0.356004 
-0.603372 0.356004 0.495422 
2.22889 -1.04429 -0.608671 
-1.04429 1.00657 0.379741 
-0.608671 0.379741 0.509082 
2.1834 -1.07976 -0.612027 
-1.07976 1.08227 0.403912 
-0.612027 0.403912 0.523531 
2.12989 -1.11413 -0.614014 
-1.11413 1.16237 0.428679 
-0.614014 0.428679 0.538909 
2.07098 -1.14822 -0.615227 
-1.14822 1.24674 0.45418 
-0.615227 0.45418 0.555357 
2.00936 -1.18279 -0.616242 
-1.18279 1.33518 0.480512 
-0.616242 0.480512 0.573004 
1.94757 -1.21847 -0.617585 
-1.21847 1.42734 0.507725 
-0.617585 0.507725 0.591944 
1.88792 -1.25576 -0.619714 
-1.25576 1.52278 0.535814 
-0.619714 0.535814 0.612223 
1.83241 -1.29498 -0.622991 
-1.29498 1.62093 0.564719 
-0.622991 0.564719 0.633832 
1.78261 -1.33628 -0.627675 
-1.33628 1.72112 0.594324 
-0.627675 0.594324 0.656699 
1.73971 -1.37962 -0.633916 
-1.37962 1.82257 0.62446 
-0.633916 0.62446 0.680691 
1.70441 -1.42483 -0.641759 
-1.42483 1.92444 0.654915 
-0.641759 0.654915 0.705616 
1.67704 -1.47155 -0.651147 
-1.47155 2.02583 0.685442 
-0.651147 0.685442 0.731236 
1.65751 -1.51935 -0.661941 
-1.51935 2.12582 0.715772 
-0.661941 0.715772 0.75727 
1.64543 -1.56767 -0.673931 
-1.56767 2.22351 0.745621 
-0.673931 0.745621 0.783416 
1.64013 -1.61594 -0.686857 
-1.61594 2.31804 0.774707 
-0.686857 0.774707 0.809357 
1.64077 -1.66355 -0.700427 
-1.66355 2.4086 0.802761 
-0.700427 0.802761 0.83478 
1.64637 -1.70989 -0.714333 
-1.70989 2.49448 0.829528 
-0.714334 0.829528 0.859384 
1.6559 -1.75439 -0.728272 
-1.75439 2.57506 0.854785 
-0.728272 0.854785 0.882891 
1.66833 -1.79653 -0.741952 
-1.79653 2.64981 0.878336 
-0.741952 0.878336 0.905053 
1.68268 -1.83586 -0.755104 
-1.83586 2.71833 0.900018 
-0.755104 0.900018 0.925656 
1.69801 -1.87198 -0.76749 
-1.87198 2.78029 0.919705 
-0.76749 0.919705 0.944523 
1.7135 -1.90458 -0.778906 
-1.90458 2.8355 0.937297 
-0.778906 0.937297 0.961512 
1.72844 -1.9334 -0.78918 
-1.9334 2.8838 0.952727 
-0.78918 0.952727 0.976514 
1.74221 -1.95825 -0.798173 
-1.95825 2.92512 0.965946 
-0.798173 0.965946 0.989451 
1.7543 -1.97896 -0.805774 
-1.97896 2.95945 0.976928 
-0.805774 0.976928 1.00027 
1.76431 -1.99544 -0.811899 
-1.99544 2.9868 0.985656 
-0.811899 0.985656 1.00893 
1.77193 -2.0076 -0.816485 
-2.0076 3.0072 0.992124 
-0.816485 0.992124 1.01541 
1.77689 -2.01537 -0.819483 
-2.01537 3.02068 0.996325 
-0.819483 0.996325 1.01971 
1.77904 -2.01868 -0.820859 
-2.01868 3.02728 0.998252 
-0.820859 0.998252 1.02182 
1.77826 -2.01746 -0.820585 
-2.01746 3.027 0.997891 
-0.820585 0.997891 1.02172 
1.77447 -2.01163 -0.818642 
-2.01163 3.01985 0.995218 
-0.818642 0.995218 1.01943 
1.76766 -2.00109 -0.815015 
-2.00109 3.00578 0.990199 
-0.815015 0.990199 1.01493 
1.75786 -1.9857 -0.809691 
-1.9857 2.98472 0.982786 
-0.809691 0.982786 1.0082 
1.74516 -1.96531 -0.802666 
-1.96531 2.95659 0.972917 
-0.802666 0.972917 0.999256 
1.72969 -1.93975 -0.793941 
-1.93975 2.92127 0.960521 
-0.793941 0.960521 0.988077 
1.71168 -1.9088 -0.78353 
-1.9088 2.87865 0.945512 
-0.78353 0.945512 0.974668 
1.69143 -1.87225 -0.77146 
-1.87225 2.82862 0.927799 
-0.77146 0.927799 0.959043 
1.66935 -1.82986 -0.757784 
-1.82986 2.77108 0.907287 
-0.757784 0.907287 0.941237 
1.646 -1.78139 -0.742581 
-1.78139 2.706 0.883882 
-0.742581 0.883882 0.921314 
1.62207 -1.72662 -0.725968 
-1.72662 2.63338 0.857498 
-0.725968 0.857498 0.899375 
1.59842 -1.66533 -0.708109 
-1.66533 2.55334 0.828066 
-0.708109 0.828066 0.87557 
1.57612 -1.59736 -0.689216 
-1.59736 2.46612 0.79554 
-0.689216 0.79554 0.850104 
1.55644 -1.52261 -0.669563 
-1.52261 2.37209 0.759907 
-0.669563 0.759907 0.823249 
1.54084 -1.44103 -0.649486 
-1.44103 2.27179 0.721194 
-0.649486 0.721194 0.795346 
1.53098 -1.35269 -0.629384 
-1.35269 2.16595 0.679479 
-0.629384 0.679479 0.76681 
1.5287 -1.25776 -0.609716 
-1.25776 2.0555 0.634894 
-0.609716 0.634894 0.738129 
1.53592 -1.15653 -0.590994 
-1.15653 1.94153 0.587635 
-0.590994 0.587635 0.709852 
1.55464 -1.04942 -0.573765 
-1.04942 1.82531 0.53796 
-0.573765 0.53796 0.682581 
1.5868 -0.936996 -0.558598 
-0.936996 1.70828 0.48619 
-0.558598 0.48619 0.656948 
1.6342 -0.819957 -0.546053 
-0.819957 1.59194 0.432705 
-0.546053 0.432705 0.63359 
1.6984 -0.699117 -0.536655 
-0.699117 1.47786 0.377932 
-0.536655 0.377932 0.61312 
1.7806 -0.575396 -0.530868 
-0.575396 1.36755 0.322338 
-0.530868 0.322338 0.596095 
1.88152 -0.449792 -0.529065 
-0.449792 1.26247 0.266414 
-0.529065 0.266414 0.582988 
2.00136 -0.323353 -0.531503 
-0.323353 1.16391 0.210656 
-0.531503 0.210656 0.574156 
2.13974 -0.197139 -0.538306 
-0.197139 1.07293 0.155551 
-0.538306 0.155551 0.569822 
2.2957 -0.072193 -0.54946 
-0.072193 0.990352 0.101559 
-0.54946 0.101559 0.570064 
2.46771 0.050497 -0.564807 
0.050497 0.916722 0.0490975 
-0.564807 0.0490975 0.57481 
2.65375 0.170025 -0.584063 
0.170025 0.852287 -0.00146706 
-0.584063 -0.00146706 0.583848 
2.85143 0.285591 -0.606829 
0.285591 0.797023 -0.0498303 
-0.606829 -0.0498303 0.596841 
3.05808 0.396517 -0.632621 
0.396517 0.750657 -0.0957533 
-0.632621 -0.0957533 0.613354 
3.2709 0.50226 -0.660893 
0.50226 0.712709 -0.139064 
-0.660893 -0.139064 0.632876 
3.48705 0.60241 -0.691071 
0.60241 0.682535 -0.179653 
-0.691071 -0.179653 0.654854 
3.70383 0.69669 -0.722578 
0.69669 0.659382 -0.217471 
-0.722578 -0.217471 0.678721 
3.91872 0.784947 -0.754857 
0.784947 0.642431 -0.252521 
-0.754857 -0.252521 0.703921 
4.12946 0.86714 -0.787394 
0.86714 0.630843 -0.284849 
-0.787394 -0.284849 0.729928 
4.33414 0.943322 -0.819729 
0.943322 0.623794 -0.314537 
-0.819729 -0.314537 0.756266 
4.53117 1.01363 -0.851465 
1.01363 0.620501 -0.341697 
-0.851465 -0.341697 0.782517 
4.71931 1.07827 -0.882274 
1.07827 0.620243 -0.366458 
-0.882274 -0.366458 0.808325 
4.89765 1.13748 -0.911894 
1.13748 0.622376 -0.388964 
-0.911894 -0.388964 0.8334 
5.0656 1.19155 -0.940128 
1.19155 0.626333 -0.409367 
-0.940128 -0.409367 0.857514 
5.22283 1.24079 -0.966839 
1.24079 0.63163 -0.427821 
-0.966839 -0.427821 0.880499 
5.36926 1.28552 -0.99194 
1.28552 0.63786 -0.444479 
-0.99194 -0.444479 0.902236 
5.50497 1.32607 -1.01539 
1.32607 0.644688 -0.459491 
-1.01539 -0.459491 0.922654 
5.63024 1.36275 -1.03718 
1.36275 0.651843 -0.473 
-1.03718 -0.473 0.941719 
5.74543 1.39589 -1.05734 
1.39589 0.659113 -0.485142 
-1.05734 -0.485142 0.959428 
5.85101 1.42578 -1.07592 
1.42578 0.666334 -0.496044 
-1.07592 -0.496044 0.975802 
5.9475 1.45271 -1.09297 
1.45271 0.673382 -0.505826 
-1.09297 -0.505826 0.990883 
6.03546 1.47694 -1.10858 
1.47694 0.680169 -0.514597 
-1.10858 -0.514597 1.00472 
6.11548 1.49874 -1.12284 
1.49874 0.686633 -0.522457 
-1.12284 -0.522457 1.01739 
6.18813 1.51832 -1.13581 
1.51832 0.692735 -0.529498 
-1.13581 -0.529498 1.02895 
6.25398 1.53591 -1.14761 
1.53591 0.698454 -0.535805 
-1.14761 -0.535805 1.03947 
6.31359 1.5517 -1.15832 
1.5517 0.703781 -0.541452 
-1.15832 -0.541452 1.04904 
6.36748 1.56587 -1.16802 
1.56587 0.708718 -0.546508 
-1.16802 -0.546508 1.05772 
6.41615 1.57859 -1.1768 
1.57859 0.713275 -0.551036 
-1.1768 -0.551036 1.06558 
6.46008 1.59 -1.18473 
1.59 0.717464 -0.55509 
-1.18473 -0.55509 1.0727 
6.49969 1.60023 -1.1919 
1.60023 0.721305 -0.558721 
-1.1919 -0.558721 1.07913 
6.5354 1.60941 -1.19837 
1.60941 0.724817 -0.561974 
-1.19837 -0.561974 1.08495 
6.56757 1.61765 -1.2042 
1.61765 0.728022 -0.564888 
-1.2042 -0.564888 1.09019 
6.59655 1.62504 -1.20947 
1.62504 0.730941 -0.567499 
-1.20947 -0.567499 1.09493 
6.62264 1.63168 -1.21421 
1.63168 0.733595 -0.56984 
-1.21421 -0.56984 1.0992 
6.64614 1.63763 -1.21848 
1.63763 0.736007 -0.57194 
-1.21848 -0.57194 1.10305 
6.6673 1.64298 -1.22234 
1.64298 0.738194 -0.573823 
-1.22234 -0.573823 1.10652 
6.68634 1.64778 -1.22581 
1.64778 0.740178 -0.575514 
-1.22581 -0.575514 1.10965 
6.7035 1.6521 -1.22893 
1.6521 0.741975 -0.577031 
-1.22893 -0.577031 1.11247 
6.71894 1.65597 -1.23175 
1.65597 0.743602 -0.578394 
-1.23175 -0.578394 1.11501 
6.73286 1.65946 -1.23429 
1.65946 0.745075 -0.57962 
-1.23429 -0.57962 1.1173 
6.74539 1.6626 -1.23658 
1.6626 0.746407 -0.580721 
-1.23658 -0.580721 1.11937 
6.75669 1.66542 -1.23864 
1.66542 0.747613 -0.581711 
-1.23864 -0.581711 1.12123 
6.76687 1.66796 -1.2405 
1.66796 0.748704 -0.582603 
-1.2405 -0.582603 1.12291 
6.77605 1.67025 -1.24218 
1.67025 0.74969 -0.583405 
-1.24218 -0.583405 1.12443 
6.78434 1.67231 -1.24369 
1.67231 0.750583 -0.584128 
-1.24369 -0.584128 1.1258 
6.79181 1.67417 -1.24506 
1.67417 0.75139 -0.58478 
-1.24506 -0.58478 1.12703 
6.79856 1.67585 -1.24629 
1.67585 0.752121 -0.585368 
-1.24629 -0.585368 1.12815 
6.80465 1.67736 -1.24741 
1.67736 0.752782 -0.585898 
-1.24741 -0.585898 1.12916 
6.81016 1.67873 -1.24842 
1.67873 0.75338 -0.586376 
-1.24842 -0.586376 1.13007 
6.81514 1.67997 -1.24933 
1.67997 0.753922 -0.586808 
-1.24933 -0.586808 1.13089 
6.81964 1.68108 -1.25015 
1.68108 0.754413 -0.587199 
-1.25015 -0.587199 1.13164 
6.82371 1.68209 -1.2509 
1.68209 0.754857 -0.587552 
-1.2509 -0.587552 1.13231 
6.8274 1.68301 -1.25157 
1.68301 0.75526 -0.587872 
-1.25157 -0.587872 1.13292 
