3,3,520
0.654932 0.0615051 -0.114191 
0.061505 0.547345 0.258299 
-0.114191 0.258299 0.752205 
0.755286 0.0684753 -0.136934 
0.0684752 0.619224 0.3146 
-0.136934 0.3146 0.871426 
0.837101 0.0745737 -0.15454 
0.0745736 0.679967 0.35754 
-0.15454 0.35754 0.967946 
0.895657 0.0791014 -0.166784 
0.0791012 0.724257 0.387143 
-0.166785 0.387143 1.03676 
0.931841 0.0819615 -0.174224 
0.0819614 0.751913 0.405028 
-0.174225 0.405028 1.07919 
0.947711 0.0832459 -0.177444 
0.0832458 0.764141 0.412724 
-0.177444 0.412724 1.09775 
0.944519 0.0830356 -0.176748 
0.0830354 0.761786 0.410995 
-0.176748 0.410995 1.09394 
0.922093 0.0813394 -0.172072 
0.0813392 0.744782 0.399656 
-0.172072 0.399656 1.06754 
0.879037 0.0781224 -0.163005 
0.0781223 0.71234 0.377602 
-0.163005 0.377602 1.01677 
0.813878 0.0734448 -0.148942 
0.0734446 0.664017 0.343107 
-0.148942 0.343107 0.939648 
0.72809 0.0677937 -0.12954 
0.0677936 0.602401 0.294766 
-0.12954 0.294766 0.837305 
0.631886 0.062664 -0.105684 
0.0626639 0.538039 0.233637 
-0.105684 0.233637 0.720635 
0.550419 0.0610442 -0.0807748 
0.0610441 0.494168 0.166323 
-0.0807748 0.166323 0.617552 
0.519374 0.0665636 -0.0607175 
0.0665635 0.501301 0.105756 
-0.0607175 0.105756 0.568619 
0.55871 0.0803185 -0.0504848 
0.0803184 0.572724 0.0646487 
-0.0504848 0.0646487 0.598 
0.647012 0.0983923 -0.0496248 
0.0983923 0.68313 0.0453991 
-0.0496248 0.0453991 0.684091 
0.739012 0.114718 -0.0532092 
0.114718 0.788018 0.0400485 
-0.0532092 0.0400485 0.777742 
0.805512 0.125997 -0.0569278 
0.125997 0.861255 0.0397679 
-0.0569278 0.0397679 0.846279 
0.843621 0.132484 -0.0592806 
0.132484 0.902682 0.0401809 
-0.0592806 0.0401809 0.885542 
0.862306 0.135827 -0.060429 
0.135827 0.922962 0.0401985 
-0.060429 0.0401985 0.904561 
0.870424 0.137474 -0.0608731 
0.137474 0.931852 0.039854 
-0.0608731 0.039854 0.912544 
0.873417 0.138288 -0.0609702 
0.138288 0.935233 0.0393286 
-0.0609702 0.0393286 0.915185 
0.873977 0.138696 -0.0609051 
0.138696 0.935994 0.0387362 
-0.0609051 0.0387362 0.915307 
0.873264 0.13888 -0.0607583 
0.13888 0.935382 0.0381284 
-0.0607583 0.0381284 0.914128 
0.871738 0.138913 -0.0605617 
0.138913 0.933886 0.037525 
-0.0605617 0.037525 0.912127 
0.869567 0.138823 -0.060327 
0.138823 0.931689 0.0369329 
-0.060327 0.0369329 0.909481 
0.866818 0.13862 -0.0600585 
0.13862 0.92886 0.0363538 
-0.0600585 0.0363538 0.906257 
0.86352 0.13831 -0.0597582 
0.13831 0.925432 0.0357881 
-0.0597582 0.0357881 0.902487 
0.859693 0.137897 -0.0594274 
0.137897 0.921429 0.0352356 
-0.0594274 0.0352356 0.898191 
0.855357 0.137383 -0.0590671 
0.137383 0.916868 0.0346961 
-0.0590671 0.0346961 0.893388 
0.850528 0.136774 -0.0586783 
0.136774 0.91177 0.0341693 
-0.0586783 0.0341693 0.888095 
0.845225 0.136071 -0.0582622 
0.136071 0.906155 0.0336551 
-0.0582622 0.0336551 0.882331 
0.839467 0.135278 -0.05782 
0.135278 0.900044 0.033153 
-0.05782 0.033153 0.876114 
0.833275 0.1344 -0.0573527 
0.1344 0.893457 0.032663 
-0.0573527 0.032663 0.869466 
0.826667 0.13344 -0.0568617 
0.13344 0.886416 0.0321848 
-0.0568617 0.0321848 0.862405 
0.819664 0.132401 -0.0563481 
0.132401 0.878944 0.0317184 
-0.0563481 0.0317184 0.854952 
0.812286 0.131288 -0.0558132 
0.131288 0.871062 0.0312635 
-0.0558132 0.0312635 0.847127 
0.804554 0.130104 -0.0552582 
0.130104 0.862793 0.0308199 
-0.0552582 0.0308199 0.838953 
0.796488 0.128854 -0.0546845 
0.128854 0.85416 0.0303877 
-0.0546845 0.0303877 0.830448 
0.788111 0.12754 -0.0540932 
0.12754 0.845184 0.0299667 
-0.0540932 0.0299667 0.821635 
0.77944 0.126167 -0.0534857 
0.126167 0.835888 0.0295568 
-0.0534857 0.0295568 0.812534 
0.770498 0.124739 -0.0528632 
0.124739 0.826294 0.0291579 
-0.0528632 0.0291579 0.803165 
0.761305 0.123259 -0.0522269 
0.123259 0.816425 0.0287701 
-0.0522269 0.0287701 0.79355 
0.751881 0.121731 -0.0515781 
0.121731 0.806302 0.0283932 
-0.0515781 0.0283932 0.783709 
0.742245 0.120159 -0.0509181 
0.120159 0.795947 0.0280272 
-0.0509181 0.0280272 0.773661 
0.732416 0.118545 -0.0502479 
0.118545 0.78538 0.0276722 
-0.0502479 0.0276722 0.763426 
0.722415 0.116894 -0.0495689 
0.116894 0.774621 0.027328 
-0.0495689 0.027328 0.753024 
0.712258 0.11521 -0.048882 
0.11521 0.763692 0.0269948 
-0.048882 0.0269948 0.742473 
0.701965 0.113494 -0.0481886 
0.113494 0.752612 0.0266725 
-0.0481886 0.0266725 0.731792 
0.691553 0.111751 -0.0474896 
0.111751 0.741399 0.0263612 
-0.0474896 0.0263612 0.720998 
0.681038 0.109984 -0.0467861 
0.109984 0.730072 0.0260609 
-0.0467861 0.0260609 0.710108 
0.670437 0.108195 -0.0460791 
0.108195 0.718649 0.0257716 
-0.0460791 0.0257716 0.699139 
0.659767 0.106387 -0.0453697 
0.106387 0.707147 0.0254933 
-0.0453697 0.0254933 0.688108 
0.649041 0.104563 -0.0446588 
0.104563 0.695582 0.0252263 
-0.0446588 0.0252263 0.67703 
0.638275 0.102727 -0.0439472 
0.102727 0.683971 0.0249704 
-0.0439472 0.0249704 0.665918 
0.627483 0.100879 -0.0432359 
0.100879 0.672328 0.0247258 
-0.0432359 0.0247258 0.654789 
0.616678 0.0990232 -0.0425258 
0.0990232 0.660667 0.0244927 
-0.0425258 0.0244927 0.643655 
0.605872 0.0971613 -0.0418176 
0.0971613 0.649003 0.0242709 
-0.0418176 0.0242709 0.632529 
0.595078 0.0952955 -0.041112 
0.0952955 0.637348 0.0240608 
-0.041112 0.0240608 0.621424 
0.584307 0.0934279 -0.0404099 
0.0934279 0.625716 0.0238624 
-0.0404099 0.0238624 0.610351 
0.57357 0.0915603 -0.0397118 
0.0915603 0.614117 0.0236758 
-0.0397118 0.0236758 0.599321 
0.562877 0.0896945 -0.0390185 
0.0896945 0.602562 0.0235011 
-0.0390185 0.0235011 0.588345 
0.552237 0.0878322 -0.0383306 
0.0878322 0.591063 0.0233385 
-0.0383306 0.0233385 0.577432 
0.54166 0.085975 -0.0376487 
0.085975 0.579628 0.0231882 
-0.0376487 0.0231882 0.566592 
0.531154 0.0841244 -0.0369732 
0.0841244 0.568266 0.0230503 
-0.0369732 0.0230503 0.555832 
0.520726 0.0822816 -0.0363047 
0.0822816 0.556986 0.022925 
-0.0363047 0.022925 0.545162 
0.510384 0.0804478 -0.0356437 
0.0804478 0.545796 0.0228125 
-0.0356437 0.0228125 0.534588 
0.500134 0.0786243 -0.0349907 
0.0786243 0.534702 0.022713 
-0.0349907 0.022713 0.524118 
0.489982 0.076812 -0.0343459 
0.076812 0.523712 0.0226267 
-0.0343459 0.0226267 0.513757 
0.479934 0.0750118 -0.0337099 
0.0750118 0.512831 0.0225538 
-0.0337099 0.0225538 0.503512 
0.469996 0.0732246 -0.033083 
0.0732246 0.502066 0.0224946 
-0.033083 0.0224946 0.493388 
0.460171 0.071451 -0.0324656 
0.071451 0.49142 0.0224494 
-0.0324656 0.0224494 0.48339 
0.450464 0.0696917 -0.0318578 
0.0696917 0.480898 0.0224185 
-0.0318578 0.0224185 0.473523 
0.440879 0.0679473 -0.0312601 
0.0679473 0.470505 0.0224021 
-0.0312601 0.0224021 0.463789 
0.431419 0.0662181 -0.0306726 
0.0662181 0.460244 0.0224006 
-0.0306726 0.0224006 0.454194 
0.422087 0.0645047 -0.0300957 
0.0645047 0.450118 0.0224143 
-0.0300957 0.0224143 0.44474 
0.412886 0.0628073 -0.0295296 
0.0628073 0.440131 0.0224436 
-0.0295296 0.0224436 0.435431 
0.403818 0.0611261 -0.0289744 
0.0611261 0.430283 0.0224889 
-0.0289744 0.0224889 0.426268 
0.394885 0.0594613 -0.0284304 
0.0594613 0.420578 0.0225506 
-0.0284304 0.0225506 0.417255 
0.386088 0.0578129 -0.0278978 
0.0578129 0.411018 0.0226292 
-0.0278978 0.0226292 0.408393 
0.37743 0.0561811 -0.0273767 
0.0561811 0.401603 0.0227251 
-0.0273767 0.0227251 0.399685 
0.368911 0.0545658 -0.0268673 
0.0545658 0.392335 0.0228388 
-0.0268673 0.0228388 0.391131 
0.360532 0.0529669 -0.0263697 
0.0529669 0.383215 0.0229709 
-0.0263697 0.0229709 0.382734 
0.352295 0.0513843 -0.0258842 
0.0513843 0.374244 0.0231219 
-0.0258842 0.0231219 0.374494 
0.344199 0.0498178 -0.0254108 
0.0498178 0.365423 0.0232923 
-0.0254108 0.0232923 0.366413 
0.336245 0.0482672 -0.0249497 
0.0482672 0.35675 0.0234829 
-0.0249497 0.0234829 0.358491 
0.328434 0.0467322 -0.024501 
0.0467322 0.348228 0.0236943 
-0.024501 0.0236943 0.350729 
0.320765 0.0452125 -0.024065 
0.0452125 0.339855 0.0239272 
-0.024065 0.0239272 0.343128 
0.313239 0.0437078 -0.0236417 
0.0437078 0.331633 0.0241823 
-0.0236417 0.0241823 0.33569 
0.305855 0.0422176 -0.0232312 
0.0422176 0.32356 0.0244604 
-0.0232312 0.0244604 0.328413 
0.298615 0.0407416 -0.0228339 
0.0407416 0.315637 0.0247623 
-0.0228339 0.0247623 0.3213 
0.291517 0.0392794 -0.0224497 
0.0392794 0.307864 0.0250889 
-0.0224497 0.0250889 0.31435 
0.284561 0.0378305 -0.022079 
0.0378305 0.30024 0.025441 
-0.022079 0.025441 0.307564 
0.277748 0.0363944 -0.0217218 
0.0363944 0.292765 0.0258197 
-0.0217218 0.0258197 0.300944 
0.271077 0.0349706 -0.0213785 
0.0349706 0.285439 0.0262259 
-0.0213785 0.0262259 0.294489 
0.264549 0.0335586 -0.0210492 
0.0335586 0.278261 0.0266606 
-0.0210492 0.0266606 0.2882 
0.258163 0.0321579 -0.0207342 
0.0321579 0.271233 0.027125 
-0.0207342 0.027125 0.282079 
0.251919 0.030768 -0.0204338 
0.030768 0.264353 0.0276202 
-0.0204338 0.0276202 0.276127 
0.245817 0.0293882 -0.0201481 
0.0293882 0.257622 0.0281473 
-0.0201481 0.0281473 0.270343 
0.239858 0.0280181 -0.0198777 
0.0280181 0.25104 0.0287076 
-0.0198777 0.0287076 0.264731 
0.234042 0.0266572 -0.0196226 
0.0266572 0.244608 0.0293023 
-0.0196226 0.0293023 0.259291 
0.22837 0.0253049 -0.0193835 
0.0253049 0.238325 0.029933 
-0.0193835 0.029933 0.254025 
0.222841 0.0239605 -0.0191606 
0.0239605 0.232193 0.0306008 
-0.0191606 0.0306008 0.248935 
0.217457 0.0226237 -0.0189543 
0.0226237 0.226213 0.0313073 
-0.0189543 0.0313073 0.244022 
0.212217 0.0212938 -0.0187652 
0.0212938 0.220385 0.0320539 
-0.0187652 0.0320539 0.239289 
0.207124 0.0199703 -0.0185938 
0.0199703 0.21471 0.0328423 
-0.0185938 0.0328423 0.234738 
0.202178 0.0186527 -0.0184406 
0.0186527 0.209191 0.0336741 
-0.0184406 0.0336741 0.230372 
0.197379 0.0173405 -0.0183061 
0.0173405 0.203828 0.0345508 
-0.0183061 0.0345508 0.226194 
0.19273 0.0160333 -0.0181912 
0.0160333 0.198624 0.0354743 
-0.0181912 0.0354743 0.222205 
0.188232 0.0147304 -0.0180963 
0.0147304 0.19358 0.0364464 
-0.0180963 0.0364464 0.218411 
0.183885 0.0134316 -0.0180224 
0.0134316 0.188699 0.0374688 
-0.0180224 0.0374688 0.214814 
0.179692 0.0121362 -0.0179701 
0.0121362 0.183984 0.0385435 
-0.0179701 0.0385435 0.211417 
0.175655 0.0108438 -0.0179404 
0.0108438 0.179438 0.0396725 
-0.0179404 0.0396725 0.208225 
0.171773 0.00955416 -0.0179342 
0.00955416 0.175062 0.0408578 
-0.0179342 0.0408578 0.205241 
0.16805 0.00826669 -0.0179525 
0.00826669 0.170861 0.0421014 
-0.0179525 0.0421014 0.20247 
0.164487 0.00698104 -0.0179963 
0.00698104 0.166839 0.0434057 
-0.0179963 0.0434057 0.199916 
0.161086 0.00569679 -0.0180668 
0.00569679 0.162998 0.0447727 
-0.0180668 0.0447727 0.197583 
0.157848 0.00441357 -0.0181652 
0.00441357 0.159343 0.0462048 
-0.0181652 0.0462048 0.195477 
0.154775 0.00313098 -0.0182928 
0.00313098 0.155877 0.0477044 
-0.0182928 0.0477044 0.193602 
0.151868 0.00184864 -0.0184511 
0.00184864 0.152606 0.049274 
-0.0184511 0.049274 0.191962 
0.149128 0.000566134 -0.0186414 
0.000566134 0.149533 0.0509161 
-0.0186414 0.0509161 0.190562 
0.146558 -0.000716933 -0.0188653 
-0.000716933 0.146663 0.0526333 
-0.0188653 0.0526333 0.189409 
0.144157 -0.00200098 -0.0191245 
-0.00200098 0.144 0.0544283 
-0.0191245 0.0544283 0.188506 
0.141926 -0.00328648 -0.0194208 
-0.00328648 0.14155 0.056304 
-0.0194208 0.056304 0.187858 
0.139866 -0.00457388 -0.019756 
-0.00457388 0.139316 0.0582632 
-0.019756 0.0582632 0.18747 
0.137977 -0.0058637 -0.0201321 
-0.0058637 0.137305 0.0603092 
-0.0201321 0.0603092 0.187348 
0.136259 -0.0071565 -0.020551 
-0.0071565 0.13552 0.0624448 
-0.020551 0.0624448 0.187495 
0.13471 -0.00845287 -0.0210151 
-0.00845287 0.133966 0.0646734 
-0.0210151 0.0646734 0.187917 
0.133331 -0.00975347 -0.0215264 
-0.00975347 0.132648 0.0669984 
-0.0215264 0.0669984 0.188617 
0.132119 -0.011059 -0.0220874 
-0.011059 0.13157 0.0694233 
-0.0220874 0.0694233 0.189602 
0.131072 -0.0123703 -0.0227004 
-0.0123703 0.130738 0.0719515 
-0.0227004 0.0719515 0.190873 
0.130189 -0.0136882 -0.023368 
-0.0136882 0.130154 0.074587 
-0.023368 0.074587 0.192436 
0.129466 -0.0150136 -0.0240928 
-0.0150136 0.129824 0.0773335 
-0.0240928 0.0773335 0.194294 
0.128901 -0.0163475 -0.0248775 
-0.0163475 0.129751 0.080195 
-0.0248775 0.080195 0.19645 
0.128489 -0.0176911 -0.0257246 
-0.0176911 0.129939 0.0831755 
-0.0257246 0.0831755 0.198908 
0.128227 -0.0190454 -0.0266371 
-0.0190454 0.130391 0.0862792 
-0.0266371 0.0862792 0.201671 
0.128109 -0.0204119 -0.0276176 
-0.0204119 0.13111 0.0895103 
-0.0276176 0.0895103 0.20474 
0.128131 -0.0217918 -0.0286691 
-0.0217918 0.132099 0.0928732 
-0.0286691 0.0928732 0.20812 
0.128288 -0.0231865 -0.0297941 
-0.0231865 0.13336 0.096372 
-0.0297941 0.096372 0.21181 
0.128574 -0.0245976 -0.0309956 
-0.0245976 0.134895 0.100011 
-0.0309956 0.100011 0.215814 
0.128983 -0.0260265 -0.0322763 
-0.0260265 0.136706 0.103795 
-0.0322763 0.103795 0.220133 
0.129509 -0.027475 -0.0336387 
-0.027475 0.138794 0.107729 
-0.0336387 0.107729 0.224767 
0.130146 -0.0289445 -0.0350856 
-0.0289445 0.14116 0.111815 
-0.0350856 0.111815 0.229717 
0.130887 -0.0304369 -0.0366193 
-0.0304369 0.143803 0.116059 
-0.0366193 0.116059 0.234984 
0.131727 -0.0319538 -0.0382421 
-0.0319538 0.146725 0.120464 
-0.0382421 0.120464 0.240568 
0.132658 -0.0334968 -0.0399562 
-0.0334968 0.149924 0.125035 
-0.0399562 0.125035 0.246468 
0.133674 -0.0350677 -0.0417636 
-0.0350677 0.153399 0.129775 
-0.0417636 0.129775 0.252684 
0.13477 -0.036668 -0.043666 
-0.036668 0.15715 0.134686 
-0.043666 0.134686 0.259215 
0.135938 -0.0382994 -0.045665 
-0.0382994 0.161173 0.139773 
-0.045665 0.139773 0.266059 
0.137174 -0.0399633 -0.0477619 
-0.0399633 0.165468 0.145038 
-0.0477619 0.145038 0.273214 
0.138471 -0.0416612 -0.0499576 
-0.0416612 0.170031 0.150482 
-0.0499576 0.150482 0.280678 
0.139825 -0.0433943 -0.052253 
-0.0433943 0.174858 0.156109 
-0.052253 0.156109 0.288449 
0.14123 -0.0451639 -0.0546484 
-0.0451639 0.179947 0.161918 
-0.0546484 0.161918 0.296523 
0.142681 -0.046971 -0.0571441 
-0.046971 0.185293 0.167912 
-0.0571441 0.167912 0.304896 
0.144175 -0.0488165 -0.0597398 
-0.0488165 0.190891 0.17409 
-0.0597398 0.17409 0.313565 
0.145706 -0.0507012 -0.0624351 
-0.0507012 0.196737 0.180452 
-0.0624351 0.180452 0.322525 
0.147273 -0.0526256 -0.0652292 
-0.0526256 0.202825 0.186997 
-0.0652292 0.186997 0.33177 
0.148871 -0.0545901 -0.0681208 
-0.0545901 0.209149 0.193725 
-0.0681208 0.193725 0.341297 
0.150497 -0.0565949 -0.0711086 
-0.0565949 0.215703 0.200632 
-0.0711086 0.200632 0.351097 
0.152149 -0.05864 -0.0741908 
-0.05864 0.22248 0.207717 
-0.0741908 0.207717 0.361166 
0.153825 -0.0607254 -0.0773653 
-0.0607254 0.229473 0.214976 
-0.0773653 0.214976 0.371495 
0.155523 -0.0628505 -0.0806298 
-0.0628505 0.236676 0.222406 
-0.0806298 0.222406 0.382077 
0.15724 -0.0650148 -0.0839816 
-0.0650148 0.244079 0.230002 
-0.0839816 0.230002 0.392904 
0.158976 -0.0672177 -0.0874177 
-0.0672177 0.251676 0.237759 
-0.0874177 0.237759 0.403968 
0.160729 -0.0694581 -0.090935 
-0.0694581 0.259457 0.245673 
-0.090935 0.245673 0.415258 
0.162498 -0.071735 -0.0945301 
-0.071735 0.267415 0.253737 
-0.0945301 0.253737 0.426767 
0.164281 -0.074047 -0.0981993 
-0.074047 0.275539 0.261944 
-0.0981993 0.261944 0.438483 
0.16608 -0.0763928 -0.101939 
-0.0763928 0.283821 0.270288 
-0.101939 0.270288 0.450396 
0.167891 -0.0787707 -0.105745 
-0.0787707 0.292251 0.278762 
-0.105745 0.278762 0.462495 
0.169716 -0.0811789 -0.109612 
-0.0811789 0.30082 0.287358 
-0.109612 0.287358 0.474769 
0.171552 -0.0836157 -0.113538 
-0.0836157 0.309518 0.296067 
-0.113538 0.296067 0.487205 
0.173401 -0.086079 -0.117517 
-0.086079 0.318334 0.304882 
-0.117517 0.304882 0.499793 
0.17526 -0.0885667 -0.121544 
-0.0885667 0.327259 0.313793 
-0.121544 0.313793 0.512518 
0.177129 -0.0910765 -0.125616 
-0.0910765 0.336282 0.322792 
-0.125616 0.322792 0.525369 
0.179009 -0.0936062 -0.129726 
-0.0936062 0.345393 0.331869 
-0.129726 0.331869 0.538333 
0.180897 -0.0961534 -0.133872 
-0.0961534 0.354581 0.341015 
-0.133872 0.341015 0.551396 
0.182793 -0.0987155 -0.138046 
-0.0987155 0.363835 0.350221 
-0.138046 0.350221 0.564544 
0.184697 -0.10129 -0.142246 
-0.10129 0.373146 0.359476 
-0.142246 0.359476 0.577764 
0.186607 -0.103875 -0.146465 
-0.103875 0.382501 0.36877 
-0.146465 0.36877 0.591042 
0.188523 -0.106467 -0.150699 
-0.106467 0.391892 0.378094 
-0.150699 0.378094 0.604365 
0.190443 -0.109063 -0.154942 
-0.109063 0.401306 0.387438 
-0.154942 0.387438 0.617718 
0.192366 -0.111662 -0.159191 
-0.111662 0.410734 0.396791 
-0.159191 0.396791 0.631087 
0.194291 -0.114259 -0.16344 
-0.114259 0.420165 0.406144 
-0.16344 0.406144 0.644457 
0.196217 -0.116854 -0.167685 
-0.116854 0.429588 0.415486 
-0.167685 0.415486 0.657815 
0.198142 -0.119442 -0.17192 
-0.119442 0.438993 0.424808 
-0.17192 0.424808 0.671147 
0.200065 -0.122021 -0.176141 
-0.122021 0.448369 0.434099 
-0.176141 0.434099 0.684439 
0.201984 -0.124589 -0.180343 
-0.124589 0.457707 0.44335 
-0.180343 0.44335 0.697676 
0.203898 -0.127143 -0.184522 
-0.127143 0.466996 0.452551 
-0.184522 0.452551 0.710845 
0.205805 -0.12968 -0.188672 
-0.12968 0.476226 0.461692 
-0.188672 0.461692 0.723932 
0.207703 -0.132198 -0.192791 
-0.132198 0.485388 0.470763 
-0.192791 0.470763 0.736923 
0.20959 -0.134693 -0.196873 
-0.134693 0.494472 0.479756 
-0.196873 0.479756 0.749805 
0.211465 -0.137165 -0.200914 
-0.137165 0.503468 0.48866 
-0.200914 0.48866 0.762565 
0.213325 -0.139609 -0.20491 
-0.139609 0.512367 0.497468 
-0.20491 0.497468 0.775189 
0.21517 -0.142024 -0.208856 
-0.142024 0.52116 0.506169 
-0.208856 0.506169 0.787665 
0.216996 -0.144406 -0.21275 
-0.144406 0.529837 0.514756 
-0.21275 0.514756 0.799981 
0.218802 -0.146755 -0.216586 
-0.146755 0.538392 0.523219 
-0.216586 0.523219 0.812123 
0.220586 -0.149067 -0.220362 
-0.149067 0.546813 0.53155 
-0.220362 0.53155 0.824079 
0.222346 -0.151341 -0.224073 
-0.151341 0.555095 0.539742 
-0.224073 0.539742 0.835839 
0.224081 -0.153573 -0.227716 
-0.153573 0.563228 0.547786 
-0.227716 0.547786 0.84739 
0.225788 -0.155762 -0.231288 
-0.155762 0.571204 0.555674 
-0.231288 0.555674 0.858721 
0.227465 -0.157906 -0.234784 
-0.157906 0.579016 0.563399 
-0.234784 0.563399 0.869822 
0.22911 -0.160003 -0.238203 
-0.160003 0.586657 0.570955 
-0.238203 0.570955 0.880681 
0.230722 -0.162051 -0.241541 
-0.162051 0.594118 0.578332 
-0.241541 0.578332 0.891288 
0.232299 -0.164048 -0.244794 
-0.164048 0.601395 0.585526 
-0.244794 0.585526 0.901633 
0.233839 -0.165992 -0.24796 
-0.165992 0.608478 0.592529 
-0.24796 0.592529 0.911707 
0.235339 -0.167881 -0.251037 
-0.167881 0.615363 0.599335 
-0.251037 0.599335 0.9215 
0.2368 -0.169714 -0.254021 
-0.169714 0.622044 0.605939 
-0.254021 0.605939 0.931004 
0.238218 -0.171489 -0.256909 
-0.171489 0.628513 0.612333 
-0.256909 0.612333 0.940209 
0.239592 -0.173204 -0.2597 
-0.173204 0.634766 0.618513 
-0.2597 0.618513 0.949108 
0.240921 -0.174859 -0.262391 
-0.174859 0.640796 0.624473 
-0.262391 0.624473 0.957691 
0.242203 -0.176451 -0.26498 
-0.176451 0.646599 0.630208 
-0.26498 0.630208 0.965953 
0.243436 -0.177979 -0.267465 
-0.177979 0.65217 0.635713 
-0.267465 0.635713 0.973886 
0.24462 -0.179443 -0.269843 
-0.179443 0.657504 0.640984 
-0.269843 0.640984 0.981482 
0.245752 -0.18084 -0.272113 
-0.18084 0.662597 0.646016 
-0.272113 0.646016 0.988735 
0.246832 -0.182169 -0.274273 
-0.182169 0.667443 0.650804 
-0.274273 0.650804 0.995639 
0.247859 -0.18343 -0.276321 
-0.18343 0.67204 0.655346 
-0.276321 0.655346 1.00219 
0.24883 -0.184622 -0.278256 
-0.184622 0.676383 0.659637 
-0.278256 0.659637 1.00838 
0.249746 -0.185743 -0.280076 
-0.185743 0.680469 0.663674 
-0.280076 0.663674 1.0142 
0.250605 -0.186792 -0.281779 
-0.186792 0.684295 0.667453 
-0.281779 0.667453 1.01965 
0.251406 -0.187769 -0.283365 
-0.187769 0.687857 0.670972 
-0.283365 0.670972 1.02473 
0.252148 -0.188673 -0.284832 
-0.188673 0.691153 0.674228 
-0.284832 0.674228 1.02943 
0.25283 -0.189504 -0.286179 
-0.189504 0.69418 0.677218 
-0.286179 0.677218 1.03375 
0.253452 -0.190259 -0.287406 
-0.190259 0.696936 0.67994 
-0.287406 0.67994 1.03767 
0.254014 -0.19094 -0.28851 
-0.19094 0.699418 0.682393 
-0.28851 0.682393 1.04122 
0.254513 -0.191546 -0.289492 
-0.191546 0.701625 0.684573 
-0.289492 0.684573 1.04436 
0.25495 -0.192075 -0.29035 
-0.192075 0.703555 0.686479 
-0.29035 0.686479 1.04711 
0.255325 -0.192528 -0.291084 
-0.192528 0.705206 0.688109 
-0.291084 0.688109 1.04947 
0.255636 -0.192904 -0.291693 
-0.192904 0.706576 0.689463 
-0.291693 0.689463 1.05142 
0.255883 -0.193202 -0.292176 
-0.193202 0.707662 0.690535 
-0.292176 0.690535 1.05297 
0.256063 -0.19342 -0.292531 
-0.19342 0.708459 0.691322 
-0.292531 0.691322 1.05411 
0.256171 -0.193555 -0.292751 
-0.193555 0.708952 0.691809 
-0.292751 0.691809 1.05481 
0.256197 -0.193599 -0.292823 
-0.193599 0.70911 0.691966 
-0.292823 0.691966 1.05503 
0.256112 -0.19353 -0.292717 
-0.19353 0.708856 0.691718 
-0.292717 0.691718 1.05466 
0.255855 -0.193301 -0.292362 
-0.193301 0.708022 0.6909 
-0.292362 0.6909 1.05344 
0.255297 -0.192816 -0.291608 
-0.192816 0.706249 0.689159 
-0.291608 0.689159 1.05083 
0.254182 -0.191883 -0.290157 
-0.191883 0.702834 0.685804 
-0.290157 0.685804 1.04578 
0.252053 -0.19016 -0.287465 
-0.19016 0.696532 0.679584 
-0.287465 0.679584 1.03636 
0.248201 -0.187128 -0.28262 
-0.187128 0.685442 0.668509 
-0.28262 0.668509 1.01947 
0.241775 -0.182189 -0.274303 
-0.182189 0.6674 0.650012 
-0.274303 0.650012 0.990986 
0.232336 -0.175141 -0.261001 
-0.175141 0.641717 0.622107 
-0.261001 0.622107 0.947239 
0.221142 -0.167224 -0.241714 
-0.167224 0.613082 0.586231 
-0.241714 0.586231 0.888941 
0.212823 -0.162474 -0.217135 
-0.162474 0.596535 0.551165 
-0.217135 0.551165 0.826698 
0.215718 -0.1679 -0.190504 
-0.1679 0.618111 0.534298 
-0.190504 0.534298 0.783251 
0.238691 -0.190759 -0.166862 
-0.190759 0.704683 0.555388 
-0.166862 0.555388 0.785699 
0.285437 -0.233806 -0.150568 
-0.233806 0.866331 0.624485 
-0.150568 0.624485 0.849482 
0.351271 -0.292723 -0.143063 
-0.292723 1.08685 0.734462 
-0.143063 0.734462 0.967825 
0.425506 -0.358235 -0.142765 
-0.358235 1.33166 0.865138 
-0.142765 0.865138 1.11633 
0.496635 -0.42052 -0.146632 
-0.42052 1.56421 0.993707 
-0.146632 0.993707 1.26626 
0.555952 -0.472215 -0.151704 
-0.472215 1.75714 1.10238 
-0.151704 1.10238 1.39468 
0.598294 -0.508991 -0.155811 
-0.508991 1.89438 1.18024 
-0.155811 1.18024 1.4872 
0.621105 -0.528713 -0.157573 
-0.528713 1.96802 1.22161 
-0.157573 1.22161 1.53614 
0.623223 -0.530376 -0.156151 
-0.530376 1.97437 1.22365 
-0.156151 1.22365 1.53757 
0.604131 -0.513444 -0.151011 
-0.513444 1.91147 1.18479 
-0.151011 1.18479 1.48941 
0.563913 -0.477757 -0.1418 
-0.477757 1.77879 1.10451 
-0.1418 1.10451 1.39101 
0.50402 -0.424099 -0.128366 
-0.424099 1.57936 0.984485 
-0.128366 0.984485 1.24477 
0.428784 -0.35537 -0.110878 
-0.35537 1.32418 0.83118 
-0.110878 0.83118 1.05924 
0.347047 -0.277882 -0.0899571 
-0.277882 1.03706 0.658635 
-0.0899571 0.658635 0.852596 
0.272215 -0.201528 -0.0666437 
-0.201528 0.755252 0.488705 
-0.0666437 0.488705 0.652791 
0.218608 -0.137246 -0.04208 
-0.137246 0.519865 0.345314 
-0.04208 0.345314 0.489924 
0.194648 -0.0921918 -0.0171436 
-0.0921918 0.357636 0.243797 
-0.0171436 0.243797 0.382474 
0.198282 -0.066442 0.00753714 
-0.066442 0.268465 0.183906 
0.00753713 0.183906 0.328479 
0.219526 -0.0545887 0.0312475 
-0.0545887 0.23147 0.153679 
0.0312475 0.153679 0.310946 
0.24741 -0.0502348 0.0530994 
-0.0502348 0.222073 0.139398 
0.0530994 0.139398 0.311144 
0.274678 -0.0489861 0.0723288 
-0.0489861 0.223427 0.131915 
0.0723287 0.131915 0.316923 
0.298181 -0.0487211 0.0885605 
-0.0487211 0.227447 0.126985 
0.0885605 0.126985 0.322968 
0.317219 -0.0486723 0.1018 
-0.0486723 0.231289 0.123137 
0.1018 0.123137 0.327768 
0.332039 -0.048627 0.112266 
-0.048627 0.234247 0.119961 
0.112266 0.119961 0.331177 
0.343055 -0.048535 0.120228 
-0.048535 0.236223 0.117311 
0.120228 0.117311 0.333292 
0.350582 -0.0483746 0.125927 
-0.0483746 0.2372 0.115067 
0.125927 0.115067 0.334136 
0.354801 -0.0481231 0.129537 
-0.0481231 0.237131 0.113101 
0.129537 0.113101 0.333631 
0.355789 -0.0477569 0.131173 
-0.0477569 0.235935 0.11129 
0.131173 0.11129 0.331647 
0.353556 -0.0472567 0.130895 
-0.0472567 0.233529 0.109533 
0.130895 0.109533 0.328044 
0.348082 -0.0466121 0.128726 
-0.0466121 0.229841 0.107755 
0.128726 0.107755 0.322696 
0.339343 -0.0458259 0.124656 
-0.0458259 0.224828 0.105912 
0.124656 0.105912 0.315511 
0.327346 -0.04492 0.118662 
-0.0449199 0.218496 0.104 
0.118662 0.104 0.306455 
0.312173 -0.0439423 0.110717 
-0.0439423 0.210922 0.102061 
0.110717 0.102061 0.295577 
0.294037 -0.0429779 0.100814 
-0.0429779 0.20229 0.100194 
0.100814 0.100194 0.283047 
0.273353 -0.0421606 0.0889902 
-0.0421606 0.192932 0.0985681 
0.0889902 0.0985681 0.269208 
0.250815 -0.041687 0.0753531 
-0.041687 0.183373 0.0974398 
0.0753531 0.0974398 0.254621 
0.227458 -0.0418252 0.0601099 
-0.0418252 0.174363 0.0971572 
0.0601099 0.0971572 0.240104 
0.204677 -0.0429137 0.0435834 
-0.0429137 0.166882 0.098154 
0.0435834 0.098154 0.226732 
0.184167 -0.0453403 0.0262099 
-0.0453403 0.162075 0.100915 
0.0262099 0.100915 0.215771 
0.167733 -0.0494939 0.00850759 
-0.0494939 0.161124 0.105907 
0.00850759 0.105907 0.208524 
0.157009 -0.05569 -0.00898369 
-0.05569 0.165033 0.113486 
-0.00898369 0.113486 0.206104 
0.153111 -0.0640854 -0.0257785 
-0.0640854 0.17439 0.123789 
-0.0257785 0.123789 0.209179 
0.156371 -0.0746109 -0.0415123 
-0.0746109 0.189188 0.136666 
-0.0415123 0.136666 0.217787 
0.166249 -0.0869537 -0.0559748 
-0.0869537 0.20878 0.151672 
-0.0559748 0.151672 0.231307 
0.181487 -0.100605 -0.0691009 
-0.100605 0.23201 0.168149 
-0.0691009 0.168149 0.248608 
0.200431 -0.114957 -0.0809311 
-0.114957 0.257466 0.185348 
-0.0809311 0.185348 0.268315 
0.221394 -0.129415 -0.0915638 
-0.129415 0.283761 0.202569 
-0.0915638 0.202569 0.289099 
0.242941 -0.143488 -0.101117 
-0.143488 0.309749 0.219254 
-0.101117 0.219254 0.309875 
0.264021 -0.156826 -0.109709 
-0.156826 0.334617 0.235031 
-0.109709 0.235031 0.329891 
0.283979 -0.169228 -0.117446 
-0.169228 0.357886 0.249699 
-0.117446 0.249699 0.348711 
0.302478 -0.180612 -0.124425 
-0.180612 0.379348 0.263193 
-0.124425 0.263193 0.366143 
0.319408 -0.190979 -0.130733 
-0.190979 0.398971 0.275534 
-0.130733 0.275534 0.38216 
0.334795 -0.200378 -0.136444 
-0.200378 0.416834 0.286791 
-0.136444 0.286791 0.396818 
0.348731 -0.208882 -0.141623 
-0.208882 0.433062 0.29705 
-0.141623 0.29705 0.410216 
0.361331 -0.216569 -0.146326 
-0.216569 0.44779 0.306398 
-0.146326 0.306398 0.422456 
0.372713 -0.223513 -0.150595 
-0.223513 0.461146 0.31491 
-0.150595 0.31491 0.433629 
0.382982 -0.229776 -0.154468 
-0.229776 0.473242 0.32265 
-0.154468 0.32265 0.443815 
0.392226 -0.235414 -0.157972 
-0.235414 0.484169 0.329669 
-0.157972 0.329669 0.453073 
0.40052 -0.240469 -0.161131 
-0.240469 0.494002 0.336007 
-0.161131 0.336007 0.461453 
0.407923 -0.244979 -0.163961 
-0.244979 0.502801 0.341695 
-0.163961 0.341695 0.468989 
0.414483 -0.248971 -0.166476 
-0.248971 0.510612 0.346758 
-0.166476 0.346758 0.47571 
0.42024 -0.25247 -0.168687 
-0.25247 0.517473 0.351214 
-0.168687 0.351214 0.481638 
0.425226 -0.255492 -0.170603 
-0.255492 0.523413 0.355078 
-0.170603 0.355078 0.486789 
0.429464 -0.258053 -0.17223 
-0.258053 0.528456 0.358361 
-0.17223 0.358361 0.491176 
0.432975 -0.260163 -0.173573 
-0.260163 0.532619 0.36107 
-0.173573 0.36107 0.494808 
0.435772 -0.261829 -0.174635 
-0.261829 0.535911 0.36321 
-0.174635 0.36321 0.497692 
0.437866 -0.263054 -0.175416 
-0.263054 0.538339 0.364783 
-0.175416 0.364783 0.499828 
0.439262 -0.263839 -0.175918 
-0.263839 0.539903 0.365787 
-0.175918 0.365787 0.501218 
0.439959 -0.264181 -0.176136 
-0.264181 0.540596 0.366218 
-0.176136 0.366218 0.501857 
0.439957 -0.264073 -0.176068 
-0.264073 0.540409 0.366066 
-0.176068 0.366066 0.501739 
0.439247 -0.263505 -0.175708 
-0.263505 0.539325 0.365322 
-0.175708 0.365322 0.500856 
0.437821 -0.262465 -0.175048 
-0.262465 0.537322 0.363971 
-0.175048 0.363971 0.499195 
0.435667 -0.260935 -0.17408 
-0.260935 0.534374 0.361997 
-0.17408 0.361997 0.496745 
0.432772 -0.258896 -0.172794 
-0.258896 0.530451 0.359381 
-0.172794 0.359381 0.493494 
0.429124 -0.256326 -0.171177 
-0.256326 0.52552 0.356103 
-0.171177 0.356103 0.489431 
0.424712 -0.2532 -0.16922 
-0.2532 0.519546 0.352145 
-0.16922 0.352145 0.484552 
0.41953 -0.24949 -0.16691 
-0.24949 0.512497 0.347487 
-0.16691 0.347487 0.478857 
0.413578 -0.24517 -0.164236 
-0.24517 0.504342 0.342114 
-0.164236 0.342114 0.472358 
0.406869 -0.240211 -0.161191 
-0.240211 0.495055 0.336017 
-0.161191 0.336017 0.465082 
0.39943 -0.234589 -0.157767 
-0.234589 0.484622 0.329195 
-0.157767 0.329195 0.457078 
0.391306 -0.228279 -0.153966 
-0.228279 0.473044 0.321658 
-0.153966 0.321658 0.448418 
0.38257 -0.221264 -0.149791 
-0.221264 0.460341 0.313434 
-0.149791 0.313434 0.439209 
0.373325 -0.213534 -0.145258 
-0.213534 0.44656 0.304569 
-0.145258 0.304569 0.4296 
0.363711 -0.205091 -0.140389 
-0.205091 0.431779 0.295133 
-0.140389 0.295133 0.419784 
0.353911 -0.195946 -0.135221 
-0.195946 0.416116 0.285228 
-0.135221 0.285228 0.410011 
0.344156 -0.186131 -0.129806 
-0.186131 0.399733 0.274985 
-0.129806 0.274985 0.40059 
0.334726 -0.175694 -0.124208 
-0.175694 0.382841 0.264574 
-0.124208 0.264574 0.391889 
0.325952 -0.164703 -0.118512 
-0.164703 0.365701 0.254197 
-0.118512 0.254197 0.384339 
0.31821 -0.153251 -0.112817 
-0.153251 0.348626 0.244096 
-0.112817 0.244096 0.378425 
0.31191 -0.141452 -0.107236 
-0.141452 0.331973 0.234541 
-0.107236 0.234541 0.374671 
0.307486 -0.12944 -0.101894 
-0.12944 0.316132 0.225821 
-0.101894 0.225821 0.373623 
0.30537 -0.117367 -0.0969235 
-0.117367 0.301516 0.21824 
-0.0969235 0.21824 0.375818 
0.305971 -0.105395 -0.0924562 
-0.105395 0.288534 0.212092 
-0.0924562 0.212092 0.381757 
0.309642 -0.0936936 -0.0886168 
-0.0936936 0.27757 0.207646 
-0.0886168 0.207646 0.391859 
0.316653 -0.0824271 -0.0855142 
-0.0824271 0.26896 0.205128 
-0.0855142 0.205128 0.406429 
0.327162 -0.0717478 -0.0832336 
-0.0717478 0.262961 0.204701 
-0.0832336 0.204701 0.425625 
0.341198 -0.0617876 -0.0818301 
-0.0617876 0.259735 0.206448 
-0.0818301 0.206448 0.449428 
0.358644 -0.0526505 -0.0813237 
-0.0526505 0.259334 0.210369 
-0.0813237 0.210369 0.477633 
0.379244 -0.0444084 -0.0816978 
-0.0444084 0.261693 0.216371 
-0.0816978 0.216371 0.509851 
0.40261 -0.0370981 -0.0829004 
-0.0370981 0.266637 0.224278 
-0.0829004 0.224278 0.545528 
0.428252 -0.0307229 -0.0848487 
-0.0307229 0.273895 0.233843 
-0.0848487 0.233843 0.583976 
0.455603 -0.0252552 -0.0874354 
-0.0252552 0.283118 0.244763 
-0.0874354 0.244763 0.624419 
0.48406 -0.0206422 -0.0905373 
-0.0206422 0.293912 0.256704 
-0.0905373 0.256704 0.666038 
0.513018 -0.0168122 -0.0940239 
-0.0168122 0.305857 0.269322 
-0.0940239 0.269322 0.708023 
0.541907 -0.0136816 -0.0977654 
-0.0136816 0.31854 0.28228 
-0.0977654 0.28228 0.749612 
0.570211 -0.011161 -0.10164 
-0.011161 0.331575 0.295271 
-0.10164 0.295271 0.790126 
0.597492 -0.009161 -0.105538 
-0.009161 0.344616 0.308024 
-0.105538 0.308024 0.828992 
0.623397 -0.0075966 -0.109368 
-0.0075966 0.357372 0.320314 
-0.109368 0.320314 0.865755 
0.647662 -0.00638988 -0.113054 
-0.00638988 0.369607 0.331964 
-0.113054 0.331964 0.90008 
0.670106 -0.00547199 -0.116539 
-0.00547199 0.381144 0.342845 
-0.116539 0.342845 0.931742 
0.690621 -0.00478378 -0.119782 
-0.00478378 0.391856 0.352872 
-0.119782 0.352872 0.960618 
0.709165 -0.0042758 -0.122757 
-0.0042758 0.401664 0.361995 
-0.122757 0.361995 0.986669 
0.725748 -0.00390773 -0.12545 
-0.00390773 0.410528 0.370197 
-0.12545 0.370197 1.00992 
0.740414 -0.00364744 -0.127858 
-0.00364744 0.418438 0.377483 
-0.127858 0.377483 1.03046 
0.753241 -0.00347006 -0.129982 
-0.00347006 0.425407 0.383877 
-0.129982 0.383877 1.04839 
0.764319 -0.00335691 -0.131832 
-0.00335691 0.431464 0.389415 
-0.131832 0.389415 1.06386 
0.77375 -0.00329463 -0.133421 
-0.00329463 0.436651 0.394139 
-0.133421 0.394139 1.077 
0.781639 -0.00327444 -0.134762 
-0.00327444 0.441013 0.398094 
-0.134762 0.398094 1.08796 
0.788089 -0.0032915 -0.135872 
-0.0032915 0.4446 0.401329 
-0.135872 0.401329 1.09689 
0.793197 -0.00334461 -0.136767 
-0.00334461 0.447463 0.403887 
-0.136767 0.403887 1.10391 
0.797053 -0.00343601 -0.137463 
-0.00343601 0.449649 0.405811 
-0.137463 0.405811 1.10915 
0.79974 -0.00357138 -0.137977 
-0.00357138 0.451204 0.407139 
-0.137977 0.407139 1.11272 
0.801336 -0.00376016 -0.138325 
-0.00376016 0.452176 0.407907 
-0.138325 0.407907 1.11469 
0.801908 -0.00401599 -0.138525 
-0.00401599 0.452607 0.408146 
-0.138525 0.408146 1.11516 
0.801526 -0.00435739 -0.138596 
-0.00435739 0.452544 0.407887 
-0.138596 0.407887 1.11419 
0.800256 -0.00480869 -0.138559 
-0.00480869 0.452034 0.40716 
-0.138559 0.40716 1.11185 
0.798168 -0.00540125 -0.138438 
-0.00540125 0.451132 0.405993 
-0.138438 0.405993 1.10819 
0.795343 -0.00617489 -0.138264 
-0.00617489 0.4499 0.404422 
-0.138264 0.404422 1.10328 
0.791876 -0.00717957 -0.138071 
-0.00717957 0.448414 0.402487 
-0.138071 0.402487 1.09719 
0.787882 -0.00847742 -0.137905 
-0.00847742 0.446769 0.400235 
-0.137905 0.400235 1.08999 
0.783509 -0.0101449 -0.137822 
-0.0101449 0.445082 0.397729 
-0.137822 0.397729 1.08181 
0.778939 -0.0122755 -0.137888 
-0.0122755 0.443499 0.395047 
-0.137888 0.395047 1.07277 
0.774404 -0.0149817 -0.13819 
-0.0149817 0.442203 0.392288 
-0.13819 0.392288 1.06307 
0.770192 -0.0183981 -0.138829 
-0.0183981 0.441417 0.389576 
-0.138829 0.389576 1.05294 
0.766655 -0.0226839 -0.139929 
-0.0226839 0.441413 0.387065 
-0.139929 0.387065 1.04267 
0.764222 -0.0280243 -0.141637 
-0.0280243 0.442518 0.384944 
-0.141637 0.384944 1.03264 
0.763404 -0.0346328 -0.144124 
-0.0346328 0.445119 0.383436 
-0.144124 0.383436 1.02328 
0.764799 -0.0427508 -0.14759 
-0.0427508 0.449662 0.382808 
-0.14759 0.382808 1.01514 
0.769094 -0.0526477 -0.152257 
-0.0526477 0.456659 0.383364 
-0.152257 0.383364 1.00883 
0.777062 -0.0646175 -0.158377 
-0.0646175 0.46668 0.385451 
-0.158377 0.385451 1.00509 
0.789554 -0.0789749 -0.166218 
-0.0789749 0.480351 0.389451 
-0.166218 0.389451 1.00469 
0.807485 -0.0960482 -0.176067 
-0.0960482 0.498336 0.395775 
-0.176067 0.395775 1.00851 
0.831808 -0.11617 -0.18822 
-0.11617 0.521326 0.404855 
-0.18822 0.404855 1.01748 
0.863491 -0.139665 -0.202971 
-0.139665 0.550014 0.417131 
-0.202971 0.417131 1.03253 
0.903473 -0.166837 -0.220601 
-0.166837 0.585071 0.433032 
-0.220601 0.433032 1.05461 
0.952627 -0.197952 -0.241364 
-0.197952 0.627109 0.452958 
-0.241364 0.452958 1.0846 
1.01171 -0.233222 -0.265476 
-0.233222 0.676653 0.477262 
-0.265476 0.477262 1.12329 
1.08132 -0.27279 -0.293094 
-0.27279 0.734104 0.506224 
-0.293094 0.506224 1.17135 
1.16184 -0.31671 -0.324307 
-0.31671 0.799707 0.540033 
-0.324307 0.540033 1.22925 
1.25342 -0.364939 -0.359122 
-0.364939 0.873521 0.578771 
-0.359122 0.578771 1.29725 
1.35592 -0.417325 -0.397455 
-0.417325 0.955398 0.622391 
-0.397455 0.622391 1.37533 
1.4689 -0.4736 -0.439125 
-0.4736 1.04497 0.670717 
-0.439125 0.670717 1.46322 
1.59162 -0.533385 -0.483855 
-0.533385 1.14164 0.723432 
-0.483855 0.723432 1.56037 
1.72303 -0.596189 -0.531272 
-0.596189 1.2446 0.780087 
-0.531272 0.780087 1.66592 
1.86182 -0.661425 -0.580918 
-0.661425 1.35284 0.840108 
-0.580918 0.840108 1.77875 
2.00641 -0.728418 -0.632257 
-0.728418 1.46516 0.902807 
-0.632257 0.902807 1.89754 
2.15505 -0.796429 -0.684696 
-0.796429 1.58022 0.96741 
-0.684696 0.96741 2.02072 
2.30581 -0.864669 -0.737593 
-0.864669 1.69659 1.03307 
-0.737593 1.03307 2.14662 
2.45667 -0.932324 -0.790282 
-0.932324 1.81276 1.0989 
-0.790282 1.0989 2.27342 
2.60558 -0.998572 -0.842085 
-0.998572 1.92719 1.16398 
-0.842085 1.16398 2.39927 
2.75049 -1.0626 -0.892331 
-1.0626 2.03836 1.22741 
-0.892331 1.22741 2.52233 
2.88937 -1.12363 -0.940368 
-1.12363 2.14476 1.28829 
-0.940368 1.28829 2.64077 
3.02033 -1.18092 -0.985575 
-1.18092 2.245 1.34578 
-0.985575 1.34578 2.75284 
3.14155 -1.23378 -1.02737 
-1.23378 2.33773 1.39908 
-1.02737 1.39908 2.85691 
3.25139 -1.28158 -1.06523 
-1.28158 2.42174 1.44745 
-1.06523 1.44745 2.95145 
3.34834 -1.32375 -1.09868 
-1.32375 2.49593 1.49024 
-1.09868 1.49024 3.03509 
3.43108 -1.35979 -1.12729 
-1.35979 2.55933 1.52686 
-1.12729 1.52686 3.10663 
3.49846 -1.38928 -1.15069 
-1.38928 2.6111 1.55681 
-1.15069 1.55681 3.16499 
3.54951 -1.41187 -1.1686 
-1.41187 2.65054 1.57966 
-1.1686 1.57966 3.20931 
3.58344 -1.42726 -1.18077 
-1.42726 2.67709 1.59508 
-1.18077 1.59508 3.23887 
3.59966 -1.43524 -1.18701 
-1.43524 2.69032 1.60281 
-1.18701 1.60281 3.25314 
3.59778 -1.43569 -1.18723 
-1.43569 2.68995 1.60271 
-1.18723 1.60271 3.25178 
3.5776 -1.42854 -1.18136 
-1.42854 2.67587 1.5947 
-1.18136 1.5947 3.23464 
3.53915 -1.41381 -1.16943 
-1.41381 2.64811 1.57881 
-1.16943 1.57881 3.20176 
3.48267 -1.39163 -1.15155 
-1.39163 2.60689 1.5552 
-1.15155 1.5552 3.15341 
3.40865 -1.36219 -1.12789 
-1.36219 2.55258 1.52409 
-1.12789 1.52409 3.09007 
3.31784 -1.32582 -1.09872 
-1.32582 2.48578 1.48586 
-1.09872 1.48586 3.01249 
3.21128 -1.28292 -1.06438 
-1.28292 2.40727 1.441 
-1.06438 1.441 2.92165 
3.09025 -1.23401 -1.02533 
-1.23401 2.31803 1.39012 
-1.02533 1.39012 2.81877 
2.95634 -1.17974 -0.982099 
-1.17974 2.21929 1.33396 
-0.982099 1.33396 2.70536 
2.8114 -1.12086 -0.935321 
-1.12086 2.11244 1.27338 
-0.935321 1.27338 2.58315 
2.65756 -1.05821 -0.885706 
-1.05821 1.99909 1.20936 
-0.885706 1.20936 2.45412 
2.49715 -0.992721 -0.834037 
-0.992721 1.881 1.14296 
-0.834037 1.14296 2.32041 
2.33266 -0.925412 -0.78115 
-0.925412 1.76005 1.07531 
-0.78115 1.07531 2.18432 
2.16672 -0.857328 -0.727914 
-0.857328 1.6382 1.00759 
-0.727914 1.00759 2.04822 
2.00195 -0.789532 -0.6752 
-0.789532 1.51744 0.940962 
-0.6752 0.940962 1.91446 
1.84091 -0.72306 -0.623858 
-0.72306 1.39966 0.876553 
-0.623858 0.876553 1.78532 
1.68602 -0.658892 -0.574676 
-0.658892 1.28668 0.815408 
-0.574676 0.815408 1.66291 
1.53943 -0.597908 -0.528359 
-0.597908 1.18008 0.75844 
-0.528359 0.75844 1.54906 
1.40297 -0.540861 -0.485498 
-0.540861 1.08122 0.706406 
-0.485498 0.706406 1.44528 
1.27807 -0.488347 -0.446548 
-0.488347 0.991141 0.659869 
-0.446548 0.659869 1.35271 
1.16574 -0.440794 -0.41182 
-0.440794 0.910563 0.619191 
-0.41182 0.619191 1.27206 
1.06652 -0.39845 -0.381474 
-0.39845 0.839867 0.584524 
-0.381474 0.584524 1.20362 
0.980528 -0.36139 -0.355524 
-0.36139 0.779103 0.555823 
-0.355524 0.555823 1.14727 
0.907494 -0.329531 -0.333851 
-0.329531 0.728027 0.532862 
-0.333851 0.532862 1.10254 
0.846793 -0.30265 -0.316225 
-0.30265 0.686136 0.515269 
-0.316225 0.515269 1.06866 
0.797532 -0.280414 -0.302327 
-0.280414 0.652727 0.502552 
-0.302327 0.502552 1.04461 
0.758623 -0.262411 -0.291777 
-0.262411 0.626956 0.494146 
-0.291777 0.494146 1.02924 
0.728861 -0.248176 -0.284156 
-0.248176 0.607894 0.489443 
-0.284156 0.489443 1.0213 
0.706992 -0.237223 -0.279035 
-0.237223 0.59458 0.487825 
-0.279035 0.487825 1.01952 
0.691776 -0.229065 -0.275992 
-0.229065 0.586069 0.488696 
-0.275992 0.488696 1.02269 
0.682033 -0.223239 -0.274628 
-0.223239 0.581465 0.491499 
-0.274628 0.491499 1.02969 
0.676677 -0.219313 -0.27458 
-0.219313 0.579949 0.495733 
-0.27458 0.495733 1.03948 
0.674742 -0.216901 -0.275526 
-0.216901 0.580794 0.50096 
-0.275526 0.50096 1.05119 
0.675387 -0.215666 -0.277189 
-0.215666 0.583374 0.506811 
-0.277189 0.506811 1.06406 
0.677904 -0.21532 -0.279337 
-0.21532 0.587162 0.512983 
-0.279337 0.512983 1.07749 
0.681707 -0.215621 -0.281784 
-0.215621 0.591728 0.519236 
-0.281784 0.519236 1.09099 
0.686326 -0.216376 -0.284378 
-0.216376 0.596729 0.525384 
-0.284378 0.525384 1.10419 
0.691392 -0.217427 -0.287006 
-0.217427 0.601899 0.531294 
-0.287006 0.531294 1.11683 
0.696625 -0.218655 -0.289584 
-0.218655 0.607041 0.536871 
-0.289584 0.536871 1.12872 
0.701817 -0.219967 -0.292051 
-0.219967 0.612011 0.542056 
-0.292051 0.542056 1.13975 
0.706824 -0.221296 -0.294367 
-0.221296 0.616714 0.546817 
-0.294367 0.546817 1.14985 
0.711547 -0.222595 -0.296508 
-0.222595 0.621087 0.551141 
-0.296508 0.551141 1.15902 
0.715926 -0.22383 -0.298463 
-0.22383 0.625098 0.555033 
-0.298463 0.555033 1.16726 
0.71993 -0.224982 -0.300229 
-0.224982 0.628734 0.558509 
-0.300229 0.558509 1.1746 
0.723549 -0.22604 -0.30181 
-0.22604 0.631999 0.561591 
-0.30181 0.561591 1.18112 
0.726789 -0.226998 -0.303214 
-0.226998 0.634905 0.564308 
-0.303214 0.564308 1.18685 
0.729665 -0.227856 -0.304453 
-0.227856 0.637473 0.566689 
-0.304453 0.566689 1.19187 
0.732199 -0.228618 -0.305538 
-0.228618 0.639727 0.568765 
-0.305538 0.568765 1.19625 
0.734417 -0.22929 -0.306484 
-0.22929 0.641695 0.570566 
-0.306484 0.570566 1.20005 
0.736347 -0.229877 -0.307304 
-0.229877 0.643402 0.572122 
-0.307304 0.572122 1.20333 
0.738014 -0.230387 -0.308011 
-0.230387 0.644875 0.573458 
-0.308011 0.573458 1.20614 
0.739445 -0.230825 -0.308615 
-0.230825 0.646135 0.574599 
-0.308615 0.574599 1.20854 
0.74066 -0.231199 -0.309128 
-0.231199 0.647205 0.575564 
-0.309128 0.575564 1.21058 
0.741677 -0.231513 -0.309556 
-0.231513 0.648099 0.57637 
-0.309556 0.57637 1.21227 
0.742507 -0.231769 -0.309906 
-0.231769 0.648829 0.577026 
-0.309906 0.577026 1.21365 
0.743155 -0.231969 -0.310178 
-0.231969 0.649398 0.577536 
-0.310178 0.577536 1.21473 
0.743614 -0.232111 -0.310371 
-0.232111 0.649801 0.577898 
-0.310371 0.577898 1.21549 
0.743864 -0.232188 -0.310476 
-0.232188 0.650021 0.578096 
-0.310476 0.578096 1.21591 
0.74387 -0.232188 -0.310478 
-0.232188 0.650025 0.578102 
-0.310478 0.578102 1.21592 
0.743569 -0.232093 -0.310352 
-0.232093 0.649761 0.577868 
-0.310352 0.577868 1.21543 
0.742872 -0.231873 -0.31006 
-0.231873 0.649149 0.577323 
-0.31006 0.577323 1.21428 
0.741651 -0.231487 -0.309546 
-0.231487 0.648073 0.576365 
-0.309546 0.576365 1.21227 
0.739729 -0.230878 -0.308733 
-0.230878 0.646375 0.57485 
-0.308733 0.57485 1.20908 
0.736876 -0.229967 -0.307521 
-0.229967 0.643842 0.572587 
-0.307521 0.572587 1.20433 
0.732798 -0.228654 -0.305776 
-0.228654 0.640197 0.569325 
-0.305776 0.569325 1.19747 
0.727145 -0.226808 -0.30333 
-0.226808 0.635095 0.564747 
-0.30333 0.564747 1.18786 
0.719522 -0.224272 -0.29998 
-0.224272 0.628119 0.558463 
-0.29998 0.558463 1.17466 
0.709531 -0.220857 -0.295493 
-0.220857 0.618794 0.55002 
-0.295493 0.55002 1.15696 
0.696843 -0.216355 -0.289618 
-0.216355 0.60662 0.538918 
-0.289618 0.538918 1.13369 
0.681315 -0.210547 -0.282108 
-0.210547 0.591122 0.524648 
-0.282108 0.524648 1.10384 
0.663156 -0.203229 -0.272764 
-0.203229 0.571944 0.506756 
-0.272764 0.506756 1.06648 
0.643121 -0.194244 -0.261478 
-0.194244 0.548955 0.484926 
-0.261478 0.484926 1.02101 
0.6227 -0.183519 -0.248299 
-0.183519 0.52238 0.459086 
-0.248299 0.459086 0.967375 
0.604237 -0.171105 -0.233477 
-0.171105 0.492903 0.4295 
-0.233477 0.4295 0.906238 
0.590887 -0.157208 -0.217493 
-0.157208 0.461713 0.396829 
-0.217493 0.396829 0.839121 
0.586337 -0.142186 -0.20104 
-0.142186 0.430447 0.362129 
-0.20104 0.362129 0.768368 
0.594298 -0.126531 -0.184953 
-0.126531 0.401007 0.326753 
-0.184953 0.326753 0.696941 
0.617841 -0.110807 -0.170092 
-0.110807 0.375288 0.292185 
-0.170092 0.292185 0.628024 
0.658768 -0.0955776 -0.15721 
-0.0955776 0.354864 0.259829 
-0.15721 0.259829 0.564567 
0.717206 -0.0813316 -0.14684 
-0.0813316 0.340749 0.230811 
-0.14684 0.230811 0.508867 
0.79156 -0.0684279 -0.139235 
-0.0684279 0.333268 0.205855 
-0.139235 0.205855 0.462307 
0.878822 -0.0570739 -0.134363 
-0.0570739 0.332091 0.18525 
-0.134363 0.18525 0.425305 
0.97511 -0.047332 -0.13197 
-0.047332 0.336383 0.168898 
-0.13197 0.168898 0.397447 
1.07628 -0.0391487 -0.131651 
-0.0391487 0.345011 0.15642 
-0.131651 0.15642 0.377731 
1.17842 -0.0323921 -0.13294 
-0.0323921 0.356743 0.147272 
-0.13294 0.147272 0.364833 
1.27824 -0.0268883 -0.135376 
-0.0268883 0.370413 0.140849 
-0.135376 0.140849 0.357343 
1.37317 -0.0224503 -0.138545 
-0.0224503 0.385012 0.136566 
-0.138545 0.136566 0.353928 
1.46143 -0.0188981 -0.142104 
-0.0188981 0.399735 0.133898 
-0.142104 0.133898 0.353424 
1.54189 -0.0160699 -0.145789 
-0.0160699 0.413981 0.132406 
-0.145789 0.132406 0.354875 
1.61399 -0.0138268 -0.149401 
-0.0138268 0.42733 0.131736 
-0.149401 0.131736 0.357528 
1.67754 -0.0120537 -0.152805 
-0.0120537 0.439508 0.131614 
-0.152805 0.131614 0.360819 
1.73267 -0.0106575 -0.155908 
-0.0106575 0.450354 0.131832 
-0.155908 0.131832 0.364333 
1.77962 -0.00956448 -0.158655 
-0.00956448 0.459786 0.132238 
-0.158655 0.132238 0.367774 
1.81876 -0.00871706 -0.161012 
-0.00871706 0.467776 0.132723 
-0.161012 0.132723 0.370939 
1.85046 -0.00807118 -0.162965 
-0.00807118 0.474328 0.133209 
-0.162965 0.133209 0.37369 
1.87507 -0.00759374 -0.164507 
-0.00759374 0.479464 0.13364 
-0.164507 0.13364 0.375938 
1.8929 -0.00726066 -0.165637 
-0.00726066 0.483208 0.133982 
-0.165637 0.133982 0.377626 
1.90417 -0.00705538 -0.166358 
-0.00705538 0.485588 0.134211 
-0.166358 0.134211 0.378718 
1.90905 -0.00696784 -0.166671 
-0.00696784 0.486619 0.134312 
-0.166671 0.134312 0.379196 
1.90759 -0.00699376 -0.166577 
-0.00699376 0.486311 0.134282 
-0.166577 0.134282 0.379052 
1.89979 -0.0071344 -0.166077 
-0.0071344 0.484661 0.13412 
-0.166077 0.13412 0.378289 
1.88553 -0.00739664 -0.165168 
-0.00739664 0.481656 0.133837 
-0.165168 0.133837 0.376919 
1.86461 -0.00779341 -0.163848 
-0.00779341 0.477274 0.133449 
-0.163848 0.133449 0.374967 
1.83678 -0.00834456 -0.162117 
-0.00834456 0.471489 0.132987 
-0.162117 0.132987 0.372478 
1.8017 -0.00907809 -0.159976 
-0.00907809 0.464276 0.132493 
-0.159976 0.132493 0.36952 
1.75901 -0.0100318 -0.157436 
-0.0100318 0.45562 0.132032 
-0.157436 0.132032 0.366206 
