4  10
0.0646052  0.0528727  0.144336  0.0886641  0.136269  0.035772  0.283853  0.0496763  0.088117  0.0558346  
6.78043  0.373158  4.3952  -0.730345  
19.7138  -0.095427  -0.31802  0.0380991  
36.2249  0.264979  -0.0679722  0.038214  
63.1951  0.52404  -0.307067  0.20175  
73.2797  0.683447  -0.246547  -0.124887  
99.1076  0.464189  -0.590975  0.181  
121.743  0.201053  -0.550899  -0.0177867  
147.013  0.190434  -0.297666  -0.180106  
163.309  0.0790183  -0.0798525  0.0139474  
177.424  -0.124702  -0.127356  0.0164821  
14.4508  -0.48578  -11.8134  3.07191  
-0.48578  0.735965  -0.449796  -0.303003  
-11.8134  -0.449796  11.8681  -2.17378  
3.07191  -0.303003  -2.17378  1.04988  
18.8792  -0.0456405  0.339833  -0.224036  
-0.0456405  0.575595  -0.239042  -0.0799562  
0.339833  -0.239042  0.139023  0.0418121  
-0.224036  -0.0799562  0.0418121  0.159683  
144.973  -0.57502  -0.49424  0.99413  
-0.57502  0.150166  -0.0190815  -0.0291511  
-0.49424  -0.0190815  0.0382187  -0.0168838  
0.99413  -0.0291511  -0.0168838  0.142669  
215.791  -0.562624  -3.52421  2.60303  
-0.562624  0.452691  -0.114973  0.0406375  
-3.52421  -0.114973  0.120181  -0.0537969  
2.60303  0.0406375  -0.0537969  0.0844361  
268.461  -1.43238  -1.82872  0.796482  
-1.43238  0.163224  0.00964387  0.00144055  
-1.82872  0.00964387  0.037686  -0.00354194  
0.796482  0.00144055  -0.00354194  0.110768  
62.4693  -1.4405  0.948584  0.551044  
-1.4405  0.619674  -0.138087  -0.0479987  
0.948584  -0.138087  0.10449  -0.0283331  
0.551044  -0.0479987  -0.0283331  0.189903  
435.995  -3.43863  -0.0360237  1.20555  
-3.43863  0.197219  -0.0155371  -0.0102925  
-0.0360237  -0.0155371  0.0803986  0.00145646  
1.20555  -0.0102925  0.00145646  0.068827  
117.78  -1.24971  -1.98157  -1.73583  
-1.24971  0.17611  0.0701171  0.0924291  
-1.98157  0.0701171  0.108321  0.0723485  
-1.73583  0.0924291  0.0723485  0.0881641  
55.7276  1.07291  0.734549  -0.436654  
1.07291  0.114263  0.0599156  0.00480782  
0.734549  0.0599156  0.142608  -0.00788028  
-0.436654  0.00480782  -0.00788028  0.0323791  
13.8949  -0.0439717  -0.146078  -0.109336  
-0.0439717  0.0924962  0.0589863  0.0477785  
-0.146078  0.0589863  0.184397  0.0263482  
-0.109336  0.0477785  0.0263482  0.0402464  
