4,183
1 0.562509 8.84373 -1.90549 
2 0.530154 8.07835 -1.70426 
3 0.497331 7.29239 -1.49888 
4 0.464168 6.4918 -1.29074 
5 0.430695 5.6794 -1.08065 
6 0.396839 4.85597 -0.869147 
7 0.362393 4.02091 -0.656821 
8 0.326934 3.17345 -0.44491 
9 0.289725 2.31585 -0.236596 
10 0.249691 1.46178 -0.0396805 
11 0.205829 0.6528 0.129398 
12 0.158655 -0.0250313 0.244469 
13 0.112232 -0.464155 0.282549 
14 0.0733564 -0.625714 0.249798 
15 0.0463981 -0.593116 0.183795 
16 0.0305913 -0.490942 0.120571 
17 0.0228526 -0.394088 0.0740885 
18 0.0207519 -0.323058 0.0430516 
19 0.0231839 -0.273953 0.0220671 
20 0.0300012 -0.23811 0.00666914 
21 0.0415946 -0.208746 -0.0057795 
22 0.0585861 -0.181844 -0.0164691 
23 0.0815216 -0.155554 -0.025644 
24 0.11045 -0.129553 -0.0329752 
25 0.144403 -0.104624 -0.0378647 
26 0.181033 -0.0822416 -0.0397717 
27 0.216847 -0.0639884 -0.0385496 
28 0.248255 -0.0508597 -0.0346296 
29 0.272891 -0.0428356 -0.0288951 
30 0.29028 -0.0390099 -0.0223251 
31 0.301494 -0.0381034 -0.0156744 
32 0.30829 -0.0389476 -0.00936309 
33 0.31239 -0.0407099 -0.00354321 
34 0.315135 -0.0428946 0.00178072 
35 0.317441 -0.0452502 0.00665534 
36 0.319887 -0.0476708 0.0111261 
37 0.32283 -0.0501275 0.0152186 
38 0.326496 -0.0526286 0.0189374 
39 0.331034 -0.055201 0.0222716 
40 0.336558 -0.0578816 0.0252012 
41 0.343155 -0.060715 0.0277032 
42 0.350894 -0.0637529 0.0297557 
43 0.359824 -0.0670535 0.0313417 
44 0.369968 -0.0706803 0.0324521 
45 0.381319 -0.0747008 0.0330881 
46 0.393829 -0.0791834 0.0332643 
47 0.40741 -0.0841944 0.0330098 
48 0.421926 -0.0897933 0.0323694 
49 0.437196 -0.0960288 0.0314028 
50 0.452999 -0.102934 0.0301834 
51 0.469078 -0.110524 0.0287942 
52 0.485161 -0.11879 0.027324 
53 0.500968 -0.127703 0.0258613 
54 0.516233 -0.137214 0.0244888 
55 0.530715 -0.147255 0.0232785 
56 0.544213 -0.157745 0.0222871 
57 0.556573 -0.168593 0.0215538 
58 0.567693 -0.17971 0.0210992 
59 0.577519 -0.191005 0.0209259 
60 0.586043 -0.202396 0.0210205 
61 0.593294 -0.213808 0.0213563 
62 0.599332 -0.225179 0.0218964 
63 0.604237 -0.236457 0.0225967 
64 0.6081 -0.247602 0.0234089 
65 0.611021 -0.258586 0.0242827 
66 0.613098 -0.269389 0.0251681 
67 0.614427 -0.280003 0.0260164 
68 0.615097 -0.290425 0.0267815 
69 0.615189 -0.300662 0.0274203 
70 0.614777 -0.310726 0.0278929 
71 0.613925 -0.320639 0.0281631 
72 0.612691 -0.330427 0.0281985 
73 0.611126 -0.340128 0.0279704 
74 0.609276 -0.349784 0.0274547 
75 0.607182 -0.359449 0.0266322 
76 0.604882 -0.369185 0.0254902 
77 0.602411 -0.379061 0.0240239 
78 0.599798 -0.38915 0.0222392 
79 0.597066 -0.399527 0.0201557 
80 0.594228 -0.410257 0.01781 
81 0.591282 -0.42139 0.0152586 
82 0.588207 -0.432945 0.0125808 
83 0.584957 -0.444899 0.00987906 
84 0.581457 -0.457173 0.00727592 
85 0.577601 -0.469626 0.00490811 
86 0.57326 -0.482055 0.00291577 
87 0.568285 -0.494203 0.00142873 
88 0.562526 -0.505781 0.00055157 
89 0.555843 -0.51649 0.000350011 
90 0.548124 -0.526059 0.000841547 
91 0.5393 -0.534266 0.00199205 
92 0.529348 -0.540961 0.00371879 
93 0.518294 -0.546077 0.00589874 
94 0.506214 -0.549628 0.00838006 
95 0.493216 -0.551699 0.0109945 
96 0.479444 -0.552436 0.0135693 
97 0.465055 -0.552025 0.0159363 
98 0.450224 -0.550683 0.0179405 
99 0.435128 -0.548637 0.0194454 
100 0.419943 -0.546121 0.0203381 
101 0.404845 -0.543359 0.0205336 
102 0.389997 -0.540563 0.019979 
103 0.375553 -0.537924 0.0186573 
104 0.361645 -0.535602 0.016591 
105 0.348386 -0.533724 0.0138437 
106 0.335858 -0.532377 0.0105202 
107 0.32411 -0.531603 0.00676245 
108 0.313156 -0.531397 0.0027419 
109 0.302972 -0.531712 -0.00135163 
110 0.293503 -0.532463 -0.00532433 
111 0.284666 -0.533535 -0.00899347 
112 0.276361 -0.534796 -0.0122013 
113 0.268483 -0.53611 -0.0148255 
114 0.260928 -0.537346 -0.0167851 
115 0.253606 -0.538388 -0.018041 
116 0.246444 -0.539136 -0.0185924 
117 0.23939 -0.539515 -0.0184701 
118 0.232413 -0.539466 -0.0177282 
119 0.2255 -0.538948 -0.0164364 
120 0.218654 -0.537932 -0.0146724 
121 0.21189 -0.536401 -0.0125176 
122 0.205233 -0.534343 -0.0100532 
123 0.198708 -0.531752 -0.00735859 
124 0.192347 -0.528629 -0.00451137 
125 0.186175 -0.524979 -0.00158768 
126 0.180218 -0.520818 0.00133682 
127 0.174494 -0.516168 0.00418589 
128 0.169017 -0.511066 0.00688216 
129 0.163788 -0.505561 0.00934698 
130 0.158804 -0.499721 0.0115012 
131 0.154049 -0.493625 0.0132664 
132 0.149496 -0.48737 0.0145675 
133 0.145107 -0.481066 0.0153352 
134 0.140833 -0.474831 0.0155093 
135 0.13661 -0.46879 0.0150425 
136 0.132364 -0.463067 0.0139035 
137 0.128006 -0.457779 0.0120808 
138 0.123434 -0.45303 0.00958561 
139 0.11853 -0.448905 0.00645517 
140 0.113164 -0.445456 0.00275504 
141 0.107195 -0.4427 -0.0014182 
142 0.100472 -0.440606 -0.00593521 
143 0.0928498 -0.439081 -0.0106329 
144 0.0841983 -0.437963 -0.0153159 
145 0.0744298 -0.437007 -0.0197608 
146 0.0635274 -0.435885 -0.0237272 
147 0.0515806 -0.434186 -0.0269742 
148 0.0388192 -0.431438 -0.0292867 
149 0.0256335 -0.427147 -0.0305061 
150 0.0125712 -0.420857 -0.0305623 
151 0.000299826 -0.412212 -0.0294976 
152 -0.0104656 -0.401022 -0.0274736 
153 -0.0190546 -0.387298 -0.024755 
154 -0.0249323 -0.371253 -0.0216732 
155 -0.027763 -0.353265 -0.0185778 
156 -0.0274332 -0.333812 -0.0157902 
157 -0.0240328 -0.313401 -0.0135689 
158 -0.0178085 -0.292511 -0.0120927 
159 -0.00910549 -0.271551 -0.0114606 
160 0.00168605 -0.250844 -0.0117018 
161 0.0141724 -0.230621 -0.0127909 
162 0.0279798 -0.211033 -0.0146615 
163 0.0427574 -0.192154 -0.0172127 
164 0.0581537 -0.17399 -0.0203026 
165 0.073745 -0.156478 -0.0237203 
166 0.0888848 -0.139494 -0.0271272 
167 0.102431 -0.122903 -0.029966 
168 0.112376 -0.106712 -0.0313773 
169 0.115645 -0.0913852 -0.0302603 
170 0.108733 -0.0781829 -0.0257118 
171 0.0897854 -0.0690709 -0.017869 
172 0.0608975 -0.0657376 -0.00843096 
173 0.0277166 -0.0683927 8.13287e-05 
174 -0.00390755 -0.0756992 0.00579244 
175 -0.030629 -0.0857941 0.00814993 
176 -0.0517066 -0.0971804 0.00754725 
177 -0.0678054 -0.108962 0.00470121 
178 -0.0799784 -0.120706 0.000285178 
179 -0.0891786 -0.132241 -0.00518289 
180 -0.0961169 -0.143534 -0.0113302 
181 -0.101266 -0.154614 -0.0178814 
182 -0.104907 -0.16556 -0.0246043 
183 -0.107178 -0.176516 -0.0312472 
