4,183
1 -0.0310303 0.0830515 -0.121693 
2 0.0211828 1.0511 -0.258741 
3 0.0733053 2.04586 -0.400143 
4 0.126063 3.06018 -0.545178 
5 0.180634 4.09396 -0.694653 
6 0.239336 5.15209 -0.851191 
7 0.306782 6.24044 -1.01997 
8 0.390961 7.34931 -1.20838 
9 0.500034 8.40483 -1.41867 
10 0.626106 9.21986 -1.62739 
11 0.732087 9.63033 -1.78342 
12 0.788274 9.73752 -1.86513 
13 0.803343 9.75882 -1.89923 
14 0.797773 9.79715 -1.91453 
15 0.78389 9.86321 -1.92353 
16 0.767006 9.94422 -1.92918 
17 0.749737 10.028 -1.93091 
18 0.734464 10.1049 -1.92685 
19 0.72466 10.1655 -1.9144 
20 0.725572 10.199 -1.89101 
21 0.743544 10.1956 -1.856 
22 0.782741 10.1542 -1.81315 
23 0.840776 10.0878 -1.77083 
24 0.908905 10.0181 -1.73729 
25 0.978062 9.96091 -1.71557 
26 1.04364 9.92018 -1.7037 
27 1.10511 9.89238 -1.69807 
28 1.16365 9.87245 -1.69574 
29 1.22054 9.85658 -1.69494 
30 1.27661 9.84256 -1.69478 
31 1.33234 9.82932 -1.69488 
32 1.38792 9.81636 -1.69506 
33 1.44346 9.8035 -1.69526 
34 1.49899 9.79068 -1.69548 
35 1.5545 9.77786 -1.6957 
36 1.61001 9.76506 -1.69593 
37 1.66551 9.75227 -1.69615 
38 1.72101 9.73949 -1.69638 
39 1.77649 9.72674 -1.69662 
40 1.83196 9.71402 -1.69686 
41 1.88741 9.70136 -1.69712 
42 1.94283 9.68878 -1.69741 
43 1.99824 9.67631 -1.69772 
44 2.05364 9.664 -1.69808 
45 2.10908 9.65192 -1.69852 
46 2.16462 9.64013 -1.69904 
47 2.22041 9.62871 -1.6997 
48 2.27669 9.61775 -1.70053 
49 2.3339 9.60728 -1.70159 
50 2.39269 9.59731 -1.70292 
51 2.45404 9.58768 -1.70456 
52 2.51936 9.57806 -1.70653 
53 2.59042 9.56783 -1.70878 
54 2.6693 9.55603 -1.7112 
55 2.75808 9.54137 -1.71357 
56 2.85832 9.5224 -1.7156 
57 2.97056 9.49778 -1.71692 
58 3.09399 9.4666 -1.7172 
59 3.22648 9.42865 -1.7162 
60 3.36506 9.38445 -1.71383 
61 3.50663 9.33506 -1.71016 
62 3.6485 9.28176 -1.70535 
63 3.78876 9.22584 -1.69962 
64 3.92626 9.16835 -1.69318 
65 4.0605 9.11013 -1.68624 
66 4.19143 9.05174 -1.67895 
67 4.31926 8.99355 -1.67142 
68 4.44433 8.93581 -1.66371 
69 4.56703 8.8787 -1.65589 
70 4.68771 8.82234 -1.64797 
71 4.80672 8.76686 -1.63995 
72 4.92435 8.7124 -1.6318 
73 5.04084 8.65909 -1.62348 
74 5.15642 8.60704 -1.61492 
75 5.27129 8.55623 -1.60604 
76 5.38566 8.50641 -1.59675 
77 5.49974 8.45678 -1.58698 
78 5.61382 8.40585 -1.57671 
79 5.72817 8.35122 -1.56604 
80 5.8431 8.28985 -1.55525 
81 5.95882 8.21887 -1.54473 
82 6.0754 8.1366 -1.53494 
83 6.19273 8.04333 -1.52622 
84 6.31059 7.94102 -1.51869 
85 6.42877 7.83246 -1.51228 
86 6.5471 7.72031 -1.5068 
87 6.66552 7.60655 -1.50205 
88 6.78402 7.49244 -1.49786 
89 6.90265 7.37862 -1.49415 
90 7.02151 7.26537 -1.49091 
91 7.14067 7.15276 -1.48825 
92 7.2602 7.04076 -1.48634 
93 7.3801 6.92935 -1.48552 
94 7.50022 6.81854 -1.48626 
95 7.62016 6.70849 -1.48914 
96 7.73911 6.59951 -1.4949 
97 7.85563 6.49212 -1.50419 
98 7.96757 6.38704 -1.51738 
99 8.07216 6.28508 -1.53411 
100 8.16664 6.18683 -1.55293 
101 8.24921 6.09236 -1.57127 
102 8.32005 6.00096 -1.58608 
103 8.38142 5.91125 -1.59479 
104 8.43685 5.82166 -1.5962 
105 8.48985 5.7308 -1.59053 
106 8.54308 5.63777 -1.57906 
107 8.59802 5.54205 -1.56348 
108 8.6552 5.44343 -1.5455 
109 8.71451 5.34184 -1.52665 
110 8.77547 5.23723 -1.50824 
111 8.83735 5.12965 -1.4914 
112 8.89936 5.01915 -1.47707 
113 8.96061 4.90594 -1.46601 
114 9.02026 4.79039 -1.45872 
115 9.07755 4.67311 -1.45534 
116 9.13193 4.5549 -1.4556 
117 9.18313 4.43671 -1.45878 
118 9.23125 4.31944 -1.46388 
119 9.27669 4.20382 -1.46973 
120 9.32004 4.09025 -1.47529 
121 9.36196 3.9788 -1.47981 
122 9.40302 3.86926 -1.48284 
123 9.44366 3.76126 -1.48428 
124 9.48416 3.65435 -1.48427 
125 9.52464 3.54811 -1.48306 
126 9.56514 3.44217 -1.48099 
127 9.60561 3.33626 -1.47842 
128 9.64596 3.23019 -1.47567 
129 9.68606 3.12386 -1.47307 
130 9.72578 3.01725 -1.47091 
131 9.76495 2.91039 -1.46945 
132 9.80342 2.80338 -1.46895 
133 9.84099 2.69638 -1.46965 
134 9.87747 2.58959 -1.47176 
135 9.91267 2.48325 -1.47546 
136 9.94638 2.37766 -1.48087 
137 9.9784 2.27311 -1.48808 
138 10.0086 2.16993 -1.49708 
139 10.0367 2.06842 -1.50779 
140 10.0628 1.96886 -1.52003 
141 10.0867 1.87147 -1.53355 
142 10.1083 1.77644 -1.54798 
143 10.1279 1.68387 -1.5629 
144 10.1454 1.59378 -1.57783 
145 10.161 1.50613 -1.59226 
146 10.1748 1.42084 -1.60569 
147 10.1871 1.33776 -1.61761 
148 10.198 1.25674 -1.62759 
149 10.2078 1.17765 -1.63526 
150 10.2167 1.10035 -1.64033 
151 10.2248 1.02477 -1.6426 
152 10.2323 0.950881 -1.642 
153 10.2393 0.878721 -1.63853 
154 10.2459 0.80838 -1.63231 
155 10.2523 0.740001 -1.62357 
156 10.2585 0.673764 -1.6126 
157 10.2645 0.609876 -1.59977 
158 10.2704 0.548546 -1.5855 
159 10.2762 0.489971 -1.57024 
160 10.2819 0.434317 -1.55447 
161 10.2876 0.381708 -1.53863 
162 10.2932 0.332212 -1.52319 
163 10.2987 0.285836 -1.50854 
164 10.3043 0.24252 -1.49506 
165 10.3097 0.202145 -1.48304 
166 10.3152 0.164528 -1.47276 
167 10.3206 0.129436 -1.46441 
168 10.3261 0.0965868 -1.45814 
169 10.3315 0.0656589 -1.45405 
170 10.3369 0.0363003 -1.45218 
171 10.3424 0.00813439 -1.45255 
172 10.348 -0.0192333 -1.45513 
173 10.3536 -0.0462092 -1.45987 
174 10.3593 -0.0732069 -1.46669 
175 10.3651 -0.100643 -1.47549 
176 10.371 -0.128931 -1.48615 
177 10.377 -0.158481 -1.49854 
178 10.3832 -0.189693 -1.5125 
179 10.3896 -0.222951 -1.52789 
180 10.3962 -0.25862 -1.54454 
181 10.403 -0.297039 -1.56226 
182 10.41 -0.338513 -1.58087 
183 10.4172 -0.383306 -1.60017 
