4  10
0.0459509  0.147874  0.154118  0.0786131  0.086128  0.0987901  0.0620116  0.153426  0.0864839  0.0866043  
6.24163  0.206339  5.08061  -0.444896  
31.8769  0.109912  9.86702  -0.334482  
68.9671  -0.144329  9.7542  0.729046  
93.5106  0.366291  10.3319  0.390372  
120.474  4.91733  7.64725  -1.00877  
148.023  7.75517  6.61568  -0.726471  
173.472  9.03218  4.43347  -0.581827  
183.01  6.26568  7.77062  -0.0778762  
213.61  1.84821  9.41649  0.687898  
227.587  -3.47089  8.88381  0.694412  
11.0746  0.397348  10.5865  -0.98945  
0.397348  0.0497292  0.376844  -0.0891936  
10.5865  0.376844  10.6073  -0.931297  
-0.98945  -0.0891936  -0.931297  0.287623  
165.673  -2.51158  -1.55135  4.95319  
-2.51158  0.193489  0.0300427  -0.284696  
-1.55135  0.0300427  0.0377905  -0.0705379  
4.95319  -0.284696  -0.0705379  0.806474  
260.386  -3.00013  -0.149127  6.49717  
-3.00013  0.0881088  0.0079053  -0.106295  
-0.149127  0.0079053  0.0215523  -0.020641  
6.49717  -0.106295  -0.020641  0.243845  
174.189  4.25943  1.98232  1.61033  
4.25943  1.52083  -0.628806  -0.496731  
1.98232  -0.628806  0.533249  0.233482  
1.61033  -0.496731  0.233482  0.900127  
106.946  22.7921  -13.0707  0.906056  
22.7921  5.21872  -2.90604  0.156399  
-13.0707  -2.90604  2.05291  0.0549736  
0.906056  0.156399  0.0549736  0.128696  
296.171  7.88913  -9.75779  0.581273  
7.88913  0.320157  -0.366229  0.0151064  
-9.75779  -0.366229  0.455515  -0.00524039  
0.581273  0.0151064  -0.00524039  0.0205086  
467.486  -13.2415  23.5675  5.7089  
-13.2415  0.69137  -1.29559  -0.352326  
23.5675  -1.29559  2.54017  0.688732  
5.7089  -0.352326  0.688732  0.269315  
1010.9  -2.96961  1.13479  7.205  
-2.96961  0.894682  -0.599848  -0.149788  
1.13479  -0.599848  0.423719  0.0905822  
7.205  -0.149788  0.0905822  0.225076  
519.531  -2.90339  -0.291601  4.86274  
-2.90339  2.68838  -0.371315  -0.147125  
-0.291601  -0.371315  0.0884776  -0.0111642  
4.86274  -0.147125  -0.0111642  0.180178  
247.859  -7.73054  -3.67957  -0.374954  
-7.73054  1.44843  0.599112  0.175537  
-3.67957  0.599112  0.280503  0.0508826  
-0.374954  0.175537  0.0508826  0.258481  
