4,249
1 0.362544 9.09652 -0.803012 
2 0.328622 8.35508 -0.733099 
3 0.291427 7.50597 -0.651767 
4 0.252467 6.5963 -0.56394 
5 0.212543 5.65017 -0.472122 
6 0.172121 4.67963 -0.377524 
7 0.131548 3.69025 -0.280632 
8 0.0912483 2.68537 -0.181623 
9 0.0520691 1.67427 -0.0811669 
10 0.0159702 0.695955 0.0171342 
11 -0.0132399 -0.133299 0.101658 
12 -0.0317644 -0.622295 0.15243 
13 -0.0417411 -0.71063 0.162181 
14 -0.0502703 -0.594423 0.15062 
15 -0.0608713 -0.466801 0.138139 
16 -0.0728647 -0.380102 0.130659 
17 -0.0847677 -0.322993 0.127209 
18 -0.0954871 -0.279126 0.126122 
19 -0.104186 -0.23937 0.126449 
20 -0.109985 -0.200028 0.127839 
21 -0.111775 -0.160234 0.130279 
22 -0.108231 -0.120678 0.133892 
23 -0.0981901 -0.0832648 0.138762 
24 -0.0815589 -0.0509267 0.144703 
25 -0.0604194 -0.026752 0.151065 
26 -0.0390453 -0.0122306 0.156838 
27 -0.0218724 -0.00604862 0.161167 
28 -0.0110612 -0.00500268 0.1638 
29 -0.00611505 -0.00605356 0.165043 
30 -0.00526474 -0.00744122 0.165387 
31 -0.00678693 -0.00853403 0.165239 
32 -0.00950732 -0.00927155 0.16485 
33 -0.0127699 -0.00976454 0.164351 
34 -0.0162547 -0.0101229 0.163799 
35 -0.0198216 -0.0104149 0.163216 
36 -0.023414 -0.0106736 0.162607 
37 -0.0270103 -0.0109118 0.161972 
38 -0.0306015 -0.0111325 0.161305 
39 -0.0341827 -0.0113337 0.1606 
40 -0.0377496 -0.0115116 0.15985 
41 -0.0412968 -0.0116609 0.159044 
42 -0.0448179 -0.0117747 0.158172 
43 -0.0483044 -0.0118449 0.157221 
44 -0.0517456 -0.0118618 0.156176 
45 -0.0551278 -0.0118138 0.15502 
46 -0.0584338 -0.0116872 0.153734 
47 -0.0616423 -0.0114659 0.152296 
48 -0.0647273 -0.0111318 0.150683 
49 -0.0676567 -0.0106639 0.148869 
50 -0.0703927 -0.010039 0.146827 
51 -0.0728903 -0.00923183 0.14453 
52 -0.0750975 -0.00821534 0.141949 
53 -0.0769552 -0.00696165 0.13906 
54 -0.0783977 -0.00544322 0.13584 
55 -0.0793543 -0.00363426 0.132272 
56 -0.0797507 -0.00151269 0.128347 
57 -0.0795124 0.000937798 0.124063 
58 -0.0785681 0.00372545 0.119433 
59 -0.0768541 0.00684839 0.114481 
60 -0.0743182 0.0102928 0.109243 
61 -0.0709247 0.0140321 0.10377 
62 -0.066657 0.0180266 0.0981224 
63 -0.0615203 0.0222249 0.0923677 
64 -0.0555412 0.0265657 0.0865769 
65 -0.0487663 0.0309814 0.0808192 
66 -0.0412588 0.0354011 0.0751573 
67 -0.0330938 0.0397551 0.0696432 
68 -0.0243525 0.0439778 0.0643142 
69 -0.0151169 0.0480112 0.0591908 
70 -0.0054648 0.0518063 0.0542753 
71 0.00453428 0.0553244 0.0495514 
72 0.0148219 0.0585373 0.0449844 
73 0.0253522 0.0614266 0.0405218 
74 0.0360931 0.0639824 0.0360935 
75 0.0470258 0.066202 0.0316118 
76 0.0581445 0.0680873 0.026971 
77 0.0694568 0.0696433 0.0220457 
78 0.080983 0.0708746 0.0166888 
79 0.0927574 0.0717828 0.0107297 
80 0.10483 0.0723621 0.00397117 
81 0.11727 0.0725939 -0.00381164 
82 0.130171 0.0724411 -0.0128715 
83 0.143653 0.0718397 -0.0234858 
84 0.157873 0.0706898 -0.0359486 
85 0.173033 0.0688457 -0.0505556 
86 0.189381 0.0661061 -0.0675805 
87 0.207213 0.0622072 -0.087242 
88 0.226876 0.0568204 -0.10966 
89 0.248746 0.0495589 -0.134808 
90 0.273212 0.0399961 -0.162462 
91 0.300635 0.0276977 -0.192171 
92 0.33131 0.012265 -0.223236 
93 0.365418 -0.00661449 -0.254746 
94 0.402993 -0.02912 -0.285631 
95 0.443903 -0.0552645 -0.314765 
96 0.487857 -0.084884 -0.341076 
97 0.534429 -0.117653 -0.363651 
98 0.583111 -0.15312 -0.381808 
99 0.633359 -0.190757 -0.395135 
100 0.684637 -0.230006 -0.403477 
101 0.736455 -0.270323 -0.406903 
102 0.788377 -0.311197 -0.405644 
103 0.840029 -0.352167 -0.400041 
104 0.891082 -0.392816 -0.390485 
105 0.94123 -0.432757 -0.37738 
106 0.990163 -0.471617 -0.361114 
107 1.03753 -0.50901 -0.342045 
108 1.08293 -0.544521 -0.320501 
109 1.12582 -0.57768 -0.296781 
110 1.16557 -0.60795 -0.271171 
111 1.20137 -0.634721 -0.243967 
112 1.23224 -0.657322 -0.215491 
113 1.2571 -0.675048 -0.186117 
114 1.27475 -0.687215 -0.15629 
115 1.28402 -0.693237 -0.126529 
116 1.28387 -0.692723 -0.0974262 
117 1.27357 -0.68557 -0.0696087 
118 1.25283 -0.672039 -0.0436955 
119 1.22192 -0.652777 -0.0202326 
120 1.18169 -0.628774 0.000367389 
121 1.13346 -0.601264 0.0178701 
122 1.0789 -0.571571 0.0322358 
123 1.01981 -0.540963 0.0436045 
124 0.95791 -0.510522 0.0522552 
125 0.894699 -0.481069 0.0585536 
126 0.83137 -0.453138 0.062899 
127 0.768785 -0.426994 0.0656817 
128 0.707499 -0.402682 0.0672535 
129 0.647818 -0.380074 0.0679132 
130 0.589863 -0.358929 0.0679014 
131 0.533633 -0.338935 0.0674038 
132 0.479061 -0.31975 0.0665585 
133 0.426058 -0.301023 0.0654646 
134 0.374549 -0.282417 0.0641915 
135 0.324499 -0.263623 0.0627868 
136 0.275929 -0.244376 0.0612843 
137 0.228924 -0.224461 0.0597094 
138 0.183641 -0.203729 0.0580848 
139 0.140299 -0.182106 0.0564343 
140 0.0991666 -0.159605 0.0547849 
141 0.0605418 -0.136327 0.0531692 
142 0.0247182 -0.112465 0.0516245 
143 -0.00804874 -0.0882939 0.0501917 
144 -0.0375781 -0.064148 0.0489128 
145 -0.0637936 -0.0403953 0.0478271 
146 -0.0867424 -0.0174024 0.0469679 
147 -0.106597 0.00450085 0.0463588 
148 -0.123642 0.0250497 0.0460122 
149 -0.138246 0.044064 0.0459287 
150 -0.150825 0.0614549 0.0460978 
151 -0.16181 0.0772192 0.0465005 
152 -0.171609 0.0914257 0.0471113 
153 -0.180592 0.104196 0.0479017 
154 -0.189071 0.115683 0.0488424 
155 -0.197299 0.126056 0.0499051 
156 -0.20547 0.135482 0.0510639 
157 -0.213727 0.144117 0.0522959 
158 -0.222168 0.152102 0.0535815 
159 -0.230859 0.159556 0.0549046 
160 -0.239838 0.166576 0.0562515 
161 -0.249123 0.173239 0.0576113 
162 -0.25872 0.179606 0.0589751 
163 -0.268625 0.185718 0.0603355 
164 -0.278826 0.191607 0.0616866 
165 -0.289309 0.19729 0.0630234 
166 -0.300056 0.202777 0.0643415 
167 -0.311048 0.208071 0.0656372 
168 -0.322262 0.21317 0.0669071 
169 -0.333676 0.218067 0.0681482 
170 -0.345266 0.222753 0.0693577 
171 -0.357005 0.227218 0.070533 
172 -0.368867 0.231449 0.0716719 
173 -0.380824 0.235433 0.0727723 
174 -0.392846 0.23916 0.0738326 
175 -0.404903 0.242616 0.0748514 
176 -0.416964 0.24579 0.0758282 
177 -0.428998 0.248674 0.076763 
178 -0.440974 0.251257 0.0776568 
179 -0.452862 0.253535 0.0785119 
180 -0.464631 0.255503 0.0793322 
181 -0.476255 0.257158 0.0801236 
182 -0.487706 0.258501 0.0808945 
183 -0.498962 0.259536 0.0816568 
184 -0.510003 0.260268 0.0824257 
185 -0.520812 0.260706 0.0832213 
186 -0.531378 0.260863 0.0840688 
187 -0.541693 0.260754 0.0849993 
188 -0.551757 0.260399 0.08605 
189 -0.561571 0.259817 0.0872643 
190 -0.571145 0.259031 0.0886919 
191 -0.580491 0.258067 0.0903867 
192 -0.589624 0.256948 0.0924061 
193 -0.598563 0.255696 0.0948068 
194 -0.607327 0.254328 0.0976414 
195 -0.615932 0.252858 0.100953 
196 -0.624388 0.251287 0.104769 
197 -0.632698 0.249606 0.109092 
198 -0.640855 0.247794 0.113896 
199 -0.648836 0.245811 0.119116 
200 -0.656601 0.243603 0.124648 
201 -0.664095 0.241096 0.13034 
202 -0.671247 0.238207 0.135997 
203 -0.677969 0.23484 0.141387 
204 -0.684167 0.230893 0.146249 
205 -0.689739 0.226268 0.150307 
206 -0.694589 0.220873 0.153286 
207 -0.698628 0.214631 0.154929 
208 -0.701784 0.207484 0.155013 
209 -0.704004 0.199395 0.153363 
210 -0.705262 0.190351 0.149862 
211 -0.705557 0.180361 0.144453 
212 -0.704913 0.169452 0.137149 
213 -0.703379 0.157668 0.128025 
214 -0.701025 0.145063 0.117219 
215 -0.697939 0.131697 0.104932 
216 -0.694219 0.117641 0.0914253 
217 -0.689972 0.102973 0.0770291 
218 -0.685305 0.0877883 0.0621432 
219 -0.680316 0.0722122 0.0472435 
220 -0.67509 0.0564154 0.0328809 
221 -0.669683 0.0406316 0.0196643 
222 -0.664115 0.0251692 0.00822188 
223 -0.658369 0.0104064 -0.000866791 
224 -0.652383 -0.00323444 -0.00715992 
225 -0.64607 -0.0153396 -0.0104431 
226 -0.639336 -0.0255692 -0.0107862 
227 -0.632099 -0.0337171 -0.00854009 
228 -0.624315 -0.0397414 -0.00426672 
229 -0.615984 -0.0437566 0.00137275 
230 -0.607145 -0.0459939 0.00773321 
231 -0.597869 -0.0467467 0.0142705 
232 -0.58824 -0.0463201 0.0205824 
233 -0.578346 -0.0449951 0.0264107 
234 -0.568269 -0.0430096 0.031619 
235 -0.55808 -0.0405532 0.0361618 
236 -0.54784 -0.0377703 0.0400534 
237 -0.537601 -0.0347672 0.0433434 
238 -0.527403 -0.0316206 0.046098 
239 -0.517283 -0.0283851 0.048389 
240 -0.507276 -0.0250996 0.0502858 
241 -0.497414 -0.0217927 0.0518524 
242 -0.48773 -0.018486 0.053145 
243 -0.478264 -0.0151979 0.0542125 
244 -0.46906 -0.0119452 0.0550964 
245 -0.460173 -0.00874592 0.0558316 
246 -0.451668 -0.00562026 0.0564475 
247 -0.443628 -0.00259311 0.0569687 
248 -0.436155 0.000304182 0.057416 
249 -0.429378 0.00303139 0.0578071 
