4,249
1 0.0964241 1.47782 -0.155324 
2 0.111505 2.05387 -0.196809 
3 0.134735 2.77811 -0.257008 
4 0.162988 3.59304 -0.328707 
5 0.19446 4.46522 -0.407727 
6 0.228097 5.37463 -0.491595 
7 0.263211 6.30738 -0.578656 
8 0.299163 7.2495 -0.667309 
9 0.334952 8.17887 -0.75503 
10 0.368569 9.05294 -0.836858 
11 0.396199 9.79516 -0.903616 
12 0.41233 10.3016 -0.942423 
13 0.412766 10.5041 -0.944086 
14 0.399302 10.4552 -0.913851 
15 0.379075 10.3016 -0.869088 
16 0.358402 10.161 -0.824466 
17 0.339676 10.0705 -0.785118 
18 0.322786 10.0209 -0.750377 
19 0.306999 9.99448 -0.718298 
20 0.29175 9.97868 -0.687445 
21 0.276741 9.96706 -0.657066 
22 0.261845 9.95689 -0.626834 
23 0.24702 9.94715 -0.596628 
24 0.232259 9.93753 -0.566404 
25 0.217567 9.92793 -0.536148 
26 0.202955 9.91833 -0.505853 
27 0.188437 9.90872 -0.475514 
28 0.174029 9.89911 -0.445126 
29 0.15975 9.88949 -0.414685 
30 0.145623 9.87988 -0.384186 
31 0.131674 9.87028 -0.353623 
32 0.117934 9.86071 -0.322991 
33 0.104439 9.85117 -0.292286 
34 0.0912278 9.84169 -0.261504 
35 0.0783472 9.83228 -0.230641 
36 0.0658486 9.82297 -0.199696 
37 0.0537888 9.8138 -0.168669 
38 0.0422298 9.80479 -0.137565 
39 0.0312373 9.79602 -0.10639 
40 0.0208788 9.78751 -0.0751592 
41 0.0112211 9.77935 -0.0438901 
42 0.00232652 9.7716 -0.0126097 
43 -0.00575248 9.76435 0.0186472 
44 -0.0129785 9.75765 0.0498367 
45 -0.0193358 9.75161 0.0809061 
46 -0.0248367 9.74629 0.111795 
47 -0.0295265 9.74177 0.142434 
48 -0.0334871 9.73807 0.172755 
49 -0.0368369 9.73524 0.202685 
50 -0.0397276 9.73327 0.232156 
51 -0.0423365 9.73213 0.26111 
52 -0.0448552 9.73176 0.289498 
53 -0.0474774 9.73211 0.317284 
54 -0.0503843 9.73305 0.344449 
55 -0.0537335 9.73451 0.370982 
56 -0.0576491 9.73636 0.396886 
57 -0.0622163 9.73853 0.422167 
58 -0.0674796 9.74092 0.446837 
59 -0.0734444 9.74348 0.470903 
60 -0.0800805 9.74617 0.494366 
61 -0.0873269 9.74896 0.517221 
62 -0.0950976 9.75186 0.53945 
63 -0.103286 9.75488 0.561026 
64 -0.111771 9.75805 0.581908 
65 -0.120415 9.76142 0.602044 
66 -0.129075 9.76504 0.621373 
67 -0.137594 9.76899 0.639823 
68 -0.145813 9.77332 0.657314 
69 -0.153561 9.77811 0.673764 
70 -0.160667 9.78344 0.689083 
71 -0.166952 9.78938 0.703187 
72 -0.172235 9.79601 0.71599 
73 -0.176338 9.80338 0.727416 
74 -0.179082 9.81157 0.737395 
75 -0.180299 9.82061 0.74587 
76 -0.179826 9.83055 0.752802 
77 -0.177518 9.84143 0.758164 
78 -0.173248 9.85325 0.76195 
79 -0.166912 9.86603 0.764171 
80 -0.15843 9.87973 0.764854 
81 -0.147753 9.89436 0.764041 
82 -0.134859 9.90985 0.761784 
83 -0.119754 9.92618 0.758138 
84 -0.102472 9.94327 0.753155 
85 -0.0830648 9.96106 0.746875 
86 -0.0615985 9.97946 0.739316 
87 -0.0381408 9.99839 0.730464 
88 -0.0127474 10.0177 0.720257 
89 0.0145566 10.0373 0.708578 
90 0.0437988 10.0571 0.695239 
91 0.0750877 10.0767 0.67997 
92 0.108646 10.0959 0.662409 
93 0.144847 10.1143 0.642094 
94 0.184262 10.1313 0.618464 
95 0.227697 10.1464 0.590867 
96 0.276238 10.1585 0.558577 
97 0.331277 10.1666 0.520834 
98 0.394517 10.1694 0.476902 
99 0.467945 10.1653 0.42614 
100 0.553749 10.1525 0.368105 
101 0.654181 10.1292 0.302656 
102 0.77137 10.0937 0.230045 
103 0.907086 10.0446 0.150995 
104 1.06251 9.98065 0.0667128 
105 1.23801 9.90145 -0.0211601 
106 1.4331 9.80718 -0.110663 
107 1.64637 9.69873 -0.19969 
108 1.87565 9.5776 -0.286181 
109 2.11826 9.44576 -0.368303 
110 2.37122 9.30542 -0.444586 
111 2.63157 9.15884 -0.513988 
112 2.89655 9.00818 -0.575908 
113 3.16377 8.85537 -0.630146 
114 3.43124 8.70201 -0.676821 
115 3.69739 8.54944 -0.716293 
116 3.96104 8.39865 -0.749078 
117 4.22132 8.25045 -0.775777 
118 4.47759 8.1054 -0.797017 
119 4.72934 7.96397 -0.813418 
120 4.97616 7.82654 -0.825562 
121 5.21762 7.69341 -0.833982 
122 5.45328 7.56494 -0.839153 
123 5.68257 7.44146 -0.841496 
124 5.9048 7.32339 -0.84138 
125 6.11913 7.21117 -0.839125 
126 6.32456 7.1053 -0.835018 
127 6.51993 7.00635 -0.829312 
128 6.70397 6.91486 -0.82224 
129 6.87533 6.83139 -0.814021 
130 7.03266 6.75641 -0.804865 
131 7.17471 6.69028 -0.794978 
132 7.30047 6.63318 -0.784562 
133 7.40924 6.58506 -0.773816 
134 7.50079 6.54558 -0.762929 
135 7.57541 6.51416 -0.752077 
136 7.63392 6.48991 -0.741416 
137 7.67767 6.47174 -0.731071 
138 7.70843 6.45845 -0.721135 
139 7.72822 6.44875 -0.711664 
140 7.73925 6.44142 -0.702676 
141 7.74363 6.43534 -0.694157 
142 7.74334 6.42959 -0.686066 
143 7.74007 6.42347 -0.67834 
144 7.73519 6.41648 -0.670902 
145 7.72974 6.40836 -0.663669 
146 7.72441 6.39902 -0.656558 
147 7.7196 6.38852 -0.649484 
148 7.7155 6.37703 -0.64237 
149 7.71208 6.36481 -0.635147 
150 7.70919 6.35218 -0.62775 
151 7.70657 6.33946 -0.620122 
152 7.70392 6.32701 -0.612213 
153 7.70088 6.31517 -0.60398 
154 7.69711 6.30428 -0.595385 
155 7.69226 6.29465 -0.586392 
156 7.686 6.28658 -0.576973 
157 7.678 6.28036 -0.567103 
158 7.66798 6.27622 -0.556757 
159 7.65568 6.27441 -0.545918 
160 7.64084 6.27513 -0.534569 
161 7.62325 6.27857 -0.522698 
162 7.60272 6.2849 -0.510295 
163 7.57908 6.29427 -0.497353 
164 7.55218 6.30678 -0.48387 
165 7.5219 6.32253 -0.469846 
166 7.48813 6.34159 -0.455283 
167 7.4508 6.36401 -0.440189 
168 7.40983 6.38979 -0.424574 
169 7.36519 6.41894 -0.408451 
170 7.31685 6.45141 -0.391834 
171 7.26479 6.48713 -0.374741 
172 7.20903 6.52603 -0.357192 
173 7.14956 6.568 -0.339208 
174 7.08642 6.61288 -0.320811 
175 7.01964 6.66055 -0.302023 
176 6.94924 6.71083 -0.282866 
177 6.87524 6.76354 -0.263362 
178 6.79768 6.81848 -0.243531 
179 6.71657 6.87546 -0.223393 
180 6.6319 6.93427 -0.202965 
181 6.54367 6.99471 -0.182264 
182 6.45186 7.05657 -0.161302 
183 6.35641 7.11965 -0.140093 
184 6.25726 7.18374 -0.118646 
185 6.15434 7.24865 -0.0969723 
186 6.04755 7.31419 -0.0750795 
187 5.93677 7.38017 -0.0529762 
188 5.8219 7.4464 -0.0306714 
189 5.70281 7.51272 -0.00817516 
190 5.57937 7.57895 0.0145006 
191 5.45147 7.6449 0.0373412 
192 5.319 7.71043 0.0603285 
193 5.1819 7.77534 0.0834404 
194 5.04011 7.83948 0.10665 
195 4.89363 7.90267 0.129925 
196 4.74251 7.96474 0.153228 
197 4.58683 8.02553 0.176516 
198 4.42676 8.08486 0.19974 
199 4.26253 8.14258 0.222849 
200 4.09441 8.19851 0.245783 
201 3.92278 8.2525 0.268481 
202 3.74804 8.30442 0.290882 
203 3.5707 8.35412 0.31292 
204 3.39127 8.40149 0.334532 
205 3.21034 8.44642 0.355655 
206 3.02853 8.48884 0.37623 
207 2.84646 8.52867 0.396202 
208 2.66477 8.56588 0.415521 
209 2.48411 8.60043 0.434145 
210 2.3051 8.63233 0.452037 
211 2.12833 8.6616 0.469169 
212 1.95437 8.68827 0.485521 
213 1.78373 8.7124 0.501079 
214 1.61688 8.73407 0.515839 
215 1.45424 8.75335 0.529803 
216 1.29617 8.77034 0.542979 
217 1.14298 8.78515 0.555383 
218 0.994907 8.79788 0.567034 
219 0.852165 8.80867 0.577957 
220 0.7149 8.81762 0.588179 
221 0.583223 8.82485 0.597733 
222 0.4572 8.83048 0.606651 
223 0.336864 8.83464 0.614969 
224 0.222221 8.83743 0.622722 
225 0.113248 8.83896 0.629946 
226 0.00990438 8.83935 0.63668 
227 -0.0878668 8.83869 0.642958 
228 -0.180133 8.83707 0.648816 
229 -0.266972 8.8346 0.65429 
230 -0.348464 8.83135 0.659413 
231 -0.424692 8.82741 0.664219 
232 -0.495738 8.82285 0.668738 
233 -0.561678 8.81775 0.673002 
234 -0.622589 8.81216 0.677039 
235 -0.678534 8.80615 0.680877 
236 -0.729575 8.79977 0.684545 
237 -0.775759 8.79309 0.688067 
238 -0.817127 8.78615 0.691468 
239 -0.853707 8.779 0.694771 
240 -0.885518 8.77169 0.698001 
241 -0.912568 8.76424 0.701178 
242 -0.93485 8.75672 0.704324 
243 -0.95235 8.74914 0.70746 
244 -0.965039 8.74155 0.710605 
245 -0.97288 8.73398 0.713779 
246 -0.975824 8.72646 0.717001 
247 -0.973811 8.71902 0.720288 
248 -0.966774 8.7117 0.723659 
249 -0.954637 8.7045 0.72713 
